  -61.298  -61.182  -61.064  -60.944  -60.824  -60.703  -60.581  -60.460  -60.340  -60.220  -60.101  -59.985  -59.871  -59.759  -59.651  -59.547  -59.447
  -61.530  -61.378  -61.222  -61.065  -60.906  -60.745  -60.584  -60.423  -60.262  -60.103  -59.945  -59.789  -59.636  -59.487  -59.342  -59.201  -59.065
  -61.773  -61.584  -61.390  -61.193  -60.994  -60.792  -60.590  -60.388  -60.187  -59.986  -59.788  -59.592  -59.400  -59.212  -59.029  -58.852  -58.681
  -62.028  -61.799  -61.566  -61.329  -61.088  -60.846  -60.602  -60.358  -60.114  -59.872  -59.633  -59.397  -59.165  -58.938  -58.717  -58.503  -58.297
  -62.289  -62.022  -61.748  -61.470  -61.188  -60.903  -60.616  -60.329  -60.043  -59.759  -59.477  -59.200  -58.927  -58.661  -58.402  -58.152  -57.910
  -62.558  -62.250  -61.936  -61.615  -61.290  -60.962  -60.632  -60.301  -59.972  -59.644  -59.320  -59.000  -58.687  -58.381  -58.083  -57.795  -57.517
  -62.833  -62.484  -62.128  -61.765  -61.396  -61.024  -60.649  -60.274  -59.900  -59.528  -59.160  -58.798  -58.442  -58.095  -57.758  -57.433  -57.119
  -63.114  -62.724  -62.325  -61.918  -61.505  -61.087  -60.667  -60.247  -59.827  -59.410  -58.997  -58.591  -58.193  -57.805  -57.428  -57.064  -56.714
  -63.401  -62.969  -62.527  -62.075  -61.617  -61.153  -60.687  -60.219  -59.753  -59.290  -58.832  -58.381  -57.940  -57.509  -57.092  -56.689  -56.302
  -63.695  -63.220  -62.733  -62.236  -61.731  -61.221  -60.706  -60.191  -59.677  -59.167  -58.663  -58.167  -57.681  -57.208  -56.749  -56.307  -55.883
  -63.995  -63.477  -62.945  -62.401  -61.849  -61.290  -60.727  -60.163  -59.600  -59.042  -58.490  -57.948  -57.417  -56.900  -56.400  -55.918  -55.457
  -64.271  -63.715  -63.143  -62.559  -61.965  -61.364  -60.759  -60.152  -59.547  -58.947  -58.354  -57.771  -57.202  -56.648  -56.112  -55.596  -55.103
  -64.540  -63.949  -63.341  -62.718  -62.085  -61.444  -60.799  -60.152  -59.506  -58.866  -58.234  -57.614  -57.008  -56.419  -55.850  -55.303  -54.781
  -64.809  -64.183  -63.539  -62.880  -62.209  -61.529  -60.844  -60.157  -59.473  -58.794  -58.124  -57.467  -56.825  -56.203  -55.602  -55.026  -54.476
  -65.076  -64.417  -63.738  -63.043  -62.334  -61.616  -60.893  -60.168  -59.446  -58.729  -58.023  -57.330  -56.654  -55.999  -55.368  -54.763  -54.188
  -65.358  -64.662  -63.944  -63.208  -62.457  -61.697  -60.931  -60.163  -59.397  -58.638  -57.890  -57.157  -56.442  -55.750  -55.084  -54.447  -53.842
  -65.673  -64.931  -64.165  -63.379  -62.578  -61.765  -60.946  -60.124  -59.306  -58.494  -57.695  -56.912  -56.149  -55.411  -54.701  -54.023  -53.380
  -65.996  -65.207  -64.392  -63.556  -62.702  -61.836  -60.962  -60.086  -59.213  -58.348  -57.496  -56.662  -55.851  -55.066  -54.312  -53.592  -52.910
  -66.327  -65.491  -64.626  -63.738  -62.830  -61.909  -60.980  -60.048  -59.119  -58.200  -57.294  -56.408  -55.546  -54.714  -53.914  -53.153  -52.432
  -66.667  -65.783  -64.867  -63.925  -62.963  -61.985  -60.999  -60.010  -59.024  -58.048  -57.087  -56.148  -55.235  -54.354  -53.510  -52.705  -51.945
  -67.016  -66.082  -65.114  -64.118  -63.099  -62.064  -61.019  -59.971  -58.927  -57.893  -56.876  -55.882  -54.917  -53.987  -53.096  -52.249  -51.450
  -67.374  -66.390  -65.369  -64.317  -63.240  -62.146  -61.041  -59.932  -58.828  -57.734  -56.660  -55.610  -54.593  -53.612  -52.675  -51.784  -50.945
  -67.741  -66.705  -65.630  -64.521  -63.386  -62.230  -61.063  -59.893  -58.726  -57.572  -56.438  -55.332  -54.260  -53.229  -52.244  -51.310  -50.431
  -68.117  -67.030  -65.899  -64.732  -63.535  -62.318  -61.087  -59.853  -58.623  -57.406  -56.212  -55.047  -53.920  -52.837  -51.803  -50.825  -49.907
  -68.503  -67.363  -66.176  -64.949  -63.690  -62.408  -61.112  -59.812  -58.517  -57.236  -55.979  -54.755  -53.571  -52.435  -51.353  -50.331  -49.372
  -68.900  -67.706  -66.461  -65.172  -63.850  -62.502  -61.138  -59.770  -58.408  -57.061  -55.741  -54.455  -53.214  -52.024  -50.893  -49.826  -48.827
  -69.307  -68.058  -66.754  -65.403  -64.014  -62.598  -61.166  -59.728  -58.296  -56.882  -55.496  -54.148  -52.848  -51.603  -50.422  -49.310  -48.271
  -69.725  -68.420  -67.055  -65.640  -64.184  -62.698  -61.194  -59.685  -58.182  -56.698  -55.244  -53.832  -52.472  -51.172  -49.940  -48.782  -47.703
  -70.154  -68.792  -67.366  -65.885  -64.359  -62.801  -61.224  -59.640  -58.064  -56.508  -54.985  -53.508  -52.086  -50.730  -49.447  -48.243  -47.124
  -70.595  -69.175  -67.686  -66.137  -64.540  -62.908  -61.255  -59.595  -57.943  -56.313  -54.719  -53.175  -51.690  -50.276  -48.941  -47.691  -46.532
  -71.048  -69.569  -68.016  -66.398  -64.727  -63.019  -61.287  -59.549  -57.818  -56.112  -54.446  -52.832  -51.284  -49.811  -48.424  -47.128  -45.928
  -71.513  -69.975  -68.356  -66.666  -64.921  -63.133  -61.321  -59.501  -57.690  -55.905  -54.164  -52.479  -50.866  -49.334  -47.893  -46.551  -45.311
  -71.992  -70.393  -68.706  -66.944  -65.120  -63.252  -61.356  -59.452  -57.558  -55.692  -53.873  -52.116  -50.436  -48.844  -47.350  -45.961  -44.681
  -72.484  -70.823  -69.068  -67.231  -65.327  -63.375  -61.393  -59.402  -57.421  -55.472  -53.573  -51.742  -49.994  -48.340  -46.792  -45.357  -44.038
  -72.991  -71.267  -69.441  -67.527  -65.541  -63.502  -61.431  -59.350  -57.280  -55.245  -53.264  -51.357  -49.539  -47.823  -46.221  -44.738  -43.381
  -73.512  -71.724  -69.826  -67.834  -65.763  -63.635  -61.471  -59.296  -57.135  -55.010  -52.945  -50.960  -49.070  -47.292  -45.635  -44.106  -42.710
  -74.048  -72.195  -70.225  -68.151  -65.993  -63.772  -61.513  -59.241  -56.984  -54.768  -52.616  -50.550  -48.588  -46.746  -45.033  -43.458  -42.024
  -74.600  -72.682  -70.636  -68.479  -66.231  -63.914  -61.556  -59.185  -56.829  -54.517  -52.275  -50.127  -48.091  -46.184  -44.416  -42.794  -41.323
  -75.168  -73.183  -71.062  -68.820  -66.478  -64.062  -61.601  -59.126  -56.668  -54.257  -51.923  -49.690  -47.579  -45.606  -43.782  -42.115  -40.607
  -75.754  -73.702  -71.502  -69.172  -66.735  -64.216  -61.649  -59.065  -56.501  -53.988  -51.558  -49.239  -47.051  -45.011  -43.132  -41.419  -39.876
  -76.357  -74.237  -71.958  -69.538  -67.001  -64.377  -61.698  -59.003  -56.327  -53.709  -51.181  -48.772  -46.506  -44.399  -42.464  -40.706  -39.128
  -76.979  -74.790  -72.430  -69.917  -67.278  -64.543  -61.750  -58.938  -56.148  -53.419  -50.790  -48.289  -45.943  -43.769  -41.778  -39.976  -38.365
  -77.621  -75.362  -72.919  -70.312  -67.567  -64.717  -61.804  -58.870  -55.961  -53.119  -50.384  -47.790  -45.362  -43.120  -41.073  -39.228  -37.585
  -78.282  -75.953  -73.426  -70.721  -67.867  -64.899  -61.861  -58.800  -55.766  -52.807  -49.963  -47.273  -44.762  -42.451  -40.349  -38.462  -36.787
  -78.964  -76.564  -73.952  -71.147  -68.179  -65.088  -61.920  -58.727  -55.564  -52.482  -49.527  -46.737  -44.143  -41.762  -39.606  -37.677  -35.973
  -79.667  -77.197  -74.498  -71.590  -68.506  -65.286  -61.982  -58.652  -55.353  -52.143  -49.073  -46.182  -43.502  -41.051  -38.841  -36.873  -35.141
  -80.394  -77.852  -75.064  -72.051  -68.846  -65.493  -62.048  -58.573  -55.133  -51.791  -48.600  -45.606  -42.839  -40.319  -38.056  -36.049  -34.292
  -81.143  -78.531  -75.653  -72.532  -69.201  -65.709  -62.116  -58.491  -54.904  -51.424  -48.109  -45.008  -42.153  -39.564  -37.248  -35.205  -33.424
  -81.917  -79.234  -76.266  -73.034  -69.573  -65.936  -62.189  -58.405  -54.664  -51.040  -47.598  -44.387  -41.443  -38.785  -36.418  -34.340  -32.538
  -82.716  -79.962  -76.902  -73.557  -69.962  -66.175  -62.265  -58.315  -54.413  -50.639  -47.064  -43.742  -40.708  -37.981  -35.565  -33.454  -31.634
  -83.541  -80.718  -77.565  -74.103  -70.370  -66.425  -62.345  -58.222  -54.150  -50.220  -46.508  -43.072  -39.947  -37.152  -34.688  -32.547  -30.711
  -84.394  -81.501  -78.255  -74.674  -70.797  -66.687  -62.429  -58.123  -53.874  -49.781  -45.928  -42.374  -39.158  -36.296  -33.787  -31.618  -29.769
  -85.274  -82.314  -78.975  -75.272  -71.246  -66.964  -62.519  -58.020  -53.585  -49.321  -45.321  -41.648  -38.340  -35.412  -32.860  -30.667  -28.809
  -86.184  -83.158  -79.724  -75.897  -71.717  -67.256  -62.613  -57.912  -53.280  -48.839  -44.687  -40.892  -37.492  -34.501  -31.908  -29.694  -27.829
  -87.124  -84.034  -80.506  -76.553  -72.213  -67.564  -62.714  -57.798  -52.959  -48.332  -44.023  -40.104  -36.613  -33.559  -30.929  -28.697  -26.830
  -88.095  -84.943  -81.323  -77.240  -72.736  -67.889  -62.820  -57.677  -52.621  -47.799  -43.327  -39.282  -35.701  -32.587  -29.924  -27.678  -25.812
  -89.098  -85.888  -82.175  -77.962  -73.286  -68.233  -62.933  -57.550  -52.264  -47.238  -42.598  -38.425  -34.754  -31.584  -28.890  -26.635  -24.776
  -90.135  -86.869  -83.065  -78.720  -73.868  -68.598  -63.053  -57.416  -51.886  -46.646  -41.833  -37.531  -33.771  -30.548  -27.829  -25.569  -23.720
  -91.206  -87.889  -83.996  -79.517  -74.483  -68.986  -63.181  -57.273  -51.486  -46.021  -41.029  -36.596  -32.751  -29.479  -26.739  -24.480  -22.645
  -92.312  -88.948  -84.970  -80.356  -75.134  -69.398  -63.318  -57.122  -51.061  -45.361  -40.184  -35.620  -31.692  -28.375  -25.621  -23.367  -21.552
  -93.454  -90.050  -85.989  -81.240  -75.824  -69.838  -63.465  -56.961  -50.610  -44.662  -39.295  -34.600  -30.592  -27.236  -24.473  -22.231  -20.441
  -94.633  -91.194  -87.055  -82.172  -76.557  -70.307  -63.622  -56.789  -50.128  -43.921  -38.359  -33.533  -29.449  -26.061  -23.295  -21.071  -19.311
  -95.850  -92.384  -88.172  -83.156  -77.336  -70.808  -63.791  -56.605  -49.614  -43.134  -37.372  -32.417  -28.263  -24.849  -22.088  -19.888  -18.164
  -97.105  -93.619  -89.342  -84.195  -78.165  -71.346  -63.973  -56.408  -49.064  -42.297  -36.330  -31.249  -27.032  -23.600  -20.851  -18.682  -17.000
  -98.400  -94.903  -90.567  -85.294  -79.050  -71.924  -64.170  -56.196  -48.475  -41.405  -35.230  -30.026  -25.753  -22.312  -19.583  -17.453  -15.820
  -99.734  -96.237  -91.851  -86.457  -79.996  -72.547  -64.383  -55.968  -47.841  -40.454  -34.067  -28.745  -24.426  -20.985  -18.287  -16.203  -14.623
 -101.108  -97.621  -93.198  -87.688  -81.008  -73.219  -64.615  -55.720  -47.157  -39.437  -32.837  -27.405  -23.049  -19.620  -16.961  -14.930  -13.412
 -102.522  -99.058  -94.608  -88.993  -82.093  -73.948  -64.868  -55.452  -46.418  -38.349  -31.535  -26.001  -21.621  -18.215  -15.605  -13.637  -12.185
 -103.976 -100.549  -96.087  -90.377  -83.258  -74.738  -65.145  -55.159  -45.618  -37.182  -30.155  -24.530  -20.140  -16.771  -14.221  -12.324  -10.946
 -105.470 -102.093  -97.635  -91.845  -84.511  -75.600  -65.450  -54.839  -44.747  -35.928  -28.692  -22.991  -18.607  -15.288  -12.810  -10.992   -9.693
 -107.004 -103.693  -99.257  -93.404  -85.861  -76.542  -65.786  -54.487  -43.797  -34.578  -27.141  -21.380  -17.019  -13.765  -11.371   -9.641   -8.429
 -108.576 -105.348 -100.955  -95.059  -87.319  -77.574  -66.159  -54.098  -42.757  -33.123  -25.496  -19.695  -15.377  -12.205   -9.906   -8.273   -7.153
 -110.186 -107.058 -102.731  -96.817  -88.896  -78.712  -66.575  -53.666  -41.613  -31.552  -23.750  -17.934  -13.681  -10.608   -8.416   -6.889   -5.869
 -111.832 -108.823 -104.586  -98.684  -90.603  -79.968  -67.041  -53.183  -40.352  -29.852  -21.898  -16.094  -11.930   -8.974   -6.903   -5.491   -4.575
 -113.514 -110.642 -106.523 -100.665  -92.455  -81.363  -67.568  -52.640  -38.955  -28.011  -19.932  -14.175  -10.127   -7.305   -5.368   -4.079   -3.275
 -115.228 -112.514 -108.541 -102.768  -94.466  -82.919  -68.168  -52.024  -37.399  -26.014  -17.849  -12.175   -8.271   -5.604   -3.813   -2.656   -1.968
 -116.974 -114.437 -110.641 -104.995  -96.651  -84.660  -68.855  -51.320  -35.660  -23.846  -15.643  -10.095   -6.364   -3.871   -2.239   -1.222   -0.656
 -118.747 -116.408 -112.821 -107.353  -99.028  -86.620  -69.651  -50.508  -33.707  -21.491  -13.309   -7.934   -4.409   -2.110   -0.649    0.220    0.659
 -120.547 -118.425 -115.081 -109.843 -101.613  -88.837  -70.584  -49.559  -31.502  -18.932  -10.844   -5.696   -2.408   -0.323    0.955    1.669    1.976
 -122.368 -120.484 -117.416 -112.468 -104.421  -91.355  -71.689  -48.438  -29.001  -16.153   -8.247   -3.382   -0.365    1.488    2.571    3.123    3.293
 -124.209 -122.580 -119.822 -115.225 -107.470  -94.228  -73.019  -47.093  -26.151  -13.139   -5.518   -0.997    1.717    3.318    4.196    4.580    4.611
 -126.065 -124.710 -122.294 -118.112 -110.769  -97.520  -74.648  -45.451  -22.892   -9.877   -2.660    1.455    3.832    5.165    5.829    6.038    5.926
 -127.933 -126.867 -124.825 -121.122 -114.328 -101.300  -76.683  -43.405  -19.154   -6.360    0.321    3.966    5.977    7.026    7.466    7.496    7.238
 -129.809 -129.046 -127.407 -124.246 -118.147 -105.646  -79.291  -40.792  -14.862   -2.586    3.416    6.530    8.145    8.895    9.104    8.952    8.545
 -131.688 -131.240 -130.029 -127.471 -122.217 -110.630  -82.735  -37.352   -9.943    1.440    6.615    9.138   10.331   10.770   10.742   10.403    9.846
 -133.567 -133.444 -132.683 -130.779 -126.519 -116.311  -87.448  -32.661   -4.338    5.699    9.900   11.779   12.528   12.646   12.376   11.848   11.140
 -135.442 -135.651 -135.357 -134.151 -131.021 -122.708  -94.171  -25.996    1.978   10.163   13.253   14.443   14.731   14.520   14.004   13.286   12.426
 -137.308 -137.854 -138.039 -137.566 -135.677 -129.777 -104.156  -16.138    8.966   14.788   16.654   17.119   16.932   16.388   15.624   14.714   13.701
 -139.161 -140.047 -140.718 -140.998 -140.433 -137.381 -119.221   -1.312   16.505   19.521   20.078   19.796   19.127   18.245   17.232   16.131   14.967
 -140.999 -142.222 -143.381 -144.424 -145.223 -145.295 -140.347   19.506   24.378   24.301   23.503   22.462   21.307   20.088   18.827   17.536   16.220
 -142.816 -144.376 -146.018 -147.820 -149.981 -153.226 -163.863   42.907   32.302   29.062   26.904   25.105   23.468   21.914   20.406   18.926   17.460
 -144.611 -146.500 -148.617 -151.161 -154.643 -160.880  176.770   62.427   39.985   33.740   30.257   27.715   25.603   23.718   21.968   20.301   18.687
 -146.379 -148.591 -151.169 -154.426 -159.152 -168.019  163.465   75.943   47.183   38.277   33.542   30.283   27.707   25.499   23.510   21.659   19.899
 -148.118 -150.643 -153.666 -157.599 -163.463 -174.499  154.654   84.925   53.739   42.626   36.739   32.798   29.775   27.253   25.030   22.999   21.095
 -149.825 -152.653 -156.099 -160.664 -167.543  179.737  148.654   91.049   59.590   46.753   39.835   35.254   31.804   28.977   26.527   24.320   22.275
 -151.499 -154.616 -158.463 -163.610 -171.372  174.675  144.392   95.402   64.741   50.635   42.815   37.645   33.789   30.669   27.999   25.620   23.439
 -153.137 -156.531 -160.752 -166.428 -174.940  170.259  141.241   98.622   69.241   54.260   45.672   39.963   35.727   32.328   29.446   26.900   24.585
 -154.738 -158.393 -162.964 -169.114 -178.249  166.418  138.832  101.087   73.162   57.628   48.400   42.207   37.616   33.952   30.865   28.159   25.713
 -156.300 -160.202 -165.095 -171.665  178.694  163.075  136.938  103.029   76.579   60.745   50.996   44.372   39.453   35.538   32.257   29.395   26.822
 -157.823 -161.957 -167.144 -174.083  175.877  160.158  135.412  104.595   79.563   63.621   53.460   46.457   41.237   37.087   33.620   30.608   27.913
 -159.306 -163.656 -169.111 -176.369  173.286  157.604  134.159  105.884   82.178   66.270   55.792   48.462   42.967   38.597   34.953   31.798   28.985
