  53.782  53.830  53.869  53.900  53.923  53.939  53.949  53.952  53.949  53.940  53.924  53.902  53.873  53.838  53.795  53.745  53.685
  54.295  54.340  54.378  54.408  54.430  54.446  54.455  54.457  54.452  54.440  54.421  54.396  54.364  54.325  54.279  54.226  54.166
  54.768  54.816  54.857  54.890  54.914  54.931  54.940  54.941  54.935  54.920  54.898  54.868  54.831  54.786  54.733  54.673  54.605
  55.197  55.252  55.298  55.334  55.362  55.381  55.391  55.391  55.383  55.366  55.340  55.305  55.261  55.209  55.148  55.079  55.001
  55.607  55.669  55.721  55.763  55.794  55.815  55.826  55.826  55.816  55.796  55.766  55.726  55.675  55.615  55.545  55.466  55.377
  56.007  56.076  56.134  56.181  56.216  56.240  56.252  56.252  56.241  56.218  56.183  56.137  56.080  56.011  55.932  55.842  55.742
  56.399  56.476  56.541  56.594  56.633  56.659  56.672  56.672  56.659  56.633  56.594  56.542  56.478  56.401  56.312  56.211  56.099
  56.786  56.872  56.944  57.002  57.045  57.074  57.089  57.089  57.074  57.045  57.001  56.943  56.871  56.786  56.687  56.575  56.450
  57.169  57.264  57.343  57.407  57.455  57.487  57.503  57.502  57.486  57.454  57.405  57.341  57.262  57.167  57.058  56.934  56.797
  57.550  57.653  57.740  57.810  57.862  57.897  57.915  57.914  57.896  57.860  57.807  57.737  57.649  57.546  57.426  57.290  57.140
  57.928  58.040  58.135  58.211  58.268  58.306  58.325  58.324  58.304  58.265  58.207  58.130  58.035  57.922  57.791  57.643  57.479
  58.168  58.291  58.395  58.478  58.541  58.583  58.604  58.604  58.582  58.540  58.477  58.394  58.290  58.167  58.025  57.865  57.687
  58.336  58.471  58.585  58.677  58.746  58.792  58.816  58.816  58.794  58.748  58.681  58.591  58.479  58.346  58.191  58.017  57.823
  58.460  58.609  58.734  58.834  58.910  58.962  58.988  58.990  58.966  58.918  58.845  58.748  58.627  58.483  58.317  58.128  57.917
  58.544  58.708  58.845  58.955  59.039  59.096  59.126  59.128  59.104  59.053  58.975  58.871  58.741  58.585  58.405  58.201  57.972
  58.744  58.920  59.067  59.186  59.277  59.338  59.370  59.374  59.348  59.293  59.210  59.099  58.960  58.794  58.602  58.383  58.139
  59.164  59.348  59.502  59.627  59.721  59.785  59.818  59.821  59.793  59.735  59.647  59.530  59.383  59.208  59.005  58.775  58.519
  59.577  59.769  59.930  60.060  60.159  60.225  60.260  60.262  60.232  60.171  60.077  59.953  59.798  59.614  59.400  59.159  58.890
  59.982  60.183  60.351  60.488  60.591  60.660  60.696  60.698  60.666  60.601  60.502  60.371  60.208  60.013  59.789  59.535  59.253
  60.381  60.591  60.768  60.910  61.018  61.091  61.128  61.130  61.096  61.026  60.922  60.784  60.612  60.407  60.171  59.905  59.609
  60.775  60.995  61.180  61.329  61.442  61.518  61.556  61.558  61.522  61.448  61.338  61.193  61.012  60.797  60.549  60.269  59.959
  61.165  61.394  61.588  61.744  61.862  61.941  61.982  61.983  61.944  61.867  61.751  61.598  61.407  61.181  60.921  60.628  60.303
  61.550  61.790  61.992  62.156  62.279  62.362  62.404  62.405  62.364  62.283  62.161  62.000  61.800  61.563  61.290  60.982  60.643
  61.932  62.183  62.394  62.565  62.694  62.781  62.825  62.825  62.782  62.696  62.568  62.399  62.189  61.940  61.654  61.333  60.977
  62.310  62.572  62.793  62.972  63.107  63.198  63.243  63.243  63.198  63.108  62.973  62.795  62.575  62.314  62.015  61.679  61.308
  62.685  62.958  63.190  63.376  63.518  63.612  63.660  63.660  63.612  63.517  63.376  63.189  62.958  62.686  62.372  62.021  61.634
  63.057  63.342  63.584  63.779  63.927  64.026  64.075  64.074  64.024  63.925  63.776  63.581  63.339  63.054  62.727  62.360  61.955
  63.426  63.724  63.976  64.180  64.334  64.437  64.489  64.488  64.435  64.331  64.175  63.971  63.718  63.420  63.078  62.695  62.273
  63.792  64.103  64.366  64.579  64.740  64.848  64.901  64.900  64.845  64.735  64.573  64.359  64.095  63.783  63.426  63.027  62.588
  64.156  64.480  64.754  64.977  65.145  65.257  65.313  65.312  65.254  65.139  64.969  64.745  64.469  64.144  63.771  63.355  62.898
  64.517  64.855  65.141  65.373  65.548  65.666  65.724  65.722  65.661  65.541  65.363  65.129  64.841  64.502  64.114  63.680  63.205
  64.876  65.228  65.526  65.768  65.951  66.073  66.134  66.132  66.068  65.942  65.756  65.512  65.211  64.857  64.453  64.002  63.508
  65.232  65.599  65.909  66.161  66.352  66.480  66.543  66.541  66.474  66.343  66.148  65.893  65.580  65.211  64.790  64.321  63.807
  65.586  65.968  66.291  66.554  66.753  66.886  66.952  66.949  66.879  66.742  66.539  66.273  65.946  65.562  65.124  64.636  64.103
  65.938  66.334  66.671  66.945  67.152  67.291  67.360  67.357  67.284  67.141  66.929  66.651  66.311  65.911  65.455  64.948  64.395
  66.287  66.699  67.050  67.335  67.551  67.696  67.767  67.764  67.688  67.538  67.317  67.028  66.673  66.257  65.783  65.257  64.683
  66.633  67.062  67.427  67.724  67.949  68.100  68.174  68.171  68.091  67.935  67.705  67.403  67.034  66.601  66.109  65.563  64.967
  66.977  67.423  67.803  68.112  68.346  68.503  68.581  68.578  68.494  68.331  68.091  67.777  67.392  66.942  66.431  65.865  65.248
  67.319  67.782  68.177  68.498  68.743  68.906  68.987  68.984  68.897  68.727  68.476  68.149  67.749  67.281  66.751  66.163  65.524
  67.658  68.139  68.549  68.884  69.139  69.309  69.393  69.390  69.299  69.121  68.860  68.520  68.103  67.617  67.067  66.458  65.797
  67.994  68.494  68.920  69.269  69.534  69.711  69.799  69.795  69.700  69.515  69.244  68.889  68.456  67.951  67.380  66.749  66.065
  68.328  68.846  69.290  69.652  69.928  70.113  70.205  70.201  70.102  69.909  69.626  69.256  68.806  68.282  67.690  67.037  66.329
  68.659  69.197  69.658  70.035  70.322  70.515  70.610  70.606  70.502  70.301  70.006  69.622  69.155  68.611  67.997  67.321  66.589
  68.987  69.545  70.024  70.416  70.715  70.916  71.015  71.011  70.903  70.694  70.386  69.986  69.501  68.936  68.300  67.600  66.845
  69.311  69.891  70.388  70.796  71.108  71.317  71.421  71.416  71.303  71.085  70.765  70.349  69.844  69.258  68.600  67.876  67.096
  69.633  70.234  70.751  71.175  71.499  71.718  71.826  71.821  71.703  71.476  71.142  70.710  70.186  69.578  68.896  68.148  67.342
  69.952  70.575  71.111  71.553  71.890  72.118  72.230  72.225  72.103  71.866  71.518  71.069  70.524  69.894  69.188  68.415  67.583
  70.267  70.913  71.470  71.929  72.281  72.518  72.635  72.630  72.502  72.255  71.893  71.426  70.860  70.207  69.476  68.677  67.820
  70.578  71.248  71.827  72.304  72.670  72.918  73.040  73.035  72.901  72.643  72.267  71.780  71.193  70.516  69.760  68.935  68.051
  70.886  71.580  72.181  72.677  73.059  73.317  73.445  73.439  73.300  73.031  72.639  72.133  71.524  70.822  70.040  69.188  68.277
  71.190  71.909  72.533  73.050  73.447  73.716  73.850  73.844  73.698  73.418  73.010  72.484  71.851  71.124  70.316  69.437  68.498
  71.490  72.235  72.883  73.420  73.834  74.115  74.254  74.248  74.097  73.804  73.379  72.832  72.175  71.422  70.587  69.680  68.713
  71.786  72.558  73.230  73.789  74.221  74.514  74.659  74.653  74.494  74.189  73.746  73.177  72.496  71.716  70.853  69.918  68.923
  72.077  72.876  73.574  74.156  74.606  74.912  75.064  75.057  74.892  74.573  74.112  73.520  72.813  72.006  71.114  70.150  69.126
  72.364  73.191  73.916  74.521  74.990  75.310  75.469  75.462  75.289  74.957  74.475  73.860  73.126  72.291  71.370  70.376  69.324
  72.646  73.502  74.254  74.884  75.373  75.707  75.874  75.867  75.686  75.339  74.837  74.197  73.436  72.571  71.620  70.597  69.515
  72.922  73.809  74.590  75.245  75.755  76.105  76.279  76.271  76.082  75.720  75.197  74.531  73.741  72.847  71.865  70.812  69.700
  73.194  74.111  74.921  75.603  76.136  76.501  76.684  76.676  76.479  76.099  75.554  74.861  74.042  73.117  72.104  71.020  69.878
  73.459  74.409  75.249  75.959  76.515  76.898  77.089  77.081  76.874  76.478  75.908  75.188  74.338  73.381  72.337  71.222  70.050
  73.719  74.701  75.573  76.312  76.893  77.293  77.494  77.486  77.269  76.854  76.260  75.511  74.629  73.640  72.563  71.417  70.214
  73.973  74.988  75.893  76.662  77.269  77.689  77.900  77.891  77.664  77.229  76.609  75.829  74.915  73.893  72.783  71.605  70.372
  74.220  75.270  76.208  77.009  77.644  78.083  78.305  78.296  78.058  77.603  76.955  76.143  75.196  74.139  72.996  71.785  70.522
  74.460  75.545  76.519  77.353  78.016  78.477  78.711  78.702  78.451  77.974  77.297  76.452  75.470  74.379  73.202  71.959  70.664
  74.693  75.814  76.824  77.692  78.386  78.870  79.116  79.107  78.843  78.343  77.636  76.757  75.739  74.612  73.401  72.124  70.799
  74.919  76.076  77.123  78.028  78.754  79.263  79.522  79.513  79.235  78.710  77.971  77.055  76.000  74.837  73.591  72.282  70.926
  75.136  76.331  77.416  78.359  79.119  79.654  79.928  79.918  79.626  79.074  78.301  77.348  76.255  75.055  73.774  72.432  71.045
  75.346  76.579  77.703  78.685  79.481  80.044  80.334  80.324  80.015  79.435  78.626  77.634  76.502  75.265  73.948  72.574  71.156
  75.546  76.818  77.983  79.006  79.839  80.433  80.740  80.729  80.403  79.793  78.946  77.914  76.742  75.466  74.114  72.706  71.258
  75.738  77.049  78.255  79.320  80.194  80.821  81.146  81.135  80.790  80.147  79.260  78.186  76.973  75.659  74.271  72.830  71.352
  75.920  77.270  78.520  79.629  80.545  81.207  81.552  81.541  81.175  80.497  79.568  78.450  77.195  75.842  74.419  72.946  71.437
  76.093  77.483  78.775  79.930  80.891  81.591  81.958  81.947  81.559  80.843  79.869  78.706  77.409  76.016  74.557  73.051  71.513
  76.255  77.685  79.021  80.223  81.232  81.972  82.364  82.352  81.940  81.183  80.162  78.953  77.612  76.180  74.686  73.148  71.581
  76.407  77.876  79.258  80.508  81.567  82.351  82.770  82.758  82.318  81.517  80.447  79.190  77.805  76.334  74.804  73.235  71.639
  76.547  78.057  79.483  80.784  81.895  82.727  83.176  83.163  82.693  81.845  80.723  79.416  77.987  76.477  74.913  73.312  71.688
  76.677  78.226  79.697  81.049  82.215  83.099  83.581  83.569  83.065  82.165  80.989  79.632  78.158  76.609  75.010  73.379  71.728
  76.794  78.382  79.899  81.303  82.527  83.467  83.986  83.974  83.433  82.477  81.244  79.835  78.317  76.730  75.097  73.437  71.758
  76.900  78.526  80.088  81.545  82.829  83.830  84.391  84.378  83.795  82.780  81.487  80.026  78.464  76.838  75.173  73.484  71.779
  76.992  78.657  80.263  81.773  83.120  84.187  84.795  84.782  84.151  83.071  81.717  80.204  78.598  76.935  75.238  73.520  71.790
  77.073  78.774  80.423  81.987  83.398  84.536  85.199  85.185  84.500  83.350  81.932  80.367  78.718  77.020  75.292  73.547  71.792
  77.140  78.876  80.568  82.184  83.662  84.876  85.601  85.587  84.841  83.615  82.133  80.516  78.825  77.091  75.334  73.562  71.784
  77.194  78.964  80.697  82.365  83.909  85.205  86.002  85.987  85.170  83.864  82.316  80.648  78.917  77.150  75.364  73.567  71.766
  77.234  79.037  80.809  82.527  84.138  85.521  86.400  86.385  85.486  84.094  82.481  80.764  78.994  77.196  75.383  73.562  71.739
  77.261  79.094  80.904  82.669  84.346  85.820  86.795  86.780  85.785  84.305  82.627  80.863  79.057  77.228  75.389  73.546  71.702
  77.274  79.136  80.980  82.791  84.530  86.097  87.185  87.169  86.065  84.492  82.753  80.944  79.104  77.247  75.384  73.519  71.656
  77.273  79.161  81.037  82.890  84.689  86.350  87.568  87.552  86.319  84.655  82.857  81.007  79.135  77.253  75.367  73.482  71.600
  77.259  79.170  81.076  82.966  84.819  86.570  87.939  87.923  86.542  84.789  82.938  81.051  79.150  77.244  75.338  73.434  71.534
  77.230  79.164  81.095  83.017  84.918  86.753  88.290  88.274  86.729  84.894  82.995  81.076  79.150  77.223  75.297  73.376  71.459
  77.187  79.140  81.094  83.045  84.985  86.891  88.606  88.591  86.871  84.966  83.029  81.082  79.134  77.187  75.244  73.307  71.375
  77.131  79.101  81.074  83.047  85.018  86.977  88.858  88.844  86.963  85.005  83.037  81.068  79.101  77.138  75.180  73.227  71.281
  77.061  79.046  81.033  83.024  85.016  87.008  88.994  88.985  87.000  85.010  83.021  81.035  79.053  77.076  75.104  73.138  71.178
  76.977  78.974  80.974  82.976  84.979  86.981  88.967  88.965  86.979  84.980  82.980  80.983  78.989  77.000  75.016  73.038  71.066
  76.880  78.887  80.895  82.903  84.908  86.897  88.788  88.792  86.903  84.916  82.915  80.912  78.910  76.911  74.917  72.928  70.946
  76.770  78.785  80.798  82.807  84.804  86.761  88.510  88.518  86.773  84.819  82.826  80.822  78.815  76.809  74.807  72.808  70.816
  76.648  78.667  80.682  82.688  84.669  86.579  88.178  88.188  86.597  84.690  82.713  80.714  78.705  76.695  74.685  72.679  70.677
  76.512  78.535  80.549  82.546  84.504  86.358  87.815  87.828  86.381  84.533  82.579  80.588  78.581  76.568  74.553  72.540  70.530
  76.365  78.388  80.399  82.384  84.314  86.103  87.435  87.449  86.131  84.348  82.424  80.445  78.443  76.429  74.411  72.392  70.375
  76.206  78.228  80.233  82.202  84.099  85.821  87.044  87.059  85.854  84.139  82.249  80.287  78.291  76.278  74.258  72.234  70.211
  76.035  78.055  80.051  82.001  83.862  85.518  86.646  86.661  85.554  83.909  82.055  80.112  78.126  76.116  74.095  72.068  70.039
  75.853  77.869  79.854  81.784  83.606  85.196  86.242  86.259  85.235  83.658  81.844  79.923  77.948  75.943  73.922  71.893  69.859
  75.660  77.670  79.643  81.550  83.333  84.859  85.835  85.852  84.901  83.390  81.617  79.720  77.757  75.759  73.740  71.709  69.672
  75.457  77.460  79.419  81.302  83.045  84.510  85.425  85.442  84.555  83.106  81.375  79.503  77.555  75.564  73.548  71.517  69.476
