  49.672  49.738  49.796  49.846  49.889  49.926  49.956  49.980  49.998  50.010  50.016  50.015  50.008  49.993  49.972  49.942  49.903
  50.122  50.191  50.254  50.310  50.359  50.402  50.438  50.468  50.491  50.508  50.518  50.521  50.517  50.506  50.488  50.462  50.429
  50.528  50.610  50.682  50.747  50.805  50.856  50.900  50.936  50.965  50.986  51.000  51.006  51.004  50.994  50.976  50.950  50.916
  50.896  50.988  51.072  51.148  51.216  51.275  51.327  51.370  51.405  51.430  51.447  51.455  51.455  51.445  51.426  51.398  51.360
  51.243  51.347  51.444  51.531  51.609  51.679  51.739  51.789  51.829  51.859  51.880  51.890  51.890  51.879  51.859  51.828  51.786
  51.577  51.696  51.805  51.904  51.994  52.073  52.141  52.198  52.245  52.280  52.303  52.316  52.316  52.305  52.282  52.248  52.202
  51.904  52.037  52.159  52.271  52.371  52.460  52.537  52.602  52.654  52.694  52.721  52.735  52.737  52.725  52.700  52.662  52.611
  52.225  52.372  52.508  52.632  52.744  52.843  52.929  53.002  53.060  53.105  53.135  53.152  53.153  53.140  53.113  53.072  53.016
  52.541  52.703  52.853  52.990  53.114  53.223  53.318  53.398  53.463  53.513  53.547  53.565  53.567  53.553  53.524  53.478  53.417
  52.853  53.031  53.195  53.345  53.480  53.600  53.705  53.793  53.864  53.919  53.956  53.976  53.979  53.964  53.932  53.882  53.816
  53.162  53.355  53.534  53.697  53.845  53.975  54.089  54.185  54.263  54.323  54.364  54.386  54.389  54.373  54.338  54.285  54.212
  53.344  53.554  53.747  53.924  54.083  54.225  54.347  54.451  54.535  54.599  54.643  54.666  54.668  54.650  54.611  54.551  54.471
  53.459  53.685  53.894  54.085  54.257  54.409  54.541  54.652  54.742  54.809  54.855  54.879  54.880  54.858  54.814  54.747  54.658
  53.532  53.777  54.002  54.208  54.392  54.555  54.696  54.815  54.910  54.982  55.029  55.053  55.052  55.026  54.976  54.901  54.801
  53.569  53.832  54.075  54.295  54.493  54.667  54.818  54.944  55.045  55.120  55.169  55.192  55.189  55.158  55.101  55.016  54.905
  53.712  53.993  54.251  54.486  54.697  54.882  55.042  55.176  55.283  55.362  55.414  55.438  55.433  55.399  55.336  55.245  55.124
  54.060  54.355  54.626  54.874  55.096  55.292  55.462  55.604  55.718  55.803  55.858  55.885  55.881  55.847  55.783  55.689  55.565
  54.398  54.708  54.993  55.254  55.488  55.695  55.874  56.025  56.146  56.236  56.297  56.325  56.323  56.289  56.223  56.126  55.997
  54.729  55.053  55.353  55.627  55.874  56.092  56.281  56.441  56.569  56.665  56.729  56.761  56.760  56.725  56.657  56.557  56.423
  55.052  55.393  55.707  55.995  56.254  56.484  56.684  56.852  56.987  57.089  57.158  57.192  57.192  57.157  57.087  56.983  56.844
  55.369  55.726  56.055  56.357  56.630  56.872  57.082  57.259  57.402  57.510  57.583  57.620  57.621  57.585  57.513  57.404  57.260
  55.681  56.054  56.399  56.715  57.001  57.255  57.476  57.662  57.813  57.928  58.005  58.044  58.046  58.009  57.935  57.822  57.672
  55.987  56.377  56.738  57.069  57.369  57.635  57.867  58.063  58.222  58.342  58.424  58.466  58.469  58.431  58.354  58.237  58.081
  56.289  56.695  57.073  57.419  57.733  58.012  58.255  58.461  58.628  58.755  58.841  58.886  58.889  58.851  58.771  58.649  58.487
  56.586  57.010  57.403  57.765  58.093  58.386  58.641  58.856  59.031  59.165  59.256  59.304  59.308  59.268  59.185  59.059  58.890
  56.878  57.320  57.731  58.109  58.451  58.757  59.024  59.249  59.433  59.573  59.669  59.720  59.725  59.684  59.598  59.466  59.291
  57.167  57.626  58.055  58.449  58.806  59.126  59.404  59.641  59.833  59.980  60.081  60.134  60.140  60.098  60.009  59.872  59.689
  57.451  57.929  58.375  58.786  59.159  59.492  59.783  60.030  60.231  60.386  60.491  60.548  60.554  60.511  60.418  60.276  60.086
  57.732  58.229  58.692  59.120  59.508  59.856  60.160  60.418  60.628  60.790  60.900  60.960  60.967  60.922  60.826  60.678  60.480
  58.008  58.524  59.006  59.451  59.856  60.218  60.534  60.804  61.024  61.192  61.308  61.371  61.379  61.333  61.232  61.079  60.873
  58.281  58.817  59.317  59.779  60.200  60.577  60.907  61.188  61.418  61.594  61.715  61.781  61.790  61.742  61.638  61.479  61.265
  58.550  59.105  59.625  60.105  60.543  60.935  61.279  61.572  61.811  61.995  62.121  62.190  62.200  62.150  62.043  61.877  61.655
  58.815  59.391  59.930  60.428  60.883  61.291  61.648  61.953  62.203  62.395  62.527  62.599  62.609  62.558  62.446  62.274  62.043
  59.077  59.673  60.231  60.748  61.220  61.644  62.016  62.334  62.594  62.793  62.932  63.007  63.018  62.965  62.849  62.670  62.430
  59.335  59.952  60.530  61.066  61.556  61.996  62.383  62.713  62.983  63.192  63.336  63.414  63.426  63.371  63.251  63.065  62.816
  59.589  60.227  60.825  61.381  61.889  62.346  62.748  63.091  63.372  63.589  63.739  63.821  63.834  63.777  63.652  63.459  63.201
  59.839  60.499  61.118  61.693  62.220  62.694  63.111  63.467  63.760  63.986  64.142  64.228  64.241  64.183  64.052  63.852  63.584
  60.086  60.767  61.407  62.003  62.548  63.039  63.472  63.843  64.147  64.382  64.545  64.634  64.648  64.587  64.452  64.245  63.966
  60.329  61.032  61.694  62.309  62.874  63.383  63.832  64.217  64.533  64.777  64.947  65.039  65.055  64.992  64.852  64.636  64.347
  60.568  61.293  61.977  62.613  63.198  63.725  64.191  64.590  64.918  65.172  65.348  65.445  65.461  65.396  65.250  65.026  64.727
  60.803  61.551  62.256  62.914  63.519  64.065  64.548  64.962  65.303  65.566  65.750  65.850  65.867  65.799  65.648  65.416  65.105
  61.034  61.805  62.533  63.212  63.838  64.403  64.903  65.332  65.686  65.960  66.150  66.255  66.273  66.203  66.046  65.805  65.482
  61.261  62.055  62.806  63.507  64.154  64.739  65.257  65.702  66.069  66.353  66.551  66.660  66.678  66.606  66.443  66.193  65.858
  61.484  62.302  63.076  63.800  64.467  65.072  65.608  66.070  66.451  66.746  66.951  67.065  67.084  67.008  66.840  66.580  66.233
  61.702  62.544  63.342  64.089  64.778  65.404  65.959  66.437  66.831  67.138  67.352  67.469  67.489  67.411  67.236  66.966  66.607
  61.917  62.783  63.604  64.374  65.086  65.733  66.307  66.802  67.212  67.530  67.751  67.874  67.894  67.813  67.632  67.352  66.979
  62.127  63.018  63.863  64.657  65.391  66.059  66.653  67.166  67.591  67.921  68.151  68.278  68.300  68.215  68.027  67.737  67.350
  62.332  63.248  64.118  64.936  65.694  66.384  66.998  67.529  67.969  68.311  68.550  68.682  68.705  68.617  68.421  68.120  67.720
  62.534  63.474  64.369  65.212  65.993  66.706  67.341  67.890  68.346  68.701  68.950  69.087  69.110  69.019  68.816  68.503  68.088
  62.730  63.696  64.617  65.484  66.289  67.025  67.681  68.250  68.722  69.091  69.349  69.491  69.515  69.421  69.209  68.885  68.454
  62.922  63.914  64.860  65.752  66.582  67.341  68.020  68.608  69.098  69.480  69.747  69.895  69.920  69.822  69.603  69.266  68.820
  63.109  64.127  65.099  66.017  66.872  67.655  68.356  68.965  69.472  69.868  70.146  70.299  70.325  70.223  69.995  69.646  69.183
  63.291  64.335  65.333  66.277  67.158  67.966  68.690  69.320  69.845  70.256  70.544  70.704  70.731  70.624  70.388  70.025  69.545
  63.468  64.539  65.563  66.534  67.441  68.274  69.022  69.673  70.217  70.643  70.943  71.108  71.136  71.025  70.779  70.403  69.905
  63.641  64.737  65.789  66.786  67.720  68.578  69.351  70.025  70.588  71.030  71.341  71.512  71.541  71.426  71.170  70.780  70.264
  63.807  64.931  66.010  67.034  67.995  68.880  69.677  70.374  70.958  71.416  71.738  71.917  71.947  71.827  71.561  71.155  70.620
  63.969  65.120  66.226  67.278  68.266  69.178  70.001  70.721  71.326  71.801  72.136  72.321  72.352  72.228  71.951  71.530  70.974
  64.125  65.303  66.437  67.517  68.533  69.472  70.321  71.066  71.693  72.186  72.534  72.726  72.758  72.628  72.340  71.903  71.327
  64.276  65.481  66.643  67.751  68.796  69.763  70.639  71.409  72.058  72.570  72.931  73.131  73.164  73.028  72.729  72.274  71.677
  64.421  65.654  66.844  67.981  69.054  70.050  70.954  71.750  72.422  72.953  73.328  73.536  73.570  73.428  73.116  72.644  72.024
  64.561  65.821  67.039  68.205  69.308  70.333  71.265  72.088  72.784  73.335  73.724  73.941  73.976  73.828  73.503  73.012  72.369
  64.695  65.982  67.229  68.424  69.556  70.611  71.573  72.423  73.144  73.716  74.121  74.346  74.382  74.228  73.890  73.379  72.712
  64.823  66.138  67.413  68.638  69.800  70.885  71.877  72.756  73.502  74.096  74.517  74.751  74.788  74.627  74.275  73.743  73.051
  64.944  66.287  67.592  68.846  70.039  71.155  72.177  73.085  73.859  74.475  74.913  75.156  75.195  75.027  74.659  74.106  73.387
  65.060  66.431  67.764  69.049  70.272  71.420  72.473  73.411  74.213  74.852  75.308  75.562  75.602  75.426  75.042  74.466  73.721
  65.170  66.568  67.930  69.245  70.500  71.679  72.765  73.734  74.564  75.229  75.703  75.968  76.009  75.824  75.424  74.825  74.050
  65.273  66.699  68.091  69.436  70.722  71.934  73.052  74.054  74.913  75.604  76.098  76.373  76.416  76.223  75.804  75.180  74.376
  65.370  66.824  68.244  69.620  70.938  72.183  73.334  74.369  75.260  75.977  76.492  76.779  76.823  76.621  76.183  75.533  74.698
  65.460  66.942  68.391  69.798  71.148  72.426  73.611  74.680  75.603  76.349  76.886  77.185  77.230  77.018  76.561  75.883  75.016
  65.544  67.053  68.532  69.969  71.351  72.663  73.883  74.987  75.944  76.719  77.279  77.592  77.638  77.415  76.937  76.230  75.329
  65.621  67.158  68.665  70.133  71.548  72.894  74.150  75.289  76.281  77.087  77.671  77.998  78.046  77.812  77.311  76.573  75.638
  65.692  67.256  68.792  70.290  71.738  73.118  74.410  75.586  76.614  77.453  78.063  78.405  78.454  78.207  77.682  76.913  75.941
  65.755  67.346  68.911  70.440  71.921  73.336  74.664  75.878  76.943  77.817  78.453  78.811  78.863  78.602  78.052  77.249  76.239
  65.812  67.430  69.023  70.583  72.096  73.546  74.912  76.165  77.268  78.177  78.843  79.218  79.271  78.997  78.419  77.580  76.530
  65.862  67.506  69.128  70.718  72.264  73.749  75.153  76.445  77.588  78.535  79.232  79.625  79.680  79.390  78.783  77.907  76.816
  65.904  67.575  69.225  70.845  72.424  73.944  75.386  76.719  77.903  78.890  79.619  80.032  80.089  79.782  79.144  78.228  77.094
  65.940  67.637  69.314  70.964  72.575  74.132  75.611  76.985  78.213  79.241  80.005  80.439  80.498  80.173  79.501  78.543  77.366
  65.969  67.691  69.396  71.076  72.719  74.310  75.829  77.245  78.516  79.588  80.389  80.846  80.907  80.563  79.855  78.853  77.629
  65.990  67.737  69.469  71.178  72.854  74.481  76.038  77.496  78.813  79.930  80.771  81.253  81.316  80.950  80.204  79.155  77.884
  66.004  67.776  69.535  71.273  72.980  74.642  76.238  77.740  79.103  80.268  81.151  81.660  81.726  81.336  80.548  79.450  78.130
  66.011  67.807  69.592  71.359  73.097  74.794  76.429  77.974  79.386  80.600  81.528  82.067  82.135  81.720  80.887  79.737  78.367
  66.010  67.831  69.641  71.436  73.205  74.936  76.610  78.199  79.660  80.926  81.903  82.474  82.545  82.101  81.219  80.016  78.593
  66.003  67.846  69.682  71.504  73.304  75.069  76.781  78.414  79.924  81.245  82.274  82.881  82.955  82.478  81.544  80.284  78.809
  65.988  67.854  69.715  71.563  73.392  75.191  76.941  78.618  80.179  81.556  82.641  83.287  83.364  82.852  81.862  80.542  79.013
  65.965  67.854  69.738  71.613  73.471  75.302  77.091  78.811  80.423  81.859  83.003  83.693  83.774  83.222  82.170  80.789  79.205
  65.935  67.846  69.754  71.654  73.541  75.403  77.228  78.992  80.656  82.151  83.360  84.098  84.183  83.587  82.469  81.023  79.383
  65.898  67.830  69.760  71.686  73.599  75.493  77.354  79.161  80.876  82.433  83.710  84.503  84.592  83.945  82.756  81.244  79.548
  65.853  67.806  69.759  71.708  73.648  75.572  77.468  79.316  81.082  82.703  84.052  84.906  85.000  84.296  83.030  81.450  79.699
  65.801  67.774  69.748  71.720  73.686  75.639  77.569  79.457  81.274  82.959  84.385  85.307  85.407  84.637  83.290  81.640  79.835
  65.742  67.734  69.729  71.723  73.714  75.695  77.657  79.584  81.451  83.199  84.707  85.707  85.814  84.968  83.533  81.813  79.954
  65.675  67.686  69.701  71.717  73.731  75.738  77.731  79.696  81.610  83.423  85.015  86.103  86.218  85.285  83.758  81.969  80.058
  65.601  67.630  69.664  71.701  73.737  75.770  77.792  79.793  81.752  83.627  85.307  86.496  86.620  85.586  83.963  82.105  80.144
  65.520  67.567  69.619  71.675  73.733  75.789  77.839  79.873  81.876  83.810  85.580  86.882  87.017  85.867  84.144  82.220  80.213
  65.431  67.495  69.565  71.640  73.718  75.796  77.872  79.937  81.979  83.971  85.829  87.260  87.410  86.123  84.301  82.314  80.264
  65.336  67.415  69.502  71.595  73.692  75.791  77.890  79.984  82.063  84.106  86.050  87.625  87.793  86.349  84.430  82.386  80.297
  65.233  67.328  69.431  71.540  73.655  75.774  77.894  80.014  82.125  84.214  86.237  87.971  88.160  86.538  84.529  82.435  80.311
  65.123  67.233  69.351  71.476  73.608  75.744  77.884  80.026  82.165  84.294  86.386  88.283  88.501  86.685  84.598  82.461  80.306
  65.006  67.131  69.263  71.403  73.549  75.702  77.859  80.021  82.184  84.345  86.491  88.542  88.791  86.784  84.634  82.462  80.283
  64.882  67.020  69.166  71.320  73.481  75.648  77.820  79.998  82.180  84.364  86.549  88.713  88.986  86.829  84.637  82.440  80.240
  64.751  66.902  69.061  71.228  73.401  75.581  77.767  79.958  82.153  84.353  86.555  88.760  89.026  86.818  84.606  82.393  80.179
  64.613  66.777  68.948  71.126  73.311  75.502  77.699  79.900  82.104  84.310  86.511  88.668  88.893  86.751  84.543  82.324  80.100
