  -83.344  -83.264  -83.179  -83.089  -82.994  -82.896  -82.794  -82.690  -82.583  -82.474  -82.363  -82.251  -82.138  -82.024  -81.910  -81.795  -81.680
  -83.781  -83.669  -83.552  -83.429  -83.301  -83.169  -83.033  -82.893  -82.751  -82.606  -82.459  -82.312  -82.163  -82.014  -81.865  -81.717  -81.570
  -84.211  -84.071  -83.922  -83.767  -83.606  -83.440  -83.269  -83.093  -82.915  -82.734  -82.551  -82.366  -82.180  -81.995  -81.810  -81.626  -81.444
  -84.635  -84.464  -84.285  -84.098  -83.903  -83.703  -83.497  -83.286  -83.071  -82.853  -82.632  -82.409  -82.186  -81.963  -81.741  -81.520  -81.302
  -85.058  -84.857  -84.647  -84.428  -84.200  -83.965  -83.724  -83.476  -83.224  -82.968  -82.709  -82.449  -82.187  -81.925  -81.665  -81.407  -81.152
  -85.482  -85.253  -85.012  -84.760  -84.499  -84.229  -83.951  -83.667  -83.377  -83.083  -82.785  -82.485  -82.184  -81.884  -81.585  -81.288  -80.995
  -85.911  -85.652  -85.380  -85.096  -84.801  -84.495  -84.181  -83.859  -83.531  -83.197  -82.860  -82.521  -82.180  -81.839  -81.500  -81.165  -80.833
  -86.344  -86.056  -85.752  -85.436  -85.106  -84.765  -84.414  -84.054  -83.686  -83.313  -82.935  -82.555  -82.174  -81.792  -81.413  -81.038  -80.667
  -86.782  -86.464  -86.130  -85.780  -85.415  -85.038  -84.649  -84.250  -83.843  -83.430  -83.011  -82.589  -82.166  -81.744  -81.323  -80.907  -80.496
  -87.225  -86.878  -86.512  -86.129  -85.729  -85.315  -84.888  -84.450  -84.003  -83.548  -83.087  -82.623  -82.158  -81.693  -81.231  -80.773  -80.322
  -87.674  -87.298  -86.900  -86.483  -86.048  -85.597  -85.131  -84.653  -84.165  -83.668  -83.165  -82.657  -82.149  -81.641  -81.135  -80.635  -80.143
  -88.031  -87.630  -87.206  -86.761  -86.295  -85.812  -85.313  -84.800  -84.276  -83.742  -83.202  -82.657  -82.110  -81.564  -81.021  -80.484  -79.954
  -88.345  -87.922  -87.474  -87.002  -86.509  -85.996  -85.465  -84.920  -84.362  -83.793  -83.217  -82.636  -82.053  -81.470  -80.891  -80.318  -79.754
  -88.634  -88.191  -87.720  -87.223  -86.703  -86.161  -85.601  -85.023  -84.432  -83.829  -83.218  -82.602  -81.983  -81.365  -80.750  -80.142  -79.543
  -88.901  -88.438  -87.946  -87.426  -86.880  -86.310  -85.720  -85.112  -84.489  -83.853  -83.208  -82.557  -81.903  -81.250  -80.600  -79.958  -79.325
  -89.241  -88.756  -88.239  -87.692  -87.116  -86.516  -85.893  -85.250  -84.590  -83.917  -83.235  -82.545  -81.853  -81.161  -80.473  -79.793  -79.123
  -89.728  -89.214  -88.664  -88.082  -87.471  -86.831  -86.168  -85.483  -84.780  -84.062  -83.334  -82.599  -81.860  -81.123  -80.390  -79.665  -78.952
  -90.219  -89.675  -89.094  -88.478  -87.829  -87.151  -86.446  -85.718  -84.971  -84.208  -83.433  -82.651  -81.866  -81.081  -80.301  -79.531  -78.774
  -90.715  -90.142  -89.529  -88.878  -88.192  -87.474  -86.728  -85.957  -85.164  -84.355  -83.533  -82.702  -81.869  -81.036  -80.209  -79.392  -78.590
  -91.217  -90.614  -89.969  -89.283  -88.560  -87.802  -87.014  -86.198  -85.360  -84.503  -83.632  -82.753  -81.870  -80.988  -80.113  -79.248  -78.400
  -91.725  -91.093  -90.415  -89.695  -88.933  -88.135  -87.304  -86.443  -85.558  -84.653  -83.733  -82.803  -81.870  -80.938  -80.012  -79.099  -78.204
  -92.239  -91.578  -90.868  -90.112  -89.313  -88.474  -87.599  -86.692  -85.759  -84.805  -83.834  -82.853  -81.868  -80.884  -79.908  -78.946  -78.002
  -92.759  -92.069  -91.328  -90.536  -89.699  -88.818  -87.899  -86.946  -85.964  -84.959  -83.936  -82.903  -81.865  -80.829  -79.801  -78.787  -77.794
  -93.286  -92.568  -91.794  -90.967  -90.091  -89.168  -88.205  -87.204  -86.172  -85.116  -84.040  -82.953  -81.861  -80.771  -79.689  -78.624  -77.581
  -93.821  -93.074  -92.268  -91.406  -90.490  -89.525  -88.516  -87.467  -86.385  -85.275  -84.146  -83.003  -81.855  -80.710  -79.574  -78.455  -77.361
  -94.363  -93.588  -92.750  -91.852  -90.897  -89.889  -88.833  -87.735  -86.601  -85.438  -84.253  -83.054  -81.849  -80.647  -79.455  -78.282  -77.135
  -94.913  -94.109  -93.239  -92.305  -91.311  -90.259  -89.157  -88.009  -86.822  -85.603  -84.362  -83.105  -81.842  -80.581  -79.332  -78.103  -76.903
  -95.470  -94.639  -93.737  -92.767  -91.733  -90.637  -89.487  -88.288  -87.047  -85.772  -84.472  -83.156  -81.833  -80.513  -79.205  -77.919  -76.664
  -96.036  -95.177  -94.244  -93.238  -92.163  -91.023  -89.825  -88.574  -87.278  -85.945  -84.585  -83.208  -81.824  -80.442  -79.075  -77.730  -76.419
  -96.610  -95.724  -94.759  -93.717  -92.601  -91.417  -90.169  -88.865  -87.513  -86.122  -84.701  -83.261  -81.813  -80.369  -78.940  -77.535  -76.166
  -97.192  -96.280  -95.283  -94.205  -93.049  -91.819  -90.522  -89.164  -87.754  -86.302  -84.818  -83.314  -81.802  -80.293  -78.800  -77.334  -75.907
  -97.783  -96.844  -95.817  -94.703  -93.505  -92.230  -90.882  -89.469  -88.001  -86.487  -84.939  -83.369  -81.790  -80.215  -78.656  -77.128  -75.640
  -98.383  -97.419  -96.360  -95.210  -93.971  -92.649  -91.250  -89.782  -88.253  -86.676  -85.062  -83.424  -81.776  -80.133  -78.508  -76.914  -75.365
  -98.992  -98.002  -96.913  -95.727  -94.447  -93.078  -91.627  -90.102  -88.512  -86.870  -85.188  -83.480  -81.762  -80.048  -78.355  -76.695  -75.083
  -99.611  -98.595  -97.476  -96.254  -94.933  -93.517  -92.013  -90.430  -88.777  -87.068  -85.317  -83.537  -81.747  -79.961  -78.196  -76.469  -74.792
 -100.238  -99.199  -98.050  -96.792  -95.430  -93.966  -92.409  -90.766  -89.050  -87.272  -85.449  -83.596  -81.730  -79.870  -78.033  -76.235  -74.493
 -100.875  -99.812  -98.634  -97.341  -95.937  -94.425  -92.814  -91.111  -89.329  -87.481  -85.584  -83.655  -81.713  -79.776  -77.864  -75.995  -74.185
 -101.522 -100.436  -99.229  -97.901  -96.455  -94.895  -93.229  -91.465  -89.616  -87.696  -85.723  -83.716  -81.694  -79.679  -77.690  -75.747  -73.868
 -102.178 -101.070  -99.835  -98.473  -96.985  -95.377  -93.655  -91.828  -89.911  -87.917  -85.866  -83.778  -81.675  -79.578  -77.509  -75.491  -73.541
 -102.844 -101.715 -100.453  -99.056  -97.527  -95.870  -94.091  -92.201  -90.214  -88.144  -86.013  -83.842  -81.654  -79.473  -77.323  -75.226  -73.203
 -103.521 -102.371 -101.082  -99.651  -98.081  -96.375  -94.539  -92.585  -90.525  -88.378  -86.164  -83.907  -81.632  -79.364  -77.130  -74.953  -72.856
 -104.207 -103.038 -101.723 -100.259  -98.648  -96.892  -94.999  -92.979  -90.846  -88.619  -86.320  -83.974  -81.608  -79.251  -76.930  -74.671  -72.497
 -104.904 -103.717 -102.376 -100.880  -99.228  -97.423  -95.472  -93.384  -91.176  -88.867  -86.480  -84.042  -81.583  -79.134  -76.723  -74.379  -72.127
 -105.611 -104.407 -103.042 -101.514  -99.822  -97.967  -95.957  -93.801  -91.516  -89.123  -86.645  -84.113  -81.557  -79.012  -76.508  -74.077  -71.745
 -106.329 -105.108 -103.721 -102.162 -100.429  -98.525  -96.455  -94.231  -91.867  -89.386  -86.815  -84.185  -81.530  -78.885  -76.286  -73.765  -71.351
 -107.057 -105.822 -104.412 -102.823 -101.051  -99.098  -96.968  -94.673  -92.229  -89.659  -86.991  -84.259  -81.501  -78.753  -76.055  -73.442  -70.943
 -107.795 -106.547 -105.117 -103.499 -101.688  -99.685  -97.495  -95.128  -92.602  -89.940  -87.172  -84.336  -81.470  -78.616  -75.816  -73.107  -70.522
 -108.545 -107.285 -105.835 -104.189 -102.340 -100.288  -98.037  -95.598  -92.987  -90.230  -87.360  -84.414  -81.437  -78.473  -75.567  -72.760  -70.086
 -109.305 -108.035 -106.567 -104.893 -103.007 -100.907  -98.595  -96.082  -93.385  -90.531  -87.554  -84.496  -81.403  -78.325  -75.309  -72.400  -69.636
 -110.076 -108.797 -107.313 -105.614 -103.691 -101.543  -99.169  -96.582  -93.797  -90.842  -87.755  -84.579  -81.366  -78.169  -75.040  -72.027  -69.169
 -110.857 -109.572 -108.073 -106.349 -104.392 -102.195  -99.761  -97.097  -94.222  -91.165  -87.963  -84.666  -81.328  -78.008  -74.761  -71.639  -68.686
 -111.650 -110.359 -108.847 -107.101 -105.110 -102.866 -100.370  -97.630  -94.663  -91.499  -88.179  -84.755  -81.287  -77.839  -74.470  -71.237  -68.186
 -112.453 -111.159 -109.636 -107.869 -105.845 -103.555 -100.998  -98.180  -95.119  -91.845  -88.403  -84.848  -81.245  -77.662  -74.167  -70.819  -67.667
 -113.267 -111.971 -110.439 -108.653 -106.598 -104.264 -101.646  -98.749  -95.592  -92.205  -88.636  -84.944  -81.199  -77.477  -73.850  -70.384  -67.129
 -114.091 -112.797 -111.258 -109.454 -107.370 -104.992 -102.313  -99.338  -96.082  -92.579  -88.878  -85.043  -81.151  -77.284  -73.520  -69.931  -66.571
 -114.926 -113.635 -112.091 -110.273 -108.161 -105.741 -103.002  -99.946  -96.591  -92.968  -89.130  -85.146  -81.100  -77.081  -73.176  -69.459  -65.992
 -115.772 -114.486 -112.939 -111.109 -108.972 -106.510 -103.712 -100.577  -97.119  -93.372  -89.392  -85.253  -81.046  -76.869  -72.816  -68.968  -65.390
 -116.628 -115.349 -113.803 -111.962 -109.803 -107.302 -104.445 -101.230  -97.668  -93.794  -89.666  -85.365  -80.989  -76.646  -72.439  -68.456  -64.765
 -117.494 -116.226 -114.682 -112.834 -110.654 -108.116 -105.202 -101.906  -98.238  -94.233  -89.952  -85.481  -80.929  -76.412  -72.044  -67.922  -64.115
 -118.371 -117.115 -115.576 -113.724 -111.526 -108.954 -105.984 -102.608  -98.832  -94.692  -90.250  -85.602  -80.864  -76.166  -71.631  -67.363  -63.440
 -119.257 -118.016 -116.486 -114.632 -112.420 -109.815 -106.792 -103.335  -99.450  -95.171  -90.563  -85.728  -80.796  -75.907  -71.197  -66.780  -62.737
 -120.153 -118.930 -117.412 -115.559 -113.335 -110.701 -107.626 -104.090 -100.095  -95.671  -90.890  -85.860  -80.723  -75.634  -70.742  -66.170  -62.005
 -121.059 -119.857 -118.352 -116.505 -114.273 -111.613 -108.488 -104.874 -100.766  -96.196  -91.234  -85.999  -80.645  -75.345  -70.263  -65.532  -61.242
 -121.974 -120.795 -119.308 -117.470 -115.233 -112.551 -109.380 -105.688 -101.467  -96.745  -91.595  -86.144  -80.562  -75.041  -69.759  -64.864  -60.448
 -122.898 -121.746 -120.280 -118.454 -116.216 -113.516 -110.301 -106.534 -102.200  -97.321  -91.974  -86.297  -80.474  -74.718  -69.229  -64.163  -59.620
 -123.830 -122.708 -121.266 -119.456 -117.223 -114.508 -111.254 -107.414 -102.965  -97.926  -92.374  -86.457  -80.380  -74.377  -68.669  -63.428  -58.756
 -124.771 -123.681 -122.268 -120.478 -118.253 -115.528 -112.239 -108.328 -103.765  -98.562  -92.796  -86.626  -80.278  -74.014  -68.079  -62.657  -57.855
 -125.721 -124.666 -123.284 -121.519 -119.307 -116.578 -113.258 -109.280 -104.603  -99.231  -93.242  -86.805  -80.170  -73.629  -67.454  -61.846  -56.915
 -126.677 -125.661 -124.315 -122.579 -120.386 -117.657 -114.311 -110.270 -105.480  -99.936  -93.714  -86.994  -80.053  -73.219  -66.793  -60.994  -55.933
 -127.642 -126.667 -125.360 -123.658 -121.488 -118.766 -115.400 -111.301 -106.400 -100.680  -94.214  -87.194  -79.928  -72.782  -66.093  -60.097  -54.907
 -128.613 -127.683 -126.419 -124.755 -122.614 -119.906 -116.527 -112.375 -107.366 -101.466  -94.745  -87.407  -79.793  -72.315  -65.350  -59.153  -53.836
 -129.591 -128.709 -127.491 -125.871 -123.765 -121.076 -117.692 -113.493 -108.379 -102.298  -95.311  -87.634  -79.647  -71.815  -64.560  -58.157  -52.716
 -130.574 -129.743 -128.576 -127.004 -124.940 -122.278 -118.896 -114.658 -109.443 -103.179  -95.914  -87.876  -79.489  -71.279  -63.720  -57.108  -51.546
 -131.564 -130.786 -129.675 -128.156 -126.139 -123.512 -120.140 -115.872 -110.562 -104.114  -96.558  -88.135  -79.317  -70.703  -62.824  -56.000  -50.323
 -132.558 -131.838 -130.785 -129.324 -127.362 -124.778 -121.426 -117.137 -111.739 -105.107  -97.248  -88.414  -79.131  -70.082  -61.868  -54.830  -49.044
 -133.557 -132.897 -131.906 -130.510 -128.608 -126.075 -122.753 -118.455 -112.978 -106.163  -97.989  -88.714  -78.927  -69.412  -60.846  -53.594  -47.708
 -134.560 -133.963 -133.039 -131.711 -129.877 -127.404 -124.124 -119.828 -114.283 -107.288  -98.787  -89.038  -78.705  -68.687  -59.753  -52.286  -46.311
 -135.566 -135.035 -134.182 -132.928 -131.168 -128.766 -125.538 -121.257 -115.657 -108.488  -99.648  -89.390  -78.460  -67.899  -58.580  -50.904  -44.852
 -136.576 -136.113 -135.334 -134.159 -132.482 -130.158 -126.996 -122.746 -117.106 -109.771 -100.579  -89.774  -78.190  -67.041  -57.321  -49.441  -43.329
 -137.588 -137.196 -136.495 -135.405 -133.816 -131.581 -128.498 -124.296 -118.633 -111.142 -101.590  -90.193  -77.892  -66.104  -55.967  -47.892  -41.738
 -138.601 -138.283 -137.664 -136.663 -135.171 -133.035 -130.044 -125.908 -120.243 -112.612 -102.691  -90.654  -77.560  -65.077  -54.508  -46.253  -40.080
 -139.616 -139.375 -138.840 -137.933 -136.544 -134.518 -131.635 -127.583 -121.939 -114.188 -103.894  -91.164  -77.190  -63.949  -52.936  -44.518  -38.351
 -140.632 -140.469 -140.022 -139.215 -137.936 -136.030 -133.268 -129.323 -123.728 -115.881 -105.212  -91.729  -76.774  -62.703  -51.237  -42.683  -36.552
 -141.648 -141.565 -141.210 -140.506 -139.345 -137.568 -134.944 -131.128 -125.611 -117.700 -106.661  -92.362  -76.303  -61.323  -49.401  -40.743  -34.681
 -142.663 -142.663 -142.402 -141.807 -140.769 -139.132 -136.662 -132.998 -127.594 -119.657 -108.262  -93.075  -75.768  -59.787  -47.415  -38.693  -32.739
 -143.677 -143.761 -143.598 -143.115 -142.207 -140.721 -138.419 -134.933 -129.679 -121.764 -110.035  -93.884  -75.154  -58.072  -45.265  -36.529  -30.726
 -144.689 -144.860 -144.796 -144.429 -143.658 -142.332 -140.215 -136.932 -131.869 -124.031 -112.008  -94.809  -74.444  -56.148  -42.936  -34.250  -28.643
 -145.699 -145.957 -145.996 -145.749 -145.120 -143.963 -142.046 -138.993 -134.165 -126.470 -114.210  -95.880  -73.613  -53.980  -40.416  -31.853  -26.494
 -146.706 -147.053 -147.196 -147.073 -146.591 -145.612 -143.911 -141.114 -136.568 -129.094 -116.678  -97.132  -72.631  -51.526  -37.690  -29.339  -24.281
 -147.709 -148.147 -148.396 -148.399 -148.070 -147.277 -145.805 -143.292 -139.076 -131.910 -119.452  -98.616  -71.452  -48.738  -34.747  -26.709  -22.009
 -148.709 -149.238 -149.594 -149.726 -149.554 -148.955 -147.727 -145.521 -141.687 -134.927 -122.578 -100.401  -70.014  -45.560  -31.578  -23.967  -19.682
 -149.704 -150.325 -150.791 -151.053 -151.042 -150.644 -149.672 -147.799 -144.396 -138.149 -126.105 -102.586  -68.227  -41.929  -28.177  -21.120  -17.308
 -150.694 -151.408 -151.983 -152.379 -152.532 -152.341 -151.637 -150.119 -147.196 -141.576 -130.086 -105.315  -65.952  -37.779  -24.547  -18.177  -14.892
 -151.678 -152.485 -153.171 -153.702 -154.022 -154.042 -153.616 -152.474 -150.078 -145.202 -134.568 -108.805  -62.972  -33.044  -20.695  -15.149  -12.443
 -152.656 -153.557 -154.355 -155.021 -155.509 -155.747 -155.607 -154.858 -153.030 -149.013 -139.588 -113.388  -58.933  -27.674  -16.640  -12.050   -9.970
 -153.628 -154.622 -155.531 -156.334 -156.993 -157.450 -157.603 -157.263 -156.041 -152.988 -145.159 -119.581  -53.225  -21.647  -12.408   -8.898   -7.482
 -154.593 -155.680 -156.701 -157.641 -158.472 -159.150 -159.600 -159.681 -159.095 -157.100 -151.256 -128.165  -44.783  -14.994   -8.038   -5.710   -4.988
 -155.550 -156.730 -157.863 -158.939 -159.942 -160.844 -161.595 -162.104 -162.175 -161.311 -157.802 -140.164  -31.841   -7.821   -3.576   -2.507   -2.498
 -156.499 -157.772 -159.016 -160.229 -161.404 -162.528 -163.581 -164.523 -165.265 -165.580 -164.666 -156.279  -12.466   -0.311    0.924    0.692   -0.022
 -157.440 -158.805 -160.160 -161.508 -162.854 -164.201 -165.555 -166.930 -168.346 -169.860 -171.667 -175.342   11.881    7.290    5.406    3.865    2.431
 -158.373 -159.829 -161.293 -162.776 -164.291 -165.859 -167.513 -169.316 -171.402 -174.104 -178.601  166.248   34.086   14.718    9.817    6.994    4.852
