 -76.147 -76.184 -76.211 -76.230 -76.240 -76.244 -76.241 -76.231 -76.215 -76.192 -76.163 -76.128 -76.087 -76.039 -75.984 -75.922 -75.851
 -76.676 -76.707 -76.729 -76.743 -76.749 -76.748 -76.739 -76.723 -76.700 -76.670 -76.633 -76.590 -76.539 -76.483 -76.419 -76.350 -76.273
 -77.163 -77.193 -77.215 -77.227 -77.231 -77.227 -77.213 -77.192 -77.162 -77.124 -77.078 -77.024 -76.963 -76.894 -76.818 -76.736 -76.646
 -77.610 -77.643 -77.666 -77.679 -77.682 -77.674 -77.657 -77.629 -77.592 -77.545 -77.489 -77.424 -77.350 -77.268 -77.178 -77.080 -76.975
 -78.038 -78.076 -78.102 -78.115 -78.117 -78.107 -78.085 -78.051 -78.006 -77.950 -77.883 -77.806 -77.719 -77.622 -77.516 -77.402 -77.279
 -78.456 -78.500 -78.529 -78.544 -78.545 -78.532 -78.505 -78.464 -78.411 -78.345 -78.266 -78.176 -78.074 -77.962 -77.839 -77.707 -77.565
 -78.869 -78.916 -78.948 -78.965 -78.965 -78.949 -78.918 -78.871 -78.809 -78.733 -78.642 -78.538 -78.420 -78.291 -78.150 -77.999 -77.838
 -79.274 -79.328 -79.364 -79.382 -79.381 -79.363 -79.326 -79.273 -79.201 -79.114 -79.010 -78.891 -78.758 -78.611 -78.450 -78.280 -78.098
 -79.676 -79.736 -79.776 -79.796 -79.795 -79.774 -79.732 -79.670 -79.589 -79.489 -79.371 -79.237 -79.086 -78.921 -78.742 -78.550 -78.346
 -80.074 -80.141 -80.186 -80.208 -80.207 -80.182 -80.134 -80.064 -79.972 -79.860 -79.727 -79.576 -79.407 -79.222 -79.022 -78.809 -78.584
 -80.469 -80.544 -80.595 -80.619 -80.617 -80.589 -80.535 -80.455 -80.352 -80.225 -80.077 -79.908 -79.720 -79.514 -79.293 -79.057 -78.809
 -80.724 -80.810 -80.868 -80.896 -80.896 -80.866 -80.808 -80.721 -80.608 -80.469 -80.306 -80.121 -79.915 -79.690 -79.449 -79.191 -78.921
 -80.905 -81.004 -81.071 -81.106 -81.108 -81.078 -81.017 -80.924 -80.802 -80.651 -80.475 -80.273 -80.050 -79.806 -79.544 -79.265 -78.972
 -81.041 -81.154 -81.233 -81.275 -81.282 -81.253 -81.189 -81.090 -80.959 -80.797 -80.607 -80.390 -80.149 -79.885 -79.602 -79.302 -78.986
 -81.136 -81.266 -81.357 -81.409 -81.421 -81.393 -81.327 -81.224 -81.084 -80.912 -80.708 -80.475 -80.216 -79.933 -79.629 -79.306 -78.967
 -81.346 -81.490 -81.592 -81.650 -81.666 -81.638 -81.567 -81.456 -81.306 -81.119 -80.899 -80.649 -80.370 -80.066 -79.741 -79.395 -79.032
 -81.777 -81.931 -82.039 -82.100 -82.113 -82.079 -81.999 -81.875 -81.708 -81.503 -81.261 -80.988 -80.686 -80.358 -80.008 -79.639 -79.252
 -82.198 -82.363 -82.478 -82.542 -82.554 -82.514 -82.423 -82.284 -82.100 -81.874 -81.610 -81.312 -80.985 -80.632 -80.257 -79.863 -79.452
 -82.610 -82.788 -82.911 -82.979 -82.990 -82.943 -82.841 -82.686 -82.481 -82.233 -81.945 -81.621 -81.268 -80.889 -80.488 -80.068 -79.633
 -83.014 -83.206 -83.340 -83.412 -83.421 -83.367 -83.252 -83.079 -82.853 -82.580 -82.266 -81.916 -81.535 -81.128 -80.700 -80.254 -79.794
 -83.410 -83.618 -83.763 -83.841 -83.848 -83.786 -83.656 -83.464 -83.215 -82.916 -82.573 -82.194 -81.785 -81.350 -80.894 -80.422 -79.936
 -83.797 -84.024 -84.182 -84.266 -84.272 -84.201 -84.055 -83.841 -83.566 -83.238 -82.866 -82.456 -82.017 -81.553 -81.069 -80.570 -80.059
 -84.175 -84.424 -84.598 -84.689 -84.693 -84.611 -84.447 -84.209 -83.905 -83.546 -83.142 -82.701 -82.231 -81.737 -81.226 -80.700 -80.164
 -84.545 -84.818 -85.009 -85.109 -85.112 -85.018 -84.833 -84.567 -84.232 -83.839 -83.402 -82.928 -82.426 -81.903 -81.363 -80.811 -80.249
 -84.903 -85.205 -85.417 -85.527 -85.528 -85.420 -85.211 -84.914 -84.544 -84.116 -83.643 -83.135 -82.601 -82.048 -81.480 -80.902 -80.316
 -85.250 -85.584 -85.820 -85.943 -85.942 -85.818 -85.580 -85.248 -84.840 -84.374 -83.864 -83.321 -82.755 -82.172 -81.577 -80.973 -80.364
 -85.583 -85.953 -86.219 -86.358 -86.354 -86.210 -85.939 -85.567 -85.117 -84.611 -84.063 -83.486 -82.888 -82.275 -81.653 -81.025 -80.393
 -85.899 -86.311 -86.612 -86.770 -86.764 -86.595 -86.285 -85.868 -85.373 -84.824 -84.238 -83.626 -82.997 -82.356 -81.709 -81.057 -80.404
 -86.194 -86.655 -86.999 -87.181 -87.171 -86.971 -86.615 -86.147 -85.604 -85.012 -84.387 -83.742 -83.083 -82.415 -81.743 -81.069 -80.395
 -86.465 -86.980 -87.376 -87.590 -87.576 -87.336 -86.925 -86.401 -85.807 -85.171 -84.510 -83.832 -83.144 -82.452 -81.757 -81.062 -80.369
 -86.705 -87.281 -87.739 -87.997 -87.977 -87.685 -87.207 -86.622 -85.977 -85.300 -84.603 -83.895 -83.181 -82.465 -81.750 -81.036 -80.325
 -86.908 -87.547 -88.082 -88.401 -88.371 -88.009 -87.454 -86.805 -86.111 -85.395 -84.666 -83.931 -83.193 -82.456 -81.721 -80.990 -80.263
 -87.066 -87.770 -88.392 -88.799 -88.755 -88.295 -87.654 -86.944 -86.206 -85.454 -84.697 -83.939 -83.181 -82.425 -81.673 -80.926 -80.184
 -87.173 -87.933 -88.648 -89.185 -89.115 -88.522 -87.795 -87.032 -86.257 -85.477 -84.697 -83.919 -83.143 -82.372 -81.605 -80.843 -80.088
 -87.222 -88.023 -88.814 -89.531 -89.408 -88.660 -87.867 -87.066 -86.264 -85.464 -84.666 -83.872 -83.082 -82.297 -81.517 -80.744 -79.977
 -87.211 -88.030 -88.851 -89.667 -89.499 -88.681 -87.861 -87.043 -86.227 -85.414 -84.604 -83.798 -82.997 -82.201 -81.411 -80.627 -79.850
 -87.141 -87.954 -88.748 -89.422 -89.304 -88.580 -87.780 -86.965 -86.147 -85.329 -84.512 -83.699 -82.890 -82.085 -81.286 -80.494 -79.708
 -87.016 -87.804 -88.534 -89.057 -88.976 -88.380 -87.631 -86.837 -86.027 -85.210 -84.392 -83.575 -82.761 -81.950 -81.145 -80.345 -79.552
 -86.843 -87.593 -88.251 -88.668 -88.606 -88.112 -87.425 -86.663 -85.870 -85.061 -84.246 -83.429 -82.612 -81.798 -80.987 -80.182 -79.382
 -86.629 -87.336 -87.926 -88.270 -88.220 -87.802 -87.176 -86.452 -85.680 -84.884 -84.076 -83.261 -82.444 -81.628 -80.814 -80.004 -79.200
 -86.382 -87.046 -87.576 -87.870 -87.827 -87.465 -86.894 -86.209 -85.462 -84.682 -83.883 -83.073 -82.258 -81.442 -80.626 -79.814 -79.005
 -86.108 -86.730 -87.211 -87.468 -87.430 -87.110 -86.587 -85.940 -85.220 -84.458 -83.670 -82.868 -82.056 -81.241 -80.425 -79.610 -78.799
 -85.812 -86.396 -86.836 -87.065 -87.031 -86.743 -86.261 -85.650 -84.957 -84.214 -83.439 -82.645 -81.839 -81.026 -80.211 -79.396 -78.582
 -85.499 -86.049 -86.455 -86.661 -86.630 -86.369 -85.921 -85.342 -84.676 -83.952 -83.192 -82.408 -81.608 -80.799 -79.985 -79.169 -78.356
 -85.172 -85.692 -86.068 -86.257 -86.229 -85.988 -85.570 -85.021 -84.380 -83.676 -82.930 -82.156 -81.364 -80.559 -79.748 -78.933 -78.119
 -84.833 -85.326 -85.678 -85.853 -85.826 -85.603 -85.211 -84.688 -84.071 -83.386 -82.655 -81.892 -81.108 -80.308 -79.500 -78.687 -77.872
 -84.486 -84.954 -85.285 -85.448 -85.424 -85.215 -84.845 -84.346 -83.751 -83.085 -82.369 -81.617 -80.841 -80.047 -79.243 -78.432 -77.618
 -84.130 -84.578 -84.891 -85.043 -85.020 -84.824 -84.473 -83.996 -83.421 -82.773 -82.072 -81.332 -80.564 -79.777 -78.976 -78.168 -77.355
 -83.769 -84.197 -84.494 -84.639 -84.617 -84.431 -84.097 -83.640 -83.084 -82.453 -81.766 -81.037 -80.278 -79.497 -78.701 -77.896 -77.084
 -83.402 -83.813 -84.097 -84.234 -84.213 -84.037 -83.718 -83.278 -82.739 -82.125 -81.451 -80.734 -79.984 -79.210 -78.420 -77.617 -76.807
 -83.031 -83.426 -83.698 -83.829 -83.809 -83.641 -83.335 -82.911 -82.389 -81.789 -81.129 -80.423 -79.682 -78.915 -78.130 -77.330 -76.522
 -82.656 -83.037 -83.299 -83.424 -83.405 -83.244 -82.950 -82.540 -82.033 -81.448 -80.801 -80.105 -79.373 -78.613 -77.833 -77.037 -76.232
 -82.277 -82.646 -82.898 -83.019 -83.001 -82.846 -82.563 -82.166 -81.673 -81.101 -80.466 -79.781 -79.058 -78.306 -77.530 -76.738 -75.935
 -81.896 -82.254 -82.497 -82.613 -82.596 -82.447 -82.174 -81.789 -81.309 -80.750 -80.126 -79.452 -78.737 -77.991 -77.221 -76.433 -75.633
 -81.512 -81.860 -82.095 -82.208 -82.192 -82.048 -81.783 -81.409 -80.941 -80.394 -79.782 -79.117 -78.411 -77.671 -76.907 -76.123 -75.325
 -81.126 -81.465 -81.693 -81.802 -81.787 -81.647 -81.391 -81.027 -80.570 -80.034 -79.432 -78.777 -78.079 -77.347 -76.587 -75.807 -75.013
 -80.739 -81.068 -81.291 -81.397 -81.382 -81.247 -80.997 -80.643 -80.197 -79.671 -79.079 -78.434 -77.743 -77.017 -76.263 -75.487 -74.696
 -80.349 -80.671 -80.887 -80.991 -80.976 -80.845 -80.602 -80.257 -79.820 -79.305 -78.722 -78.086 -77.402 -76.683 -75.934 -75.163 -74.374
 -79.958 -80.272 -80.484 -80.585 -80.571 -80.443 -80.207 -79.869 -79.441 -78.935 -78.363 -77.734 -77.058 -76.344 -75.601 -74.834 -74.048
 -79.565 -79.873 -80.080 -80.178 -80.165 -80.041 -79.810 -79.480 -79.061 -78.563 -78.000 -77.378 -76.709 -76.002 -75.264 -74.501 -73.718
 -79.171 -79.473 -79.676 -79.772 -79.759 -79.638 -79.412 -79.089 -78.678 -78.190 -77.633 -77.019 -76.358 -75.656 -74.923 -74.164 -73.385
 -78.776 -79.072 -79.271 -79.365 -79.353 -79.235 -79.014 -78.697 -78.295 -77.813 -77.264 -76.658 -76.003 -75.307 -74.579 -73.824 -73.048
 -78.382 -78.671 -78.866 -78.959 -78.947 -78.831 -78.615 -78.306 -77.909 -77.435 -76.893 -76.293 -75.645 -74.955 -74.232 -73.480 -72.709
 -77.984 -78.270 -78.462 -78.552 -78.540 -78.429 -78.217 -77.912 -77.521 -77.054 -76.519 -75.927 -75.284 -74.600 -73.881 -73.134 -72.366
 -77.586 -77.868 -78.056 -78.146 -78.135 -78.024 -77.816 -77.516 -77.132 -76.671 -76.144 -75.557 -74.921 -74.242 -73.527 -72.786 -72.019
 -77.187 -77.464 -77.649 -77.738 -77.728 -77.619 -77.415 -77.120 -76.741 -76.287 -75.766 -75.186 -74.555 -73.881 -73.171 -72.433 -71.670
 -76.787 -77.060 -77.243 -77.330 -77.320 -77.214 -77.013 -76.723 -76.350 -75.902 -75.386 -74.812 -74.187 -73.518 -72.814 -72.078 -71.318
 -76.386 -76.655 -76.835 -76.922 -76.913 -76.808 -76.610 -76.325 -75.957 -75.514 -75.005 -74.436 -73.816 -73.152 -72.453 -71.721 -70.963
 -75.984 -76.250 -76.428 -76.513 -76.505 -76.402 -76.207 -75.926 -75.563 -75.126 -74.622 -74.059 -73.444 -72.786 -72.089 -71.361 -70.606
 -75.582 -75.845 -76.020 -76.105 -76.096 -75.995 -75.804 -75.526 -75.168 -74.736 -74.237 -73.679 -73.069 -72.416 -71.724 -70.998 -70.246
 -75.178 -75.438 -75.612 -75.696 -75.688 -75.588 -75.400 -75.126 -74.772 -74.345 -73.851 -73.298 -72.695 -72.045 -71.356 -70.634 -69.884
 -74.775 -75.032 -75.203 -75.286 -75.279 -75.181 -74.995 -74.725 -74.375 -73.953 -73.464 -72.916 -72.317 -71.671 -70.986 -70.267 -69.520
 -74.370 -74.624 -74.794 -74.877 -74.869 -74.773 -74.590 -74.323 -73.977 -73.559 -73.075 -72.533 -71.937 -71.296 -70.614 -69.898 -69.154
 -73.965 -74.217 -74.385 -74.467 -74.460 -74.365 -74.184 -73.920 -73.579 -73.165 -72.687 -72.148 -71.556 -70.918 -70.240 -69.528 -68.786
 -73.559 -73.809 -73.975 -74.056 -74.050 -73.956 -73.778 -73.517 -73.179 -72.771 -72.296 -71.761 -71.174 -70.539 -69.865 -69.155 -68.416
 -73.152 -73.400 -73.565 -73.646 -73.640 -73.548 -73.371 -73.113 -72.781 -72.375 -71.904 -71.373 -70.789 -70.159 -69.487 -68.780 -68.043
