  -28.202  -27.885  -27.570  -27.256  -26.945  -26.637  -26.333  -26.035  -25.744  -25.460  -25.186  -24.922  -24.670  -24.431  -24.207  -24.000  -23.813
  -28.427  -28.014  -27.598  -27.181  -26.765  -26.352  -25.942  -25.539  -25.144  -24.758  -24.384  -24.023  -23.676  -23.346  -23.034  -22.742  -22.471
  -28.717  -28.194  -27.666  -27.135  -26.604  -26.076  -25.552  -25.036  -24.530  -24.036  -23.557  -23.095  -22.652  -22.231  -21.832  -21.458  -21.110
  -29.070  -28.429  -27.779  -27.126  -26.471  -25.819  -25.174  -24.538  -23.914  -23.307  -22.720  -22.154  -21.612  -21.098  -20.613  -20.159  -19.738
  -29.469  -28.700  -27.921  -27.136  -26.349  -25.566  -24.790  -24.026  -23.279  -22.553  -21.851  -21.177  -20.535  -19.927  -19.355  -18.822  -18.330
  -29.907  -29.001  -28.083  -27.157  -26.228  -25.304  -24.389  -23.492  -22.614  -21.762  -20.941  -20.156  -19.409  -18.705  -18.047  -17.436  -16.875
  -30.384  -29.335  -28.267  -27.189  -26.109  -25.033  -23.970  -22.926  -21.908  -20.924  -19.979  -19.077  -18.227  -17.427  -16.682  -15.994  -15.367
  -30.903  -29.698  -28.471  -27.230  -25.986  -24.748  -23.525  -22.327  -21.162  -20.038  -18.962  -17.941  -16.979  -16.081  -15.254  -14.492  -13.801
  -31.467  -30.095  -28.695  -27.279  -25.858  -24.444  -23.050  -21.687  -20.365  -19.094  -17.882  -16.737  -15.665  -14.669  -13.754  -12.921  -12.175
  -32.078  -30.527  -28.942  -27.335  -25.723  -24.120  -22.541  -21.000  -19.511  -18.085  -16.732  -15.460  -14.276  -13.184  -12.186  -11.286  -10.483
  -32.741  -30.999  -29.212  -27.399  -25.579  -23.771  -21.992  -20.262  -18.595  -17.005  -15.505  -14.103  -12.806  -11.618  -10.543   -9.580   -8.729
  -33.459  -31.551  -29.590  -27.596  -25.594  -23.604  -21.651  -19.754  -17.932  -16.203  -14.578  -13.068  -11.680  -10.419   -9.285   -8.278   -7.398
  -34.234  -32.173  -30.049  -27.885  -25.709  -23.547  -21.427  -19.372  -17.406  -15.545  -13.806  -12.199  -10.731   -9.406   -8.224   -7.186   -6.286
  -35.054  -32.849  -30.567  -28.238  -25.892  -23.561  -21.277  -19.068  -16.960  -14.973  -13.125  -11.427   -9.885   -8.504   -7.283   -6.220   -5.311
  -35.907  -33.567  -31.136  -28.648  -26.137  -23.642  -21.197  -18.838  -16.593  -14.485  -12.534  -10.750   -9.142   -7.712   -6.459   -5.379   -4.467
  -36.768  -34.255  -31.634  -28.942  -26.223  -23.519  -20.874  -18.328  -15.914  -13.659  -11.583   -9.698   -8.012   -6.525   -5.235   -4.134   -3.217
  -37.682  -34.907  -31.999  -29.005  -25.977  -22.969  -20.036  -17.224  -14.575  -12.119   -9.877   -7.861   -6.075   -4.516   -3.178   -2.052   -1.126
  -38.700  -35.641  -32.417  -29.087  -25.716  -22.372  -19.121  -16.023  -13.124  -10.460   -8.051   -5.907   -4.030   -2.411   -1.039    0.100    1.021
  -39.837  -36.467  -32.895  -29.191  -25.436  -21.717  -18.116  -14.707  -11.543   -8.665   -6.091   -3.828   -1.871   -0.206    1.185    2.321    3.224
  -41.108  -37.400  -33.442  -29.318  -25.131  -20.991  -17.004  -13.256   -9.814   -6.717   -3.984   -1.613    0.409    2.103    3.495    4.612    5.480
  -42.535  -38.459  -34.069  -29.471  -24.794  -20.181  -15.763  -11.649   -7.915   -4.600   -1.717    0.746    2.813    4.516    5.890    6.969    7.786
  -44.142  -39.666  -34.794  -29.655  -24.418  -19.266  -14.369   -9.859   -5.822   -2.294    0.725    3.258    5.347    7.035    8.368    9.389   10.137
  -45.961  -41.050  -35.635  -29.876  -23.992  -18.223  -12.789   -7.853   -3.506    0.223    3.353    5.929    8.011    9.657   10.925   11.868   12.529
  -48.028  -42.647  -36.620  -30.143  -23.502  -17.021  -10.986   -5.594   -0.939    2.970    6.180    8.764   10.804   12.378   13.556   14.398   14.955
  -50.390  -44.506  -37.785  -30.466  -22.931  -15.619   -8.908   -3.035    1.915    5.970    9.216   11.765   13.725   15.194   16.253   16.973   17.407
  -53.100  -46.687  -39.179  -30.863  -22.254  -13.961   -6.492   -0.123    5.092    9.240   12.468   14.931   16.767   18.095   19.008   19.583   19.879
  -56.226  -49.273  -40.873  -31.358  -21.432  -11.970   -3.657    3.204    8.628   12.798   15.938   18.255   19.921   21.071   21.811   22.220   22.361
  -59.843  -52.368  -42.967  -31.986  -20.414   -9.538   -0.297    7.016   12.559   16.654   19.622   21.727   23.173   24.110   24.649   24.874   24.846
  -64.038  -56.112  -45.606  -32.805  -19.112   -6.508    3.720   11.390   16.914   20.809   23.508   25.332   26.508   27.197   27.511   27.533   27.324
  -68.901  -60.684  -49.016  -33.911  -17.388   -2.649    8.558   16.398   21.707   25.251   27.577   29.049   29.907   30.314   30.382   30.187   29.786
  -74.514  -66.307  -53.545  -35.475  -14.992    2.384   14.408   22.097   26.933   29.955   31.799   32.850   33.347   33.446   33.248   32.825   32.225
  -80.927  -73.231  -59.747  -37.842  -11.443    9.106   21.461   28.507   32.559   34.878   36.136   36.706   36.806   36.573   36.097   35.436   34.632
  -88.125  -81.675  -68.484  -41.802   -5.694   18.230   29.849   35.581   38.512   39.960   40.543   40.582   40.258   39.679   38.914   38.011   37.000
  -95.993  -91.699  -80.921  -49.606    4.901   30.540   39.530   43.188   44.689   45.127   44.970   44.446   43.679   42.744   41.688   40.540   39.322
 -104.294 -103.012  -97.876  -69.946   27.598   46.249   50.172   51.102   50.953   50.298   49.365   48.261   47.047   45.755   44.407   43.016   41.592
 -112.701 -114.881 -117.916 -128.137   70.447   63.879   61.133   59.034   57.161   55.391   53.678   51.998   50.340   48.695   47.060   45.431   43.806
 -120.858 -126.332 -136.834 -171.697  105.738   80.463   71.651   66.695   63.173   60.331   57.866   55.629   53.541   51.554   49.641   47.780   45.960
 -128.469 -136.578 -151.545  174.245  122.155   93.892   81.127   73.848   68.875   65.057   61.892   59.130   56.634   54.321   52.141   50.058   48.049
 -135.349 -145.260 -162.005  168.212  130.267  103.952   89.283   80.346   74.190   69.523   65.728   62.484   59.608   56.989   54.556   52.261   50.072
 -141.429 -152.400 -169.364  164.939  134.928  111.350   96.118   86.134   79.076   73.701   69.357   65.680   62.456   59.552   56.882   54.388   52.027
 -146.725 -158.204 -174.658  162.901  137.922  116.852  101.778   91.225   83.520   77.579   72.768   68.710   65.172   62.007   59.117   56.435   53.914
 -151.303 -162.921 -178.586  161.517  139.998  121.035  106.458   95.671   87.534   81.158   75.960   71.571   67.753   64.352   61.260   58.404   55.732
 -155.252 -166.781  178.413  160.518  141.522  124.292  110.346   99.544   91.144   84.445   78.934   74.264   70.201   66.587   63.310   60.294   57.481
 -158.661 -169.969  176.058  159.766  142.688  126.887  113.599  102.920   94.385   87.456   81.698   76.793   72.517   68.713   65.270   62.106   59.156
 -161.612 -172.630  174.169  159.180  143.609  128.994  116.345  105.870   97.292   90.212   84.263   79.164   74.705   70.734   67.140   63.841   60.771
 -164.180 -174.875  172.623  158.712  144.356  130.737  118.686  108.457   99.903   92.731   86.640   81.384   76.770   72.652   68.923   65.502   62.322
 -166.423 -176.788  171.338  158.331  144.974  132.200  120.698  110.736  102.252   95.034   88.842   83.461   78.716   74.471   70.622   67.084   63.808
 -168.395 -178.434  170.254  158.016  145.495  133.445  122.443  112.753  104.369   97.143   90.882   85.403   80.549   76.194   72.239   68.602   65.234
 -170.137 -179.861  169.330  157.751  145.941  134.517  123.969  114.547  106.283   99.075   92.773   87.220   82.277   77.828   73.779   70.053   66.600
 -171.683  178.891  168.532  157.525  146.327  135.449  125.313  116.151  108.017  100.849   94.527   88.920   83.904   79.375   75.240   71.439   67.908
 -173.063  177.792  167.838  157.332  146.664  136.268  126.504  117.590  109.595  102.480   96.156   90.511   85.438   80.841   76.635   72.762   69.162
 -174.299  176.818  167.229  157.165  146.963  136.992  127.568  118.889  111.033  103.983   97.669   92.001   86.883   82.230   77.963   74.026   70.363
 -175.413  175.950  166.691  157.020  147.229  137.637  128.522  120.066  112.349  105.370   99.078   93.398   88.246   83.543   79.227   75.234   71.514
 -176.420  175.172  166.213  156.893  147.467  138.216  129.383  121.135  113.556  106.653  100.392   94.708   89.533   84.792   80.430   76.388   72.616
 -177.334  174.472  165.786  156.780  147.683  138.739  130.164  122.112  114.666  107.843  101.617   95.939   90.743   85.977   81.576   77.490   73.672
 -178.166  173.838  165.402  156.681  147.879  139.213  130.875  123.007  115.690  108.948  102.763   97.097   91.892   87.102   82.668   78.544   74.685
 -178.927  173.263  165.055  156.594  148.059  139.645  131.525  123.830  116.638  109.976  103.836   98.182   92.978   88.170   83.709   79.551   75.655
 -179.625  172.738  164.741  156.515  148.224  140.041  132.122  124.589  117.516  110.935  104.842   99.210   94.006   89.185   84.702   80.515   76.586
  179.734  172.258  164.455  156.446  148.377  140.405  132.672  125.291  118.333  111.830  105.783  100.179   94.981   90.151   85.649   81.437   77.479
  179.143  171.818  164.195  156.383  148.518  140.741  133.181  125.942  119.093  112.669  106.672  101.094   95.904   91.069   86.553   82.319   78.335
  178.597  171.413  163.956  156.328  148.650  141.052  133.653  126.548  119.804  113.452  107.509  101.959   96.781   91.944   87.416   83.164   79.157
  178.091  171.040  163.738  156.278  148.773  141.341  134.091  127.113  120.466  114.191  108.298  102.778   97.613   92.778   88.241   83.974   79.947
  177.622  170.695  163.536  156.233  148.888  141.611  134.500  127.639  121.090  114.887  109.043  103.554   98.405   93.573   89.030   84.750   80.703
  177.184  170.375  163.351  156.193  148.997  141.861  134.881  128.134  121.676  115.542  109.747  104.290   99.158   94.331   89.785   85.495   81.431
  176.777  170.078  163.179  156.157  149.099  142.098  135.240  128.598  122.227  116.160  110.414  104.989   99.876   95.056   90.508   86.207   82.132
  176.396  169.802  163.021  156.125  149.196  142.320  135.577  129.035  122.747  116.745  111.046  105.654  100.560   95.748   91.201   86.892   82.806
  176.041  169.544  162.873  156.096  149.288  142.529  135.894  129.447  123.237  117.298  111.646  106.286  101.212   96.411   91.862   87.551   83.454
  175.707  169.304  162.737  156.071  149.376  142.727  136.193  129.836  123.701  117.823  112.217  106.889  101.835   97.044   92.498   88.183   84.078
  175.395  169.079  162.610  156.048  149.459  142.913  136.476  130.203  124.141  118.320  112.759  107.463  102.430   97.649   93.109   88.791   84.679
  175.102  168.869  162.492  156.028  149.539  143.090  136.743  130.551  124.558  118.793  113.275  108.011  103.000   98.231   93.695   89.376   85.258
  174.826  168.671  162.382  156.011  149.616  143.259  136.997  130.882  124.954  119.243  113.767  108.535  103.543   98.788   94.258   89.939   85.816
  174.566  168.487  162.280  155.996  149.689  143.419  137.238  131.196  125.331  119.672  114.237  109.035  104.065   99.323   94.800   90.481   86.354
  174.322  168.313  162.184  155.982  149.760  143.571  137.467  131.494  125.689  120.081  114.686  109.512  104.565   99.837   95.320   91.003   86.872
  174.091  168.150  162.095  155.971  149.828  143.717  137.686  131.779  126.031  120.471  115.113  109.971  105.044  100.331   95.821   91.506   87.373
  173.874  167.996  162.012  155.962  149.894  143.856  137.894  132.050  126.358  120.842  115.524  110.410  105.505  100.805   96.304   91.991   87.856
  173.668  167.852  161.934  155.954  149.958  143.989  138.093  132.309  126.669  121.199  115.917  110.832  105.947  101.261   96.768   92.459   88.323
