  52.743  52.767  52.782  52.789  52.789  52.782  52.769  52.749  52.724  52.693  52.656  52.613  52.565  52.511  52.450  52.383  52.308
  53.273  53.288  53.294  53.293  53.285  53.270  53.249  53.221  53.186  53.145  53.099  53.046  52.987  52.922  52.852  52.776  52.694
  53.767  53.777  53.779  53.774  53.760  53.738  53.709  53.673  53.629  53.578  53.521  53.456  53.385  53.305  53.222  53.132  53.037
  54.220  54.229  54.229  54.219  54.201  54.174  54.138  54.093  54.040  53.979  53.910  53.833  53.749  53.658  53.560  53.455  53.341
  54.656  54.665  54.663  54.650  54.627  54.594  54.551  54.499  54.436  54.365  54.284  54.195  54.097  53.991  53.877  53.756  53.628
  55.083  55.091  55.087  55.072  55.045  55.006  54.956  54.895  54.823  54.741  54.649  54.547  54.435  54.314  54.185  54.047  53.901
  55.504  55.512  55.506  55.488  55.457  55.412  55.355  55.286  55.205  55.112  55.007  54.892  54.766  54.630  54.484  54.329  54.166
  55.920  55.928  55.922  55.901  55.865  55.815  55.751  55.673  55.582  55.478  55.361  55.232  55.091  54.940  54.777  54.605  54.424
  56.334  56.342  56.334  56.310  56.270  56.214  56.143  56.057  55.956  55.840  55.711  55.568  55.412  55.245  55.066  54.876  54.676
  56.746  56.754  56.745  56.718  56.674  56.612  56.533  56.438  56.327  56.200  56.057  55.901  55.730  55.547  55.350  55.143  54.924
  57.156  57.165  57.154  57.124  57.075  57.008  56.922  56.817  56.696  56.557  56.401  56.231  56.045  55.845  55.631  55.405  55.168
  57.432  57.444  57.434  57.404  57.352  57.280  57.189  57.077  56.946  56.797  56.630  56.446  56.246  56.030  55.800  55.556  55.300
  57.640  57.656  57.649  57.619  57.566  57.491  57.394  57.276  57.137  56.978  56.799  56.602  56.387  56.156  55.909  55.647  55.371
  57.806  57.828  57.825  57.796  57.743  57.665  57.564  57.439  57.292  57.123  56.933  56.723  56.494  56.247  55.982  55.701  55.405
  57.935  57.964  57.966  57.940  57.886  57.807  57.702  57.571  57.416  57.238  57.036  56.813  56.569  56.306  56.023  55.723  55.405
  58.174  58.208  58.211  58.186  58.131  58.047  57.937  57.799  57.635  57.446  57.233  56.996  56.737  56.457  56.157  55.838  55.500
  58.625  58.657  58.658  58.627  58.567  58.476  58.357  58.209  58.034  57.832  57.606  57.355  57.081  56.785  56.468  56.131  55.776
  59.069  59.100  59.097  59.063  58.996  58.899  58.770  58.613  58.426  58.212  57.971  57.706  57.416  57.103  56.769  56.415  56.042
  59.507  59.537  59.532  59.493  59.421  59.316  59.179  59.011  58.813  58.585  58.331  58.050  57.744  57.415  57.063  56.691  56.300
  59.941  59.969  59.962  59.919  59.841  59.729  59.583  59.404  59.194  58.954  58.685  58.388  58.066  57.719  57.350  56.959  56.549
  60.370  60.398  60.389  60.341  60.258  60.138  59.982  59.793  59.571  59.317  59.034  58.721  58.382  58.018  57.630  57.221  56.791
  60.796  60.824  60.812  60.761  60.671  60.543  60.379  60.179  59.944  59.677  59.378  59.049  58.693  58.311  57.905  57.476  57.027
  61.220  61.247  61.233  61.177  61.082  60.946  60.772  60.561  60.314  60.032  59.718  59.373  58.999  58.599  58.174  57.725  57.256
  61.641  61.668  61.651  61.592  61.490  61.347  61.163  60.940  60.680  60.384  60.054  59.693  59.301  58.882  58.437  57.969  57.480
  62.059  62.086  62.067  62.004  61.896  61.744  61.551  61.317  61.043  60.733  60.387  60.008  59.599  59.160  58.696  58.208  57.698
  62.476  62.503  62.482  62.414  62.300  62.140  61.937  61.691  61.404  61.078  60.716  60.320  59.892  59.434  58.950  58.442  57.911
  62.892  62.918  62.895  62.823  62.703  62.534  62.320  62.062  61.761  61.420  61.042  60.628  60.181  59.704  59.200  58.670  58.119
  63.306  63.332  63.307  63.231  63.103  62.927  62.702  62.431  62.116  61.760  61.364  60.932  60.466  59.969  59.444  58.894  58.321
  63.718  63.745  63.718  63.637  63.503  63.317  63.082  62.798  62.469  62.097  61.684  61.233  60.748  60.230  59.685  59.113  58.518
  64.130  64.157  64.128  64.042  63.901  63.707  63.460  63.163  62.819  62.430  62.000  61.530  61.025  60.487  59.920  59.327  58.711
  64.541  64.568  64.536  64.446  64.298  64.094  63.836  63.526  63.167  62.762  62.313  61.824  61.299  60.740  60.152  59.537  58.898
  64.950  64.978  64.944  64.849  64.694  64.481  64.211  63.887  63.513  63.090  62.623  62.114  61.569  60.989  60.379  59.742  59.081
  65.359  65.387  65.351  65.252  65.089  64.866  64.584  64.246  63.856  63.416  62.930  62.401  61.835  61.234  60.602  59.942  59.259
  65.768  65.796  65.758  65.653  65.483  65.250  64.956  64.604  64.197  63.739  63.233  62.685  62.097  61.474  60.820  60.138  59.432
  66.175  66.204  66.164  66.054  65.876  65.633  65.326  64.959  64.535  64.059  63.534  62.965  62.356  61.711  61.034  60.329  59.600
  66.582  66.612  66.569  66.454  66.269  66.014  65.694  65.312  64.871  64.376  63.832  63.241  62.610  61.943  61.243  60.515  59.763
  66.989  67.019  66.974  66.854  66.660  66.395  66.061  65.663  65.205  64.691  64.126  63.514  62.861  62.171  61.448  60.697  59.921
  67.395  67.426  67.379  67.253  67.050  66.774  66.427  66.013  65.537  65.003  64.417  63.784  63.108  62.394  61.648  60.874  60.075
  67.801  67.833  67.783  67.651  67.440  67.152  66.791  66.360  65.866  65.312  64.705  64.049  63.350  62.614  61.844  61.046  60.223
  68.206  68.239  68.187  68.050  67.829  67.529  67.153  66.706  66.192  65.618  64.989  64.311  63.589  62.829  62.035  61.213  60.367
  68.611  68.645  68.590  68.447  68.217  67.905  67.514  67.049  66.516  65.921  65.270  64.569  63.823  63.039  62.221  61.375  60.505
  69.016  69.051  68.994  68.844  68.605  68.280  67.873  67.390  66.838  66.221  65.548  64.823  64.054  63.245  62.403  61.533  60.639
  69.421  69.457  69.397  69.241  68.992  68.653  68.231  67.729  67.157  66.518  65.822  65.073  64.280  63.447  62.580  61.685  60.767
  69.825  69.863  69.800  69.637  69.378  69.026  68.586  68.066  67.473  66.812  66.092  65.319  64.501  63.643  62.752  61.833  60.890
  70.229  70.268  70.202  70.033  69.763  69.397  68.940  68.401  67.786  67.102  66.358  65.561  64.718  63.835  62.919  61.975  61.008
  70.633  70.674  70.605  70.428  70.147  69.766  69.293  68.733  68.096  67.389  66.621  65.799  64.930  64.022  63.081  62.112  61.121
  71.037  71.079  71.007  70.823  70.531  70.135  69.643  69.063  68.403  67.672  66.879  66.032  65.138  64.204  63.238  62.244  61.229
  71.440  71.484  71.410  71.218  70.914  70.502  69.991  69.390  68.707  67.952  67.133  66.260  65.340  64.381  63.389  62.371  61.331
  71.844  71.890  71.812  71.612  71.296  70.868  70.338  69.714  69.008  68.228  67.383  66.484  65.538  64.553  63.536  62.492  61.427
  72.247  72.295  72.214  72.006  71.677  71.232  70.682  70.036  69.305  68.499  67.629  66.703  65.731  64.720  63.677  62.608  61.519
  72.650  72.700  72.616  72.400  72.057  71.595  71.024  70.355  69.599  68.767  67.870  66.918  65.919  64.881  63.812  62.718  61.605
  73.054  73.106  73.018  72.793  72.436  71.956  71.363  70.671  69.889  69.031  68.107  67.127  66.101  65.037  63.942  62.823  61.685
  73.457  73.511  73.420  73.185  72.814  72.315  71.701  70.983  70.175  69.290  68.338  67.331  66.278  65.188  64.067  62.922  61.759
  73.860  73.917  73.822  73.577  73.191  72.673  72.035  71.292  70.458  69.544  68.565  67.530  66.450  65.332  64.185  63.016  61.829
  74.262  74.322  74.224  73.969  73.567  73.028  72.367  71.598  70.736  69.794  68.786  67.724  66.616  65.471  64.298  63.103  61.892
  74.665  74.728  74.625  74.360  73.942  73.382  72.696  71.900  71.009  70.039  69.003  67.911  66.776  65.605  64.406  63.185  61.949
  75.068  75.134  75.027  74.751  74.315  73.733  73.022  72.198  71.279  70.279  69.213  68.094  66.930  65.732  64.507  63.261  62.001
  75.470  75.540  75.429  75.141  74.687  74.082  73.344  72.492  71.543  70.514  69.419  68.270  67.078  65.853  64.602  63.332  62.047
  75.873  75.946  75.831  75.530  75.057  74.429  73.663  72.782  71.803  70.743  69.618  68.440  67.221  65.968  64.691  63.396  62.088
  76.275  76.353  76.232  75.919  75.426  74.773  73.979  73.067  72.057  70.967  69.811  68.604  67.357  66.077  64.774  63.454  62.122
  76.677  76.759  76.634  76.307  75.793  75.114  74.291  73.348  72.306  71.185  69.999  68.762  67.486  66.180  64.851  63.506  62.151
  77.079  77.166  77.035  76.694  76.159  75.452  74.598  73.624  72.550  71.396  70.180  68.914  67.609  66.276  64.922  63.552  62.173
  77.481  77.573  77.437  77.080  76.522  75.786  74.902  73.894  72.787  71.602  70.354  69.059  67.726  66.366  64.986  63.592  62.190
  77.883  77.980  77.838  77.466  76.883  76.118  75.200  74.159  73.019  71.801  70.522  69.197  67.836  66.449  65.044  63.626  62.200
  78.284  78.388  78.240  77.850  77.241  76.445  75.494  74.418  73.244  71.993  70.683  69.328  67.939  66.526  65.095  63.653  62.205
  78.685  78.795  78.641  78.233  77.597  76.769  75.782  74.671  73.462  72.178  70.837  69.452  68.035  66.596  65.140  63.674  62.203
  79.086  79.203  79.042  78.614  77.950  77.088  76.065  74.918  73.674  72.356  70.983  69.569  68.125  66.659  65.178  63.689  62.196
  79.486  79.611  79.443  78.995  78.300  77.402  76.342  75.158  73.878  72.527  71.122  69.679  68.207  66.715  65.210  63.698  62.182
  79.886  80.020  79.843  79.373  78.647  77.712  76.613  75.390  74.075  72.690  71.254  69.781  68.282  66.764  65.235  63.700  62.163
  80.286  80.428  80.243  79.750  78.989  78.015  76.877  75.616  74.264  72.845  71.378  69.876  68.349  66.806  65.253  63.696  62.137
  80.684  80.837  80.643  80.124  79.328  78.313  77.134  75.833  74.444  72.992  71.493  69.963  68.409  66.842  65.265  63.685  62.105
  81.082  81.246  81.043  80.496  79.662  78.605  77.383  76.043  74.617  73.131  71.601  70.042  68.462  66.870  65.270  63.668  62.068
  81.479  81.656  81.442  80.865  79.990  78.889  77.624  76.243  74.781  73.261  71.701  70.113  68.507  66.891  65.268  63.645  62.024
  81.875  82.066  81.840  81.231  80.313  79.166  77.857  76.435  74.935  73.382  71.792  70.176  68.545  66.904  65.260  63.615  61.974
  82.270  82.476  82.238  81.594  80.630  79.435  78.080  76.617  75.081  73.494  71.874  70.232  68.575  66.911  65.244  63.579  61.918
  82.663  82.887  82.634  81.953  80.939  79.694  78.294  76.790  75.217  73.597  71.948  70.278  68.597  66.910  65.222  63.536  61.856
