 -106.976 -106.843 -106.713 -106.587 -106.463 -106.343 -106.226 -106.113 -106.003 -105.897 -105.796 -105.701 -105.610 -105.526 -105.448 -105.378 -105.316
 -106.919 -106.754 -106.591 -106.430 -106.271 -106.114 -105.961 -105.812 -105.667 -105.526 -105.391 -105.262 -105.138 -105.022 -104.912 -104.810 -104.717
 -106.888 -106.686 -106.486 -106.286 -106.089 -105.895 -105.705 -105.519 -105.337 -105.161 -104.992 -104.829 -104.673 -104.527 -104.388 -104.258 -104.138
 -106.885 -106.644 -106.404 -106.165 -105.929 -105.696 -105.467 -105.243 -105.025 -104.813 -104.608 -104.412 -104.225 -104.047 -103.879 -103.721 -103.577
 -106.895 -106.613 -106.332 -106.052 -105.776 -105.503 -105.235 -104.972 -104.717 -104.469 -104.229 -104.000 -103.780 -103.572 -103.375 -103.191 -103.020
 -106.911 -106.588 -106.265 -105.944 -105.626 -105.312 -105.004 -104.703 -104.409 -104.125 -103.850 -103.586 -103.335 -103.096 -102.871 -102.661 -102.465
 -106.933 -106.567 -106.201 -105.838 -105.478 -105.122 -104.773 -104.432 -104.100 -103.778 -103.468 -103.170 -102.887 -102.618 -102.364 -102.127 -101.908
 -106.959 -106.549 -106.139 -105.732 -105.329 -104.931 -104.541 -104.159 -103.788 -103.428 -103.082 -102.750 -102.434 -102.135 -101.853 -101.590 -101.347
 -106.987 -106.532 -106.078 -105.627 -105.179 -104.738 -104.306 -103.883 -103.472 -103.074 -102.691 -102.325 -101.976 -101.646 -101.337 -101.048 -100.781
 -107.018 -106.517 -106.017 -105.520 -105.028 -104.543 -104.067 -103.602 -103.151 -102.715 -102.295 -101.894 -101.512 -101.152 -100.815 -100.500 -100.210
 -107.050 -106.503 -105.957 -105.413 -104.875 -104.345 -103.825 -103.318 -102.825 -102.349 -101.893 -101.456 -101.042 -100.652 -100.286  -99.946  -99.634
 -107.147 -106.557 -105.968 -105.382 -104.803 -104.233 -103.674 -103.129 -102.601 -102.091 -101.602 -101.136 -100.694 -100.278  -99.890  -99.530  -99.199
 -107.284 -106.652 -106.022 -105.396 -104.777 -104.168 -103.572 -102.991 -102.429 -101.887 -101.367 -100.873 -100.406  -99.967  -99.558  -99.180  -98.835
 -107.448 -106.775 -106.104 -105.438 -104.779 -104.132 -103.499 -102.883 -102.287 -101.713 -101.165 -100.644 -100.152  -99.692  -99.264  -98.870  -98.511
 -107.637 -106.923 -106.211 -105.505 -104.807 -104.122 -103.452 -102.802 -102.173 -101.569 -100.992 -100.445  -99.930  -99.449  -99.004  -98.595  -98.225
 -107.760 -107.002 -106.247 -105.497 -104.757 -104.031 -103.322 -102.633 -101.968 -101.330 -100.722 -100.146  -99.605  -99.100  -98.634  -98.208  -97.823
 -107.757 -106.950 -106.145 -105.346 -104.557 -103.783 -103.027 -102.294 -101.586 -100.908 -100.262  -99.650  -99.076  -98.542  -98.048  -97.597  -97.191
 -107.760 -106.902 -106.046 -105.196 -104.357 -103.534 -102.731 -101.952 -101.201 -100.482  -99.798  -99.151  -98.544  -97.979  -97.459  -96.984  -96.557
 -107.768 -106.858 -105.949 -105.047 -104.157 -103.284 -102.433 -101.607 -100.813 -100.052  -99.328  -98.646  -98.006  -97.412  -96.866  -96.368  -95.919
 -107.780 -106.816 -105.854 -104.898 -103.956 -103.032 -102.131 -101.258 -100.419  -99.616  -98.854  -98.135  -97.463  -96.840  -96.267  -95.746  -95.278
 -107.797 -106.777 -105.759 -104.749 -103.753 -102.776 -101.825 -100.905 -100.020  -99.174  -98.373  -97.619  -96.914  -96.262  -95.663  -95.120  -94.633
 -107.816 -106.740 -105.666 -104.599 -103.548 -102.518 -101.515 -100.545  -99.614  -98.726  -97.885  -97.095  -96.358  -95.677  -95.053  -94.488  -93.982
 -107.840 -106.705 -105.572 -104.448 -103.340 -102.255 -101.200 -100.180  -99.202  -98.271  -97.390  -96.564  -95.794  -95.084  -94.436  -93.850  -93.326
 -107.866 -106.672 -105.479 -104.295 -103.129 -101.988 -100.879  -99.809  -98.783  -97.808  -96.887  -96.024  -95.223  -94.485  -93.812  -93.205  -92.665
 -107.896 -106.640 -105.385 -104.140 -102.915 -101.716 -100.552  -99.430  -98.357  -97.337  -96.376  -95.477  -94.643  -93.878  -93.181  -92.554  -91.997
 -107.929 -106.609 -105.291 -103.983 -102.696 -101.439 -100.219  -99.044  -97.922  -96.857  -95.856  -94.921  -94.055  -93.262  -92.542  -91.896  -91.324
 -107.964 -106.579 -105.195 -103.824 -102.474 -101.156  -99.879  -98.651  -97.479  -96.369  -95.326  -94.355  -93.459  -92.638  -91.896  -91.231  -90.644
 -108.003 -106.550 -105.099 -103.661 -102.247 -100.867  -99.532  -98.249  -97.026  -95.871  -94.787  -93.780  -92.852  -92.006  -91.241  -90.559  -89.958
 -108.044 -106.522 -105.002 -103.496 -102.015 -100.572  -99.177  -97.838  -96.565  -95.363  -94.239  -93.196  -92.237  -91.364  -90.578  -89.879  -89.265
 -108.088 -106.495 -104.903 -103.327 -101.778 -100.270  -98.813  -97.418  -96.093  -94.845  -93.679  -92.601  -91.612  -90.713  -89.907  -89.191  -88.566
 -108.135 -106.468 -104.803 -103.154 -101.536  -99.961  -98.442  -96.989  -95.611  -94.316  -93.110  -91.995  -90.976  -90.053  -89.227  -88.496  -87.860
 -108.185 -106.442 -104.701 -102.978 -101.287  -99.644  -98.061  -96.550  -95.119  -93.777  -92.529  -91.379  -90.330  -89.384  -88.538  -87.793  -87.147
 -108.238 -106.417 -104.597 -102.797 -101.033  -99.320  -97.671  -96.100  -94.615  -93.225  -91.936  -90.752  -89.674  -88.704  -87.841  -87.083  -86.427
 -108.294 -106.392 -104.492 -102.612 -100.772  -98.986  -97.271  -95.639  -94.100  -92.662  -91.332  -90.113  -89.007  -88.015  -87.134  -86.364  -85.701
 -108.353 -106.367 -104.384 -102.423 -100.504  -98.644  -96.861  -95.167  -93.573  -92.087  -90.716  -89.463  -88.329  -87.315  -86.419  -85.637  -84.968
 -108.416 -106.343 -104.273 -102.228 -100.228  -98.293  -96.440  -94.682  -93.033  -91.499  -90.087  -88.800  -87.640  -86.605  -85.694  -84.903  -84.227
 -108.482 -106.320 -104.161 -102.028  -99.945  -97.932  -96.007  -94.186  -92.480  -90.898  -89.445  -88.126  -86.939  -85.885  -84.960  -84.160  -83.480
 -108.551 -106.297 -104.045 -101.822  -99.653  -97.560  -95.562  -93.676  -91.913  -90.283  -88.790  -87.438  -86.227  -85.154  -84.216  -83.409  -82.727
 -108.625 -106.274 -103.927 -101.611  -99.353  -97.178  -95.105  -93.152  -91.332  -89.653  -88.121  -86.738  -85.502  -84.412  -83.463  -82.650  -81.966
 -108.702 -106.252 -103.805 -101.393  -99.044  -96.784  -94.635  -92.615  -90.737  -89.010  -87.439  -86.024  -84.766  -83.660  -82.701  -81.883  -81.199
 -108.783 -106.230 -103.680 -101.168  -98.725  -96.378  -94.151  -92.063  -90.126  -88.351  -86.741  -85.298  -84.018  -82.897  -81.929  -81.108  -80.426
 -108.869 -106.208 -103.552 -100.937  -98.396  -95.959  -93.652  -91.495  -89.500  -87.677  -86.030  -84.557  -83.257  -82.123  -81.148  -80.326  -79.646
 -108.959 -106.187 -103.420 -100.697  -98.056  -95.527  -93.139  -90.911  -88.858  -86.987  -85.303  -83.803  -82.483  -81.338  -80.358  -79.535  -78.859
 -109.054 -106.167 -103.284 -100.450  -97.704  -95.081  -92.610  -90.311  -88.198  -86.281  -84.560  -83.034  -81.697  -80.542  -79.558  -78.737  -78.067
 -109.155 -106.146 -103.144 -100.195  -97.341  -94.620  -92.064  -89.693  -87.521  -85.557  -83.802  -82.251  -80.898  -79.734  -78.749  -77.931  -77.268
 -109.260 -106.127 -102.999  -99.930  -96.965  -94.144  -91.500  -89.056  -86.826  -84.817  -83.027  -81.453  -80.086  -78.916  -77.930  -77.117  -76.463
 -109.372 -106.107 -102.850  -99.655  -96.575  -93.651  -90.919  -88.401  -86.113  -84.058  -82.236  -80.641  -79.262  -78.087  -77.103  -76.296  -75.653
 -109.489 -106.088 -102.695  -99.371  -96.171  -93.141  -90.318  -87.727  -85.379  -83.281  -81.428  -79.813  -78.424  -77.246  -76.266  -75.468  -74.837
 -109.614 -106.070 -102.535  -99.075  -95.751  -92.613  -89.698  -87.031  -84.626  -82.485  -80.603  -78.970  -77.573  -76.395  -75.420  -74.632  -74.015
 -109.745 -106.052 -102.369  -98.768  -95.316  -92.065  -89.056  -86.314  -83.852  -81.669  -79.760  -78.112  -76.709  -75.533  -74.566  -73.790  -73.189
 -109.883 -106.035 -102.197  -98.449  -94.863  -91.497  -88.392  -85.575  -83.056  -80.834  -78.900  -77.238  -75.832  -74.659  -73.702  -72.941  -72.357
 -110.030 -106.018 -102.018  -98.116  -94.392  -90.907  -87.705  -84.813  -82.238  -79.978  -78.021  -76.349  -74.941  -73.776  -72.830  -72.085  -71.521
 -110.185 -106.002 -101.831  -97.770  -93.901  -90.294  -86.994  -84.026  -81.397  -79.102  -77.124  -75.444  -74.038  -72.881  -71.950  -71.223  -70.680
 -110.350 -105.987 -101.637  -97.408  -93.390  -89.658  -86.257  -83.214  -80.533  -78.204  -76.209  -74.524  -73.121  -71.976  -71.062  -70.355  -69.835
 -110.524 -105.972 -101.435  -97.029  -92.857  -88.995  -85.494  -82.376  -79.644  -77.284  -75.275  -73.587  -72.192  -71.061  -70.166  -69.481  -68.986
 -110.710 -105.958 -101.223  -96.633  -92.300  -88.306  -84.702  -81.511  -78.730  -76.343  -74.321  -72.635  -71.250  -70.136  -69.262  -68.602  -68.133
 -110.907 -105.945 -101.002  -96.219  -91.718  -87.588  -83.881  -80.617  -77.790  -75.378  -73.349  -71.667  -70.295  -69.200  -68.351  -67.717  -67.276
 -111.116 -105.934 -100.770  -95.784  -91.109  -86.839  -83.029  -79.694  -76.824  -74.391  -72.357  -70.683  -69.328  -68.256  -67.432  -66.828  -66.417
 -111.340 -105.923 -100.527  -95.327  -90.471  -86.059  -82.144  -78.741  -75.831  -73.380  -71.346  -69.683  -68.349  -67.302  -66.507  -65.934  -65.554
 -111.578 -105.913 -100.271  -94.846  -89.801  -85.244  -81.226  -77.756  -74.809  -72.346  -70.315  -68.668  -67.357  -66.339  -65.576  -65.035  -64.689
 -111.833 -105.905 -100.001  -94.340  -89.099  -84.392  -80.271  -76.738  -73.759  -71.287  -69.265  -67.638  -66.354  -65.367  -64.638  -64.133  -63.822
 -112.106 -105.898  -99.716  -93.806  -88.361  -83.502  -79.279  -75.686  -72.680  -70.205  -68.196  -66.593  -65.339  -64.387  -63.695  -63.226  -62.953
 -112.399 -105.892  -99.416  -93.241  -87.584  -82.571  -78.248  -74.599  -71.572  -69.098  -67.108  -65.533  -64.314  -63.399  -62.746  -62.317  -62.082
 -112.713 -105.889  -99.097  -92.644  -86.765  -81.596  -77.175  -73.475  -70.432  -67.967  -66.000  -64.458  -63.277  -62.404  -61.792  -61.404  -61.210
 -113.051 -105.887  -98.758  -92.010  -85.902  -80.575  -76.059  -72.315  -69.263  -66.811  -64.873  -63.369  -62.231  -61.401  -60.834  -60.489  -60.337
 -113.416 -105.888  -98.398  -91.336  -84.990  -79.504  -74.899  -71.116  -68.062  -65.631  -63.728  -62.267  -61.174  -60.392  -59.871  -59.572  -59.463
 -113.810 -105.891  -98.013  -90.619  -84.026  -78.381  -73.691  -69.878  -66.829  -64.427  -62.565  -61.151  -60.109  -59.377  -58.905  -58.653  -58.589
 -114.236 -105.897  -97.601  -89.854  -83.006  -77.203  -72.435  -68.600  -65.565  -63.199  -61.384  -60.022  -59.034  -58.356  -57.936  -57.733  -57.715
 -114.700 -105.906  -97.159  -89.037  -81.924  -75.966  -71.127  -67.280  -64.269  -61.946  -60.185  -58.881  -57.952  -57.330  -56.964  -56.812  -56.842
 -115.205 -105.919  -96.683  -88.161  -80.775  -74.666  -69.767  -65.918  -62.941  -60.671  -58.970  -57.729  -56.861  -56.299  -55.989  -55.890  -55.969
 -115.756 -105.936  -96.169  -87.220  -79.555  -73.300  -68.352  -64.515  -61.582  -59.372  -57.739  -56.566  -55.764  -55.264  -55.013  -54.968  -55.098
 -116.360 -105.957  -95.612  -86.207  -78.256  -71.864  -66.881  -63.068  -60.191  -58.051  -56.492  -55.392  -54.660  -54.226  -54.035  -54.047  -54.228
 -117.025 -105.984  -95.005  -85.114  -76.873  -70.354  -65.351  -61.578  -58.769  -56.708  -55.230  -54.209  -53.551  -53.185  -53.057  -53.126  -53.359
 -117.758 -106.018  -94.342  -83.931  -75.398  -68.767  -63.762  -60.044  -57.316  -55.345  -53.955  -53.017  -52.437  -52.141  -52.078  -52.206  -52.493
 -118.570 -106.058  -93.614  -82.647  -73.823  -67.098  -62.112  -58.468  -55.834  -53.961  -52.667  -51.818  -51.318  -51.096  -51.099  -51.287  -51.630
 -119.475 -106.108  -92.810  -81.250  -72.140  -65.344  -60.400  -56.848  -54.323  -52.559  -51.367  -50.611  -50.196  -50.050  -50.121  -50.371  -50.769
