  54.346  54.406  54.456  54.499  54.534  54.563  54.585  54.601  54.610  54.613  54.610  54.601  54.584  54.561  54.530  54.491  54.443
  54.827  54.887  54.940  54.986  55.025  55.057  55.083  55.101  55.113  55.118  55.116  55.107  55.092  55.069  55.039  55.001  54.956
  55.266  55.334  55.394  55.447  55.492  55.529  55.559  55.581  55.596  55.603  55.601  55.592  55.576  55.551  55.518  55.478  55.429
  55.662  55.740  55.809  55.870  55.922  55.966  56.001  56.027  56.045  56.053  56.052  56.042  56.024  55.996  55.959  55.913  55.858
  56.038  56.127  56.206  56.276  56.336  56.387  56.427  56.458  56.478  56.488  56.487  56.476  56.455  56.424  56.382  56.330  56.268
  56.403  56.503  56.593  56.672  56.741  56.798  56.844  56.879  56.902  56.914  56.913  56.901  56.878  56.842  56.796  56.737  56.668
  56.759  56.872  56.973  57.062  57.139  57.203  57.255  57.295  57.321  57.334  57.334  57.321  57.294  57.255  57.202  57.137  57.060
  57.110  57.235  57.347  57.446  57.532  57.604  57.662  57.706  57.735  57.750  57.750  57.736  57.707  57.663  57.605  57.533  57.447
  57.456  57.594  57.718  57.828  57.922  58.002  58.066  58.115  58.147  58.164  58.164  58.148  58.116  58.068  58.004  57.925  57.830
  57.799  57.950  58.086  58.206  58.310  58.398  58.468  58.522  58.557  58.576  58.576  58.559  58.523  58.471  58.401  58.314  58.210
  58.138  58.303  58.451  58.582  58.696  58.791  58.868  58.927  58.966  58.986  58.986  58.967  58.929  58.872  58.796  58.701  58.588
  58.345  58.524  58.685  58.827  58.951  59.055  59.138  59.201  59.244  59.265  59.265  59.244  59.202  59.139  59.055  58.952  58.828
  58.482  58.676  58.851  59.005  59.139  59.251  59.342  59.410  59.455  59.477  59.477  59.453  59.407  59.337  59.246  59.131  58.995
  58.575  58.786  58.976  59.143  59.288  59.409  59.506  59.579  59.627  59.651  59.650  59.623  59.571  59.495  59.394  59.269  59.119
  58.630  58.859  59.064  59.245  59.401  59.531  59.636  59.714  59.765  59.790  59.787  59.757  59.700  59.616  59.505  59.367  59.203
  58.796  59.041  59.260  59.454  59.620  59.760  59.871  59.954  60.009  60.035  60.032  59.999  59.938  59.847  59.727  59.579  59.402
  59.175  59.433  59.663  59.867  60.043  60.190  60.308  60.396  60.454  60.482  60.480  60.446  60.382  60.287  60.162  60.007  59.823
  59.546  59.815  60.058  60.272  60.458  60.613  60.738  60.832  60.894  60.923  60.921  60.886  60.819  60.720  60.590  60.428  60.235
  59.908  60.191  60.446  60.671  60.867  61.031  61.163  61.262  61.327  61.359  61.357  61.321  61.251  61.148  61.011  60.842  60.640
  60.263  60.560  60.828  61.065  61.271  61.443  61.583  61.687  61.757  61.791  61.789  61.752  61.679  61.571  61.427  61.250  61.039
  60.612  60.924  61.205  61.454  61.670  61.852  61.999  62.109  62.183  62.219  62.218  62.179  62.103  61.989  61.839  61.653  61.432
  60.956  61.282  61.576  61.838  62.065  62.257  62.411  62.528  62.605  62.644  62.643  62.603  62.523  62.404  62.247  62.052  61.821
  61.294  61.635  61.944  62.219  62.457  62.658  62.821  62.943  63.026  63.066  63.066  63.024  62.940  62.816  62.651  62.448  62.206
  61.627  61.985  62.308  62.596  62.846  63.057  63.228  63.357  63.443  63.486  63.486  63.442  63.355  63.225  63.053  62.840  62.587
  61.956  62.330  62.668  62.969  63.232  63.453  63.632  63.768  63.859  63.905  63.905  63.859  63.767  63.631  63.451  63.228  62.964
  62.281  62.671  63.025  63.340  63.615  63.847  64.035  64.177  64.273  64.321  64.321  64.273  64.178  64.036  63.847  63.615  63.339
  62.602  63.008  63.378  63.707  63.995  64.238  64.435  64.585  64.685  64.736  64.736  64.687  64.587  64.438  64.241  63.998  63.710
  62.918  63.342  63.728  64.072  64.373  64.628  64.834  64.991  65.096  65.150  65.150  65.098  64.994  64.839  64.633  64.379  64.078
  63.231  63.673  64.075  64.435  64.749  65.015  65.231  65.395  65.506  65.562  65.563  65.509  65.400  65.238  65.023  64.757  64.444
  63.540  64.000  64.419  64.794  65.122  65.401  65.627  65.799  65.915  65.973  65.975  65.918  65.805  65.635  65.411  65.134  64.807
  63.845  64.324  64.760  65.152  65.494  65.785  66.021  66.201  66.322  66.384  66.385  66.326  66.208  66.031  65.797  65.508  65.167
  64.146  64.644  65.099  65.506  65.863  66.167  66.414  66.602  66.729  66.794  66.795  66.734  66.610  66.425  66.181  65.880  65.525
  64.443  64.961  65.434  65.859  66.231  66.548  66.806  67.002  67.135  67.203  67.204  67.141  67.011  66.819  66.564  66.250  65.880
  64.737  65.274  65.766  66.208  66.596  66.927  67.196  67.401  67.540  67.611  67.613  67.546  67.412  67.210  66.945  66.618  66.233
  65.026  65.585  66.096  66.556  66.960  67.304  67.585  67.799  67.944  68.019  68.021  67.952  67.811  67.601  67.324  66.984  66.583
  65.312  65.891  66.422  66.901  67.321  67.680  67.973  68.197  68.348  68.426  68.429  68.356  68.210  67.991  67.702  67.348  66.931
  65.594  66.195  66.746  67.243  67.681  68.054  68.360  68.593  68.752  68.833  68.836  68.760  68.607  68.379  68.079  67.710  67.276
  65.872  66.494  67.066  67.583  68.038  68.427  68.746  68.989  69.155  69.239  69.242  69.164  69.004  68.767  68.454  68.069  67.618
  66.146  66.790  67.384  67.920  68.393  68.799  69.130  69.384  69.557  69.645  69.649  69.567  69.401  69.153  68.827  68.427  67.958
  66.415  67.082  67.698  68.254  68.747  69.168  69.514  69.779  69.959  70.051  70.055  69.969  69.796  69.538  69.198  68.783  68.296
  66.680  67.371  68.008  68.586  69.098  69.536  69.896  70.172  70.360  70.457  70.461  70.372  70.191  69.922  69.568  69.136  68.630
  66.941  67.656  68.316  68.915  69.446  69.903  70.277  70.565  70.761  70.862  70.866  70.773  70.585  70.305  69.937  69.487  68.961
  67.197  67.936  68.620  69.241  69.793  70.267  70.658  70.958  71.162  71.267  71.272  71.175  70.978  70.686  70.303  69.836  69.290
  67.449  68.212  68.920  69.564  70.137  70.630  71.036  71.349  71.562  71.672  71.677  71.576  71.371  71.067  70.668  70.182  69.616
  67.696  68.485  69.217  69.884  70.478  70.991  71.414  71.740  71.962  72.077  72.082  71.977  71.763  71.446  71.031  70.526  69.938
  67.938  68.752  69.509  70.201  70.817  71.350  71.791  72.130  72.362  72.482  72.487  72.377  72.154  71.824  71.392  70.867  70.257
  68.175  69.015  69.798  70.514  71.154  71.707  72.166  72.519  72.762  72.887  72.892  72.777  72.545  72.200  71.751  71.205  70.572
  68.407  69.274  70.083  70.824  71.487  72.062  72.539  72.908  73.161  73.291  73.297  73.177  72.934  72.575  72.108  71.541  70.884
  68.634  69.527  70.363  71.130  71.818  72.415  72.911  73.296  73.559  73.696  73.701  73.576  73.323  72.949  72.462  71.873  71.193
  68.855  69.776  70.638  71.432  72.145  72.766  73.282  73.683  73.958  74.100  74.106  73.975  73.711  73.321  72.815  72.202  71.497
  69.070  70.019  70.909  71.730  72.469  73.114  73.651  74.069  74.356  74.505  74.511  74.374  74.099  73.692  73.164  72.529  71.797
  69.280  70.257  71.176  72.024  72.790  73.459  74.018  74.454  74.754  74.909  74.916  74.773  74.485  74.061  73.512  72.851  72.093
  69.483  70.489  71.437  72.314  73.107  73.802  74.384  74.838  75.151  75.314  75.321  75.171  74.870  74.428  73.856  73.170  72.384
  69.681  70.715  71.692  72.599  73.420  74.142  74.748  75.221  75.548  75.718  75.725  75.569  75.254  74.793  74.198  73.485  72.671
  69.872  70.936  71.943  72.879  73.729  74.479  75.109  75.603  75.945  76.123  76.130  75.966  75.637  75.156  74.536  73.796  72.953
  70.056  71.150  72.187  73.154  74.034  74.812  75.468  75.984  76.341  76.528  76.535  76.363  76.019  75.516  74.871  74.102  73.229
  70.234  71.358  72.425  73.423  74.335  75.142  75.825  76.363  76.737  76.932  76.940  76.760  76.400  75.874  75.202  74.404  73.500
  70.405  71.559  72.658  73.687  74.630  75.468  76.179  76.741  77.133  77.337  77.345  77.156  76.779  76.230  75.530  74.701  73.765
  70.568  71.753  72.883  73.945  74.921  75.790  76.531  77.117  77.527  77.742  77.750  77.552  77.156  76.583  75.854  74.993  74.025
  70.725  71.940  73.102  74.197  75.206  76.108  76.879  77.492  77.922  78.147  78.155  77.947  77.532  76.932  76.173  75.280  74.278
  70.874  72.120  73.314  74.442  75.486  76.422  77.224  77.865  78.315  78.552  78.561  78.341  77.906  77.279  76.487  75.560  74.524
  71.015  72.292  73.519  74.681  75.759  76.730  77.566  78.236  78.708  78.957  78.966  78.735  78.278  77.622  76.797  75.835  74.763
  71.149  72.456  73.716  74.912  76.026  77.033  77.903  78.604  79.100  79.362  79.371  79.128  78.648  77.961  77.101  76.102  74.995
  71.274  72.613  73.905  75.136  76.286  77.330  78.237  78.970  79.491  79.767  79.777  79.520  79.015  78.295  77.399  76.363  75.219
  71.391  72.761  74.086  75.352  76.539  77.621  78.566  79.333  79.881  80.172  80.182  79.910  79.379  78.625  77.691  76.617  75.435
  71.500  72.900  74.258  75.560  76.785  77.906  78.890  79.693  80.270  80.578  80.588  80.300  79.740  78.950  77.976  76.862  75.643
  71.601  73.031  74.422  75.759  77.022  78.184  79.208  80.050  80.658  80.983  80.994  80.689  80.098  79.269  78.255  77.100  75.841
  71.692  73.152  74.576  75.949  77.251  78.454  79.520  80.403  81.044  81.388  81.399  81.076  80.451  79.582  78.525  77.328  76.031
  71.775  73.265  74.721  76.130  77.470  78.715  79.826  80.751  81.428  81.794  81.805  81.461  80.801  79.889  78.787  77.548  76.211
  71.849  73.368  74.857  76.301  77.681  78.968  80.125  81.095  81.811  82.199  82.211  81.844  81.145  80.188  79.040  77.757  76.380
  71.913  73.462  74.982  76.462  77.881  79.212  80.415  81.433  82.190  82.605  82.616  82.224  81.484  80.478  79.283  77.956  76.540
  71.969  73.546  75.098  76.612  78.070  79.445  80.697  81.765  82.567  83.010  83.022  82.602  81.817  80.760  79.516  78.145  76.688
  72.014  73.619  75.202  76.751  78.248  79.668  80.969  82.090  82.941  83.415  83.427  82.977  82.143  81.033  79.738  78.321  76.825
  72.051  73.683  75.296  76.879  78.415  79.879  81.231  82.407  83.311  83.819  83.833  83.347  82.460  81.294  79.948  78.486  76.950
  72.078  73.737  75.379  76.995  78.569  80.078  81.481  82.715  83.676  84.224  84.237  83.713  82.768  81.544  80.145  78.638  77.064
  72.095  73.780  75.451  77.099  78.711  80.263  81.719  83.013  84.036  84.627  84.642  84.074  83.066  81.780  80.329  78.777  77.165
