 -123.620 -123.518 -123.412 -123.302 -123.189 -123.073 -122.954 -122.834 -122.712 -122.590 -122.467 -122.343 -122.220 -122.098 -121.977 -121.857 -121.738
 -124.008 -123.870 -123.727 -123.579 -123.427 -123.272 -123.114 -122.953 -122.791 -122.628 -122.464 -122.300 -122.137 -121.975 -121.815 -121.657 -121.503
 -124.399 -124.225 -124.045 -123.859 -123.668 -123.472 -123.274 -123.072 -122.868 -122.663 -122.457 -122.252 -122.047 -121.845 -121.645 -121.448 -121.255
 -124.789 -124.580 -124.362 -124.138 -123.907 -123.672 -123.431 -123.188 -122.942 -122.694 -122.446 -122.198 -121.951 -121.707 -121.465 -121.228 -120.996
 -125.184 -124.938 -124.683 -124.420 -124.149 -123.872 -123.590 -123.304 -123.014 -122.723 -122.431 -122.140 -121.850 -121.563 -121.280 -121.001 -120.729
 -125.584 -125.302 -125.009 -124.706 -124.394 -124.075 -123.750 -123.420 -123.087 -122.751 -122.415 -122.079 -121.745 -121.414 -121.088 -120.768 -120.456
 -125.990 -125.671 -125.339 -124.997 -124.644 -124.282 -123.913 -123.539 -123.160 -122.779 -122.397 -122.016 -121.637 -121.262 -120.892 -120.530 -120.175
 -126.403 -126.047 -125.676 -125.293 -124.898 -124.493 -124.079 -123.659 -123.235 -122.807 -122.379 -121.951 -121.526 -121.105 -120.691 -120.285 -119.888
 -126.823 -126.429 -126.019 -125.595 -125.157 -124.707 -124.248 -123.782 -123.310 -122.835 -122.359 -121.884 -121.412 -120.945 -120.485 -120.035 -119.595
 -127.250 -126.819 -126.369 -125.902 -125.421 -124.926 -124.421 -123.907 -123.388 -122.864 -122.339 -121.815 -121.295 -120.780 -120.274 -119.778 -119.295
 -127.686 -127.216 -126.726 -126.217 -125.691 -125.150 -124.597 -124.035 -123.466 -122.893 -122.318 -121.744 -121.174 -120.611 -120.058 -119.516 -118.988
 -128.047 -127.545 -127.020 -126.475 -125.911 -125.330 -124.737 -124.132 -123.520 -122.904 -122.285 -121.668 -121.055 -120.450 -119.855 -119.273 -118.707
 -128.375 -127.844 -127.288 -126.709 -126.109 -125.491 -124.859 -124.215 -123.562 -122.904 -122.245 -121.586 -120.933 -120.288 -119.654 -119.034 -118.431
 -128.686 -128.128 -127.541 -126.929 -126.295 -125.641 -124.971 -124.289 -123.597 -122.899 -122.199 -121.500 -120.807 -120.123 -119.451 -118.795 -118.157
 -128.980 -128.395 -127.780 -127.137 -126.470 -125.781 -125.075 -124.355 -123.624 -122.887 -122.148 -121.411 -120.679 -119.957 -119.248 -118.556 -117.885
 -129.334 -128.718 -128.070 -127.392 -126.687 -125.959 -125.211 -124.448 -123.674 -122.893 -122.110 -121.328 -120.553 -119.788 -119.038 -118.306 -117.597
 -129.807 -129.152 -128.462 -127.739 -126.987 -126.210 -125.411 -124.596 -123.768 -122.933 -122.094 -121.259 -120.429 -119.612 -118.811 -118.030 -117.274
 -130.288 -129.594 -128.861 -128.093 -127.293 -126.465 -125.615 -124.745 -123.863 -122.972 -122.078 -121.186 -120.302 -119.431 -118.577 -117.747 -116.943
 -130.777 -130.044 -129.268 -128.454 -127.605 -126.727 -125.822 -124.898 -123.959 -123.011 -122.059 -121.110 -120.170 -119.244 -118.337 -117.455 -116.603
 -131.276 -130.503 -129.684 -128.823 -127.925 -126.993 -126.035 -125.054 -124.057 -123.050 -122.040 -121.032 -120.034 -119.051 -118.090 -117.156 -116.254
 -131.784 -130.970 -130.108 -129.200 -128.251 -127.266 -126.252 -125.213 -124.157 -123.090 -122.019 -120.951 -119.893 -118.853 -117.836 -116.848 -115.896
 -132.301 -131.448 -130.541 -129.585 -128.585 -127.546 -126.474 -125.376 -124.259 -123.130 -121.996 -120.867 -119.748 -118.648 -117.574 -116.532 -115.528
 -132.829 -131.935 -130.983 -129.979 -128.927 -127.832 -126.702 -125.543 -124.363 -123.170 -121.973 -120.780 -119.598 -118.438 -117.305 -116.207 -115.151
 -133.367 -132.432 -131.436 -130.382 -129.277 -128.125 -126.935 -125.714 -124.470 -123.212 -121.948 -120.689 -119.444 -118.220 -117.027 -115.873 -114.763
 -133.916 -132.941 -131.899 -130.796 -129.636 -128.426 -127.175 -125.889 -124.579 -123.254 -121.923 -120.596 -119.284 -117.997 -116.742 -115.529 -114.366
 -134.476 -133.460 -132.373 -131.219 -130.004 -128.735 -127.421 -126.070 -124.691 -123.296 -121.895 -120.500 -119.120 -117.766 -116.449 -115.176 -113.957
 -135.048 -133.991 -132.858 -131.652 -130.382 -129.053 -127.674 -126.255 -124.807 -123.340 -121.867 -120.400 -118.950 -117.528 -116.146 -114.813 -113.538
 -135.632 -134.534 -133.354 -132.097 -130.769 -129.379 -127.934 -126.445 -124.925 -123.385 -121.838 -120.296 -118.774 -117.283 -115.835 -114.439 -113.106
 -136.229 -135.090 -133.863 -132.553 -131.168 -129.714 -128.201 -126.641 -125.047 -123.430 -121.807 -120.189 -118.593 -117.030 -115.513 -114.055 -112.663
 -136.837 -135.658 -134.384 -133.022 -131.577 -130.058 -128.477 -126.843 -125.172 -123.477 -121.774 -120.079 -118.405 -116.769 -115.182 -113.659 -112.208
 -137.459 -136.239 -134.919 -133.502 -131.998 -130.413 -128.760 -127.051 -125.301 -123.525 -121.741 -119.964 -118.211 -116.499 -114.841 -113.251 -111.740
 -138.095 -136.834 -135.466 -133.996 -132.430 -130.778 -129.052 -127.266 -125.434 -123.575 -121.706 -119.845 -118.011 -116.220 -114.489 -112.831 -111.258
 -138.744 -137.444 -136.028 -134.503 -132.875 -131.155 -129.354 -127.487 -125.572 -123.626 -121.669 -119.722 -117.803 -115.932 -114.125 -112.398 -110.763
 -139.408 -138.067 -136.605 -135.024 -133.334 -131.543 -129.665 -127.716 -125.713 -123.678 -121.631 -119.594 -117.588 -115.634 -113.750 -111.952 -110.253
 -140.086 -138.706 -137.196 -135.560 -133.806 -131.943 -129.986 -127.952 -125.860 -123.732 -121.591 -119.461 -117.365 -115.326 -113.362 -111.492 -109.728
 -140.778 -139.360 -137.803 -136.111 -134.292 -132.356 -130.318 -128.196 -126.012 -123.787 -121.549 -119.323 -117.134 -115.007 -112.961 -111.017 -109.188
 -141.487 -140.030 -138.426 -136.678 -134.793 -132.783 -130.662 -128.449 -126.169 -123.845 -121.506 -119.180 -116.895 -114.676 -112.547 -110.527 -108.632
 -142.210 -140.717 -139.066 -137.261 -135.310 -133.223 -131.017 -128.711 -126.331 -123.904 -121.460 -119.031 -116.646 -114.333 -112.118 -110.021 -108.058
 -142.950 -141.420 -139.723 -137.862 -135.843 -133.678 -131.384 -128.983 -126.500 -123.965 -121.413 -118.876 -116.388 -113.978 -111.674 -109.498 -107.467
 -143.706 -142.141 -140.398 -138.480 -136.393 -134.149 -131.765 -129.264 -126.674 -124.029 -121.363 -118.715 -116.119 -113.610 -111.215 -108.958 -106.858
 -144.479 -142.879 -141.092 -139.117 -136.962 -134.637 -132.160 -129.556 -126.856 -124.095 -121.312 -118.547 -115.840 -113.227 -110.739 -108.400 -106.230
 -145.269 -143.636 -141.804 -139.773 -137.549 -135.141 -132.570 -129.860 -127.045 -124.163 -121.257 -118.372 -115.549 -112.829 -110.245 -107.823 -105.582
 -146.076 -144.412 -142.537 -140.450 -138.155 -135.664 -132.995 -130.176 -127.241 -124.234 -121.200 -118.189 -115.246 -112.416 -109.733 -107.226 -104.914
 -146.901 -145.207 -143.290 -141.147 -138.782 -136.206 -133.437 -130.504 -127.446 -124.308 -121.140 -117.998 -114.931 -111.986 -109.201 -106.608 -104.224
 -147.745 -146.022 -144.064 -141.867 -139.431 -136.768 -133.896 -130.846 -127.659 -124.384 -121.078 -117.798 -114.601 -111.538 -108.650 -105.967 -103.512
 -148.606 -146.857 -144.860 -142.609 -140.102 -137.351 -134.374 -131.203 -127.882 -124.464 -121.012 -117.589 -114.257 -111.071 -108.076 -105.304 -102.777
 -149.486 -147.713 -145.679 -143.374 -140.797 -137.957 -134.872 -131.575 -128.114 -124.548 -120.943 -117.370 -113.898 -110.585 -107.480 -104.617 -102.018
 -150.385 -148.590 -146.521 -144.164 -141.517 -138.586 -135.390 -131.964 -128.358 -124.635 -120.870 -117.141 -113.521 -110.077 -106.860 -103.905 -101.233
 -151.303 -149.489 -147.386 -144.979 -142.263 -139.240 -135.931 -132.370 -128.612 -124.726 -120.793 -116.900 -113.127 -109.547 -106.215 -103.167 -100.423
 -152.240 -150.410 -148.276 -145.821 -143.035 -139.921 -136.495 -132.796 -128.879 -124.821 -120.712 -116.646 -112.714 -108.993 -105.543 -102.400  -99.586
 -153.196 -151.354 -149.192 -146.690 -143.836 -140.629 -137.085 -133.242 -129.159 -124.922 -120.627 -116.380 -112.281 -108.414 -104.842 -101.605  -98.721
 -154.172 -152.320 -150.133 -147.588 -144.667 -141.367 -137.702 -133.709 -129.454 -125.027 -120.536 -116.099 -111.826 -107.807 -104.112 -100.780  -97.826
 -155.168 -153.310 -151.102 -148.515 -145.529 -142.136 -138.347 -134.200 -129.764 -125.137 -120.441 -115.803 -111.347 -107.172 -103.350  -99.922  -96.902
 -156.183 -154.323 -152.097 -149.473 -146.424 -142.938 -139.022 -134.716 -130.090 -125.254 -120.339 -115.490 -110.842 -106.506 -102.555  -99.032  -95.946
 -157.219 -155.360 -153.120 -150.462 -147.353 -143.774 -139.731 -135.259 -130.435 -125.377 -120.231 -115.159 -110.311 -105.806 -101.725  -98.107  -94.959
 -158.273 -156.420 -154.172 -151.483 -148.317 -144.648 -140.474 -135.831 -130.800 -125.507 -120.117 -114.809 -109.750 -105.071 -100.857  -97.145  -93.938
 -159.347 -157.505 -155.252 -152.539 -149.319 -145.560 -141.255 -136.435 -131.186 -125.644 -119.994 -114.437 -109.157 -104.298  -99.949  -96.145  -92.882
 -160.441 -158.615 -156.363 -153.629 -150.359 -146.513 -142.075 -137.074 -131.595 -125.790 -119.864 -114.041 -108.530 -103.485  -99.000  -95.106  -91.791
 -161.554 -159.748 -157.503 -154.754 -151.440 -147.510 -142.939 -137.749 -132.030 -125.946 -119.724 -113.620 -107.865 -102.628  -98.006  -94.025  -90.664
 -162.685 -160.906 -158.673 -155.916 -152.563 -148.553 -143.849 -138.465 -132.493 -126.111 -119.575 -113.171 -107.159 -101.725  -96.966  -92.901  -89.499
 -163.835 -162.088 -159.874 -157.115 -153.730 -149.644 -144.807 -139.225 -132.987 -126.288 -119.414 -112.690 -106.408 -100.771  -95.876  -91.732  -88.296
 -165.003 -163.293 -161.105 -158.353 -154.943 -150.787 -145.819 -140.033 -133.516 -126.478 -119.241 -112.176 -105.610  -99.763  -94.733  -90.517  -87.054
 -166.189 -164.523 -162.367 -159.629 -156.203 -151.983 -146.888 -140.893 -134.082 -126.681 -119.055 -111.623 -104.758  -98.698  -93.535  -89.253  -85.772
 -167.391 -165.775 -163.661 -160.945 -157.511 -153.237 -148.018 -141.811 -134.690 -126.901 -118.852 -111.029 -103.849  -97.570  -92.280  -87.940  -84.449
 -168.610 -167.050 -164.984 -162.301 -158.870 -154.551 -149.214 -142.791 -135.345 -127.138 -118.633 -110.387 -102.875  -96.376  -90.963  -86.575  -83.086
 -169.844 -168.348 -166.338 -163.697 -160.281 -155.927 -150.480 -143.840 -136.052 -127.394 -118.394 -109.693 -101.832  -95.109  -89.581  -85.157  -81.681
 -171.093 -169.666 -167.722 -165.134 -161.745 -157.370 -151.822 -144.965 -136.818 -127.674 -118.133 -108.940 -100.713  -93.765  -88.132  -83.684  -80.235
 -172.356 -171.005 -169.135 -166.612 -163.262 -158.881 -153.245 -146.173 -137.650 -127.979 -117.846 -108.120  -99.508  -92.339  -86.613  -82.157  -78.747
 -173.632 -172.364 -170.577 -168.129 -164.836 -160.465 -154.755 -147.473 -138.556 -128.314 -117.530 -107.225  -98.210  -90.823  -85.020  -80.573  -77.218
 -174.920 -173.741 -172.047 -169.687 -166.464 -162.123 -156.358 -148.875 -139.548 -128.684 -117.180 -106.245  -96.809  -89.213  -83.351  -78.932  -75.649
 -176.218 -175.136 -173.542 -171.284 -168.149 -163.858 -158.060 -150.388 -140.636 -129.093 -116.790 -105.167  -95.294  -87.501  -81.603  -77.234  -74.040
 -177.526 -176.546 -175.063 -172.918 -169.890 -165.673 -159.868 -152.026 -141.835 -129.550 -116.355 -103.976  -93.652  -85.682  -79.774  -75.479  -72.393
 -178.842 -177.971 -176.608 -174.590 -171.687 -167.569 -161.788 -153.800 -143.162 -130.062 -115.864 -102.657  -91.872  -83.747  -77.861  -73.667  -70.708
  179.835 -179.410 -178.175 -176.297 -173.538 -169.548 -163.826 -155.725 -144.637 -130.641 -115.307 -101.188  -89.937  -81.693  -75.865  -71.800  -68.988
  178.506  179.141 -179.761 -178.037 -175.442 -171.609 -165.988 -157.816 -146.284 -131.300 -114.671  -99.544  -87.832  -79.512  -73.785  -69.879  -67.234
  177.172  177.681  178.634 -179.808 -177.398 -173.754 -168.279 -160.090 -148.132 -132.058 -113.937  -97.697  -85.541  -77.199  -71.620  -67.906  -65.450
