 -152.533 -152.376 -152.225 -152.079 -151.939 -151.803 -151.673 -151.548 -151.429 -151.316 -151.210 -151.111 -151.019 -150.936 -150.862 -150.798 -150.745
 -152.345 -152.153 -151.965 -151.780 -151.601 -151.426 -151.256 -151.093 -150.935 -150.785 -150.642 -150.508 -150.382 -150.265 -150.157 -150.060 -149.974
 -152.191 -151.957 -151.726 -151.499 -151.277 -151.061 -150.850 -150.646 -150.450 -150.265 -150.086 -149.916 -149.757 -149.608 -149.471 -149.346 -149.233
 -152.075 -151.795 -151.520 -151.248 -150.982 -150.722 -150.469 -150.224 -149.988 -149.762 -149.547 -149.343 -149.151 -148.975 -148.809 -148.657 -148.520
 -151.974 -151.648 -151.325 -151.007 -150.695 -150.391 -150.095 -149.808 -149.532 -149.268 -149.016 -148.778 -148.554 -148.344 -148.151 -147.974 -147.816
 -151.882 -151.507 -151.136 -150.770 -150.412 -150.062 -149.721 -149.392 -149.076 -148.773 -148.484 -148.211 -147.955 -147.716 -147.496 -147.294 -147.112
 -151.794 -151.369 -150.948 -150.534 -150.127 -149.731 -149.346 -148.973 -148.615 -148.273 -147.948 -147.641 -147.353 -147.084 -146.837 -146.611 -146.408
 -151.709 -151.232 -150.760 -150.296 -149.840 -149.396 -148.965 -148.549 -148.149 -147.768 -147.405 -147.064 -146.744 -146.447 -146.173 -145.924 -145.700
 -151.625 -151.095 -150.571 -150.055 -149.549 -149.057 -148.579 -148.118 -147.676 -147.255 -146.855 -146.479 -146.128 -145.802 -145.503 -145.231 -144.987
 -151.542 -150.957 -150.379 -149.810 -149.253 -148.711 -148.186 -147.680 -147.195 -146.733 -146.296 -145.886 -145.503 -145.149 -144.825 -144.531 -144.268
 -151.458 -150.817 -150.184 -149.561 -148.951 -148.359 -147.785 -147.233 -146.705 -146.203 -145.729 -145.284 -144.870 -144.488 -144.139 -143.823 -143.542
 -151.487 -150.794 -150.110 -149.438 -148.781 -148.143 -147.526 -146.933 -146.367 -145.830 -145.323 -144.849 -144.410 -144.005 -143.637 -143.305 -143.011
 -151.584 -150.840 -150.106 -149.386 -148.683 -148.000 -147.341 -146.709 -146.107 -145.536 -145.000 -144.499 -144.036 -143.611 -143.226 -142.882 -142.578
 -151.726 -150.930 -150.146 -149.378 -148.628 -147.902 -147.201 -146.531 -145.893 -145.290 -144.724 -144.198 -143.713 -143.270 -142.870 -142.514 -142.202
 -151.908 -151.060 -150.226 -149.409 -148.613 -147.843 -147.102 -146.394 -145.721 -145.086 -144.493 -143.942 -143.436 -142.976 -142.562 -142.197 -141.881
 -151.978 -151.076 -150.188 -149.319 -148.474 -147.657 -146.871 -146.122 -145.411 -144.742 -144.117 -143.539 -143.010 -142.530 -142.100 -141.723 -141.398
 -151.828 -150.866 -149.919 -148.992 -148.091 -147.220 -146.384 -145.587 -144.832 -144.122 -143.461 -142.850 -142.291 -141.786 -141.334 -140.938 -140.597
 -151.684 -150.659 -149.650 -148.664 -147.705 -146.779 -145.891 -145.046 -144.247 -143.497 -142.799 -142.155 -141.568 -141.037 -140.565 -140.151 -139.796
 -151.542 -150.453 -149.380 -148.332 -147.314 -146.333 -145.392 -144.498 -143.654 -142.863 -142.129 -141.454 -140.838 -140.284 -139.792 -139.362 -138.993
 -151.403 -150.246 -149.109 -147.997 -146.919 -145.880 -144.886 -143.942 -143.053 -142.221 -141.451 -140.744 -140.101 -139.524 -139.013 -138.568 -138.188
 -151.264 -150.039 -148.834 -147.657 -146.516 -145.419 -144.370 -143.376 -142.442 -141.570 -140.764 -140.025 -139.356 -138.757 -138.228 -137.769 -137.379
 -151.127 -149.829 -148.554 -147.311 -146.106 -144.949 -143.845 -142.800 -141.820 -140.908 -140.066 -139.297 -138.603 -137.982 -137.437 -136.965 -136.565
 -150.989 -149.617 -148.271 -146.958 -145.688 -144.469 -143.309 -142.213 -141.187 -140.234 -139.358 -138.559 -137.840 -137.199 -136.638 -136.155 -135.748
 -150.850 -149.402 -147.981 -146.597 -145.260 -143.979 -142.762 -141.614 -140.542 -139.549 -138.638 -137.810 -137.067 -136.408 -135.832 -135.338 -134.925
 -150.710 -149.183 -147.685 -146.228 -144.822 -143.478 -142.202 -141.002 -139.884 -138.851 -137.906 -137.050 -136.284 -135.607 -135.018 -134.516 -134.098
 -150.569 -148.960 -147.383 -145.850 -144.374 -142.964 -141.629 -140.377 -139.213 -138.140 -137.162 -136.278 -135.490 -134.797 -134.197 -133.687 -133.266
 -150.426 -148.732 -147.073 -145.462 -143.913 -142.437 -141.043 -139.738 -138.527 -137.415 -136.404 -135.495 -134.686 -133.978 -133.367 -132.852 -132.428
 -150.280 -148.498 -146.754 -145.064 -143.441 -141.897 -140.442 -139.083 -137.827 -136.676 -135.633 -134.698 -133.871 -133.149 -132.529 -132.009 -131.585
 -150.131 -148.258 -146.427 -144.654 -142.955 -141.342 -139.825 -138.413 -137.111 -135.922 -134.848 -133.890 -133.044 -132.310 -131.683 -131.160 -130.737
 -149.980 -148.012 -146.090 -144.232 -142.455 -140.771 -139.193 -137.727 -136.379 -135.153 -134.050 -133.068 -132.206 -131.461 -130.829 -130.305 -129.884
 -149.825 -147.759 -145.743 -143.798 -141.940 -140.185 -138.543 -137.023 -135.631 -134.368 -133.236 -132.233 -131.357 -130.602 -129.966 -129.443 -129.026
 -149.666 -147.498 -145.385 -143.349 -141.409 -139.581 -137.876 -136.302 -134.865 -133.567 -132.408 -131.385 -130.495 -129.734 -129.095 -128.574 -128.164
 -149.503 -147.228 -145.015 -142.886 -140.862 -138.959 -137.190 -135.563 -134.082 -132.749 -131.564 -130.523 -129.622 -128.855 -128.216 -127.699 -127.296
 -149.335 -146.950 -144.633 -142.408 -140.297 -138.319 -136.485 -134.804 -133.280 -131.915 -130.705 -129.648 -128.737 -127.967 -127.329 -126.818 -126.424
 -149.162 -146.663 -144.237 -141.913 -139.714 -137.658 -135.760 -134.026 -132.460 -131.062 -129.830 -128.758 -127.840 -127.068 -126.434 -125.930 -125.547
 -148.984 -146.365 -143.826 -141.400 -139.110 -136.977 -135.013 -133.227 -131.620 -130.192 -128.939 -127.855 -126.932 -126.160 -125.532 -125.037 -124.667
 -148.800 -146.056 -143.401 -140.869 -138.487 -136.274 -134.245 -132.407 -130.760 -129.304 -128.033 -126.938 -126.011 -125.242 -124.621 -124.138 -123.782
 -148.610 -145.735 -142.959 -140.318 -137.841 -135.548 -133.454 -131.564 -129.880 -128.398 -127.110 -126.007 -125.079 -124.315 -123.704 -123.233 -122.894
 -148.413 -145.402 -142.500 -139.746 -137.172 -134.798 -132.639 -130.700 -128.979 -127.472 -126.170 -125.062 -124.136 -123.379 -122.779 -122.324 -122.002
 -148.208 -145.054 -142.021 -139.152 -136.478 -134.023 -131.800 -129.811 -128.057 -126.528 -125.214 -124.103 -123.180 -122.433 -121.847 -121.409 -121.107
 -147.995 -144.693 -141.523 -138.534 -135.759 -133.222 -130.934 -128.899 -127.112 -125.564 -124.241 -123.130 -122.214 -121.479 -120.909 -120.490 -120.209
 -147.774 -144.315 -141.004 -137.891 -135.013 -132.393 -130.042 -127.962 -126.145 -124.580 -123.252 -122.143 -121.237 -120.516 -119.964 -119.566 -119.309
 -147.543 -143.920 -140.461 -137.221 -134.237 -131.535 -129.123 -127.000 -125.156 -123.577 -122.246 -121.143 -120.248 -119.544 -119.013 -118.639 -118.406
 -147.301 -143.507 -139.894 -136.522 -133.432 -130.647 -128.174 -126.011 -124.143 -122.554 -121.223 -120.129 -119.250 -118.565 -118.057 -117.708 -117.502
 -147.049 -143.074 -139.301 -135.793 -132.594 -129.727 -127.196 -124.995 -123.107 -121.512 -120.184 -119.102 -118.240 -117.578 -117.095 -116.773 -116.596
 -146.784 -142.619 -138.679 -135.032 -131.723 -128.774 -126.188 -123.952 -122.048 -120.449 -119.129 -118.062 -117.221 -116.584 -116.129 -115.836 -115.689
 -146.507 -142.141 -138.026 -134.236 -130.816 -127.787 -125.147 -122.881 -120.964 -119.366 -118.058 -117.009 -116.193 -115.583 -115.158 -114.896 -114.781
 -146.214 -141.638 -137.341 -133.403 -129.872 -126.764 -124.074 -121.781 -119.856 -118.263 -116.970 -115.944 -115.155 -114.576 -114.183 -113.954 -113.872
 -145.906 -141.107 -136.620 -132.531 -128.887 -125.703 -122.968 -120.653 -118.723 -117.141 -115.868 -114.868 -114.109 -113.563 -113.204 -113.010 -112.964
 -145.581 -140.546 -135.860 -131.616 -127.861 -124.604 -121.826 -119.494 -117.566 -115.999 -114.749 -113.779 -113.054 -112.544 -112.222 -112.065 -112.055
 -145.236 -139.952 -135.059 -130.657 -126.791 -123.463 -120.649 -118.306 -116.385 -114.837 -113.616 -112.680 -111.992 -111.520 -111.237 -111.119 -111.147
 -144.871 -139.322 -134.214 -129.650 -125.674 -122.281 -119.436 -117.087 -115.179 -113.657 -112.469 -111.571 -110.923 -110.492 -110.250 -110.173 -110.240
 -144.482 -138.653 -133.319 -128.591 -124.508 -121.054 -118.185 -115.838 -113.950 -112.458 -111.308 -110.451 -109.847 -109.460 -109.261 -109.227 -109.335
 -144.067 -137.940 -132.372 -127.478 -123.290 -119.783 -116.896 -114.559 -112.696 -111.241 -110.133 -109.322 -108.765 -108.424 -108.271 -108.280 -108.431
 -143.623 -137.179 -131.367 -126.306 -122.019 -118.465 -115.569 -113.248 -111.419 -110.006 -108.946 -108.185 -107.677 -107.386 -107.280 -107.335 -107.529
 -143.147 -136.366 -130.300 -125.072 -120.691 -117.098 -114.203 -111.908 -110.118 -108.754 -107.747 -107.039 -106.585 -106.345 -106.289 -106.391 -106.630
 -142.634 -135.494 -129.165 -123.770 -119.303 -115.682 -112.798 -110.536 -108.795 -107.486 -106.536 -105.886 -105.488 -105.302 -105.298 -105.449 -105.733
 -142.081 -134.556 -127.956 -122.398 -117.853 -114.216 -111.353 -109.136 -107.450 -106.202 -105.315 -104.727 -104.388 -104.259 -104.308 -104.508 -104.840
 -141.481 -133.546 -126.666 -120.949 -116.339 -112.698 -109.869 -107.705 -106.084 -104.904 -104.085 -103.562 -103.285 -103.215 -103.318 -103.570 -103.950
 -140.828 -132.455 -125.287 -119.420 -114.758 -111.128 -108.345 -106.246 -104.698 -103.592 -102.845 -102.392 -102.180 -102.171 -102.331 -102.635 -103.064
 -140.115 -131.272 -123.813 -117.805 -113.108 -109.504 -106.782 -104.760 -103.292 -102.268 -101.598 -101.218 -101.074 -101.127 -101.345 -101.704 -102.182
 -139.332 -129.987 -122.233 -116.100 -111.386 -107.827 -105.181 -103.246 -101.869 -100.931 -100.344 -100.040  -99.967 -100.085 -100.363 -100.776 -101.304
 -138.468 -128.586 -120.539 -114.298 -109.590 -106.097 -103.542 -101.707 -100.429  -99.585  -99.085  -98.860  -98.860  -99.044  -99.383  -99.852 -100.432
 -137.510 -127.055 -118.720 -112.396 -107.720 -104.314 -101.867 -100.144  -98.973  -98.229  -97.820  -97.679  -97.754  -98.007  -98.407  -98.932  -99.564
 -136.440 -125.375 -116.765 -110.388 -105.775 -102.480 -100.158  -98.559  -97.504  -96.865  -96.552  -96.497  -96.649  -96.972  -97.435  -98.018  -98.702
 -135.239 -123.526 -114.663 -108.271 -103.753 -100.594  -98.415  -96.952  -96.022  -95.495  -95.282  -95.315  -95.547  -95.940  -96.468  -97.109  -97.845
 -133.879 -121.487 -112.402 -106.040 -101.656  -98.659  -96.642  -95.327  -94.529  -94.120  -94.010  -94.134  -94.447  -94.913  -95.506  -96.205  -96.995
 -132.329 -119.229 -109.971 -103.694  -99.484  -96.678  -94.840  -93.685  -93.027  -92.740  -92.737  -92.956  -93.351  -93.890  -94.549  -95.307  -96.150
 -130.545 -116.723 -107.358 -101.231  -97.240  -94.653  -93.012  -92.029  -91.518  -91.359  -91.465  -91.780  -92.259  -92.873  -93.597  -94.415  -95.312
 -128.475 -113.935 -104.554  -98.651  -94.927  -92.588  -91.161  -90.360  -90.004  -89.976  -90.196  -90.608  -91.173  -91.861  -92.652  -93.530  -94.481
 -126.046 -110.830 -101.551  -95.955  -92.548  -90.486  -89.290  -88.682  -88.487  -88.594  -88.929  -89.440  -90.091  -90.856  -91.714  -92.651  -93.656
 -123.166 -107.371  -98.343  -93.149  -90.110  -88.352  -87.404  -86.997  -86.968  -87.214  -87.666  -88.278  -89.016  -89.857  -90.783  -91.780  -92.839
 -119.711 -103.519  -94.931  -90.239  -87.618  -86.190  -85.504  -85.307  -85.449  -85.837  -86.409  -87.122  -87.948  -88.866  -89.859  -90.916  -92.029
 -115.521  -99.244  -91.319  -87.233  -85.079  -84.007  -83.596  -83.616  -83.933  -84.465  -85.158  -85.973  -86.888  -87.882  -88.942  -90.059  -91.226
 -110.391  -94.525  -87.519  -84.144  -82.503  -81.808  -81.683  -81.926  -82.422  -83.100  -83.914  -84.832  -85.835  -86.906  -88.033  -89.211  -90.431
 -104.073  -89.360  -83.550  -80.985  -79.898  -79.599  -79.768  -80.239  -80.916  -81.742  -82.678  -83.700  -84.790  -85.938  -87.133  -88.370  -89.643
