  58.223  58.237  58.242  58.240  58.231  58.215  58.193  58.165  58.131  58.093  58.048  57.999  57.944  57.884  57.818  57.745  57.666
  58.745  58.747  58.741  58.729  58.709  58.682  58.649  58.610  58.565  58.514  58.457  58.395  58.327  58.254  58.175  58.092  58.003
  59.232  59.228  59.215  59.194  59.166  59.130  59.087  59.036  58.979  58.913  58.842  58.766  58.683  58.595  58.501  58.402  58.298
  59.682  59.673  59.655  59.627  59.591  59.546  59.493  59.432  59.362  59.285  59.201  59.109  59.011  58.905  58.794  58.678  58.556
  60.115  60.103  60.079  60.046  60.002  59.949  59.885  59.813  59.731  59.641  59.542  59.435  59.321  59.199  59.071  58.936  58.794
  60.540  60.524  60.496  60.456  60.405  60.342  60.269  60.185  60.091  59.987  59.873  59.751  59.620  59.481  59.334  59.181  59.021
  60.959  60.939  60.906  60.860  60.801  60.730  60.646  60.551  60.444  60.326  60.197  60.059  59.911  59.754  59.589  59.417  59.237
  61.374  61.351  61.313  61.261  61.194  61.114  61.020  60.912  60.792  60.660  60.516  60.361  60.196  60.021  59.838  59.645  59.445
  61.786  61.760  61.717  61.659  61.584  61.494  61.389  61.270  61.137  60.990  60.831  60.659  60.476  60.283  60.080  59.868  59.648
  62.196  62.167  62.119  62.054  61.972  61.872  61.756  61.625  61.478  61.316  61.141  60.952  60.752  60.540  60.317  60.085  59.844
  62.605  62.572  62.520  62.448  62.357  62.248  62.121  61.977  61.816  61.639  61.448  61.242  61.023  60.792  60.549  60.297  60.035
  62.886  62.853  62.798  62.722  62.626  62.509  62.373  62.218  62.045  61.855  61.649  61.427  61.192  60.943  60.682  60.409  60.127
  63.101  63.070  63.014  62.936  62.835  62.712  62.568  62.403  62.219  62.016  61.796  61.559  61.307  61.040  60.760  60.468  60.165
  63.278  63.249  63.195  63.114  63.010  62.881  62.729  62.556  62.361  62.145  61.911  61.659  61.390  61.106  60.807  60.494  60.170
  63.420  63.395  63.342  63.261  63.154  63.020  62.862  62.679  62.474  62.246  61.998  61.731  61.445  61.143  60.824  60.491  60.145
  63.666  63.642  63.588  63.504  63.391  63.251  63.083  62.890  62.673  62.432  62.169  61.885  61.583  61.262  60.924  60.571  60.203
  64.112  64.083  64.022  63.929  63.806  63.654  63.474  63.267  63.034  62.777  62.497  62.196  61.875  61.535  61.178  60.805  60.418
  64.552  64.517  64.449  64.348  64.215  64.051  63.858  63.636  63.388  63.115  62.817  62.498  62.158  61.799  61.422  61.030  60.622
  64.986  64.946  64.871  64.761  64.618  64.442  64.236  64.000  63.736  63.445  63.130  62.792  62.433  62.054  61.658  61.245  60.817
  65.415  65.370  65.288  65.170  65.016  64.828  64.608  64.358  64.077  63.770  63.437  63.080  62.701  62.302  61.885  61.451  61.003
  65.841  65.791  65.702  65.574  65.410  65.210  64.976  64.710  64.414  64.089  63.737  63.361  62.962  62.543  62.105  61.650  61.181
  66.264  66.209  66.112  65.976  65.801  65.588  65.340  65.059  64.745  64.402  64.031  63.635  63.216  62.776  62.317  61.842  61.351
  66.684  66.624  66.520  66.374  66.188  65.963  65.700  65.402  65.072  64.710  64.320  63.904  63.465  63.004  62.523  62.026  61.514
  67.102  67.036  66.925  66.770  66.572  66.334  66.056  65.742  65.394  65.014  64.604  64.168  63.707  63.224  62.722  62.203  61.669
  67.517  67.446  67.328  67.163  66.953  66.701  66.409  66.078  65.712  65.312  64.883  64.426  63.944  63.439  62.915  62.374  61.818
  67.931  67.855  67.728  67.554  67.332  67.066  66.758  66.410  66.025  65.607  65.157  64.678  64.175  63.648  63.102  62.539  61.961
  68.344  68.262  68.127  67.942  67.709  67.428  67.104  66.739  66.335  65.896  65.425  64.926  64.400  63.851  63.283  62.697  62.096
  68.755  68.667  68.525  68.329  68.083  67.788  67.447  67.063  66.641  66.181  65.689  65.168  64.620  64.049  63.457  62.849  62.226
  69.164  69.071  68.920  68.714  68.454  68.144  67.787  67.385  66.942  66.462  65.949  65.405  64.834  64.240  63.626  62.995  62.349
  69.573  69.474  69.314  69.097  68.824  68.498  68.123  67.702  67.240  66.738  66.203  65.636  65.043  64.426  63.789  63.134  62.466
  69.981  69.875  69.707  69.478  69.191  68.849  68.457  68.016  67.533  67.010  66.452  65.863  65.246  64.606  63.946  63.268  62.577
  70.387  70.276  70.098  69.858  69.556  69.198  68.787  68.327  67.822  67.277  66.697  66.084  65.444  64.780  64.096  63.395  62.681
  70.794  70.675  70.489  70.235  69.919  69.544  69.114  68.634  68.107  67.540  66.936  66.300  65.637  64.949  64.241  63.517  62.779
  71.199  71.074  70.877  70.612  70.280  69.888  69.438  68.937  68.388  67.798  67.171  66.511  65.823  65.112  64.380  63.632  62.872
  71.604  71.472  71.265  70.986  70.639  70.228  69.759  69.236  68.665  68.051  67.400  66.716  66.004  65.268  64.513  63.742  62.958
  72.008  71.869  71.652  71.359  70.995  70.566  70.076  69.531  68.937  68.300  67.624  66.916  66.179  65.419  64.640  63.845  63.038
  72.411  72.265  72.037  71.730  71.350  70.901  70.390  69.822  69.205  68.543  67.843  67.110  66.349  65.564  64.761  63.942  63.112
  72.814  72.661  72.421  72.100  71.701  71.233  70.700  70.109  69.468  68.782  68.056  67.298  66.512  65.703  64.875  64.033  63.179
  73.217  73.055  72.804  72.467  72.051  71.562  71.007  70.392  69.726  69.015  68.264  67.481  66.670  65.836  64.984  64.118  63.241
  73.619  73.449  73.186  72.833  72.398  71.888  71.309  70.671  69.980  69.243  68.467  67.658  66.821  65.962  65.086  64.196  63.296
  74.021  73.843  73.566  73.197  72.742  72.210  71.608  70.945  70.228  69.465  68.663  67.828  66.966  66.083  65.182  64.268  63.346
  74.423  74.235  73.945  73.559  73.084  72.529  71.903  71.214  70.471  69.682  68.854  67.993  67.105  66.197  65.272  64.334  63.389
  74.824  74.627  74.323  73.919  73.423  72.845  72.193  71.478  70.709  69.893  69.038  68.151  67.238  66.305  65.355  64.394  63.426
  75.225  75.018  74.699  74.276  73.759  73.156  72.479  71.738  70.941  70.098  69.217  68.303  67.365  66.406  65.432  64.448  63.456
  75.626  75.408  75.074  74.632  74.092  73.464  72.761  71.992  71.168  70.297  69.389  68.449  67.484  66.501  65.503  64.495  63.481
  76.026  75.798  75.448  74.985  74.421  73.768  73.037  72.241  71.388  70.490  69.554  68.588  67.598  66.589  65.567  64.536  63.499
  76.426  76.186  75.819  75.335  74.747  74.067  73.309  72.484  71.603  70.677  69.713  68.720  67.704  66.671  65.624  64.570  63.511
  76.826  76.574  76.189  75.683  75.069  74.362  73.575  72.721  71.811  70.857  69.866  68.846  67.804  66.745  65.675  64.598  63.517
  77.225  76.961  76.557  76.028  75.388  74.652  73.835  72.952  72.013  71.030  70.011  68.965  67.897  66.814  65.720  64.619  63.516
  77.624  77.346  76.923  76.370  75.702  74.937  74.090  73.176  72.208  71.196  70.149  69.076  67.983  66.875  65.757  64.634  63.510
  78.023  77.731  77.287  76.708  76.012  75.216  74.339  73.394  72.396  71.355  70.281  69.181  68.062  66.930  65.789  64.643  63.497
  78.422  78.115  77.649  77.043  76.317  75.490  74.581  73.605  72.577  71.507  70.405  69.278  68.134  66.977  65.813  64.645  63.478
  78.820  78.497  78.008  77.374  76.617  75.758  74.817  73.809  72.751  71.651  70.521  69.368  68.198  67.018  65.831  64.641  63.452
  79.218  78.878  78.364  77.701  76.911  76.019  75.045  74.006  72.916  71.788  70.630  69.451  68.256  67.051  65.842  64.630  63.421
  79.615  79.257  78.717  78.023  77.200  76.274  75.267  74.195  73.075  71.917  70.731  69.526  68.306  67.078  65.846  64.613  63.383
  80.012  79.634  79.067  78.340  77.483  76.522  75.480  74.376  73.225  72.038  70.825  69.593  68.349  67.098  65.843  64.589  63.339
  80.409  80.010  79.414  78.653  77.759  76.762  75.686  74.549  73.367  72.151  70.910  69.653  68.384  67.110  65.834  64.559  63.289
  80.805  80.383  79.756  78.959  78.029  76.995  75.883  74.713  73.500  72.255  70.987  69.705  68.413  67.116  65.818  64.523  63.233
  81.200  80.754  80.094  79.259  78.290  77.219  76.072  74.869  73.625  72.351  71.057  69.749  68.433  67.114  65.795  64.480  63.171
  81.594  81.122  80.426  79.553  78.544  77.435  76.252  75.015  73.740  72.438  71.118  69.785  68.446  67.105  65.765  64.430  63.103
  81.988  81.488  80.754  79.839  78.789  77.641  76.422  75.152  73.847  72.517  71.170  69.813  68.452  67.089  65.729  64.375  63.028
  82.381  81.849  81.075  80.117  79.025  77.837  76.582  75.280  73.945  72.587  71.214  69.834  68.450  67.066  65.686  64.313  62.948
  82.772  82.207  81.390  80.386  79.251  78.024  76.733  75.398  74.032  72.647  71.250  69.846  68.440  67.036  65.636  64.244  62.862
  83.162  82.560  81.697  80.646  79.467  78.200  76.873  75.505  74.111  72.699  71.277  69.850  68.423  66.999  65.580  64.169  62.769
  83.550  82.908  81.995  80.896  79.672  78.364  77.001  75.602  74.179  72.741  71.295  69.846  68.398  66.954  65.517  64.089  62.671
  83.936  83.249  82.284  81.134  79.864  78.517  77.119  75.689  74.238  72.775  71.305  69.835  68.366  66.903  65.447  64.001  62.568
  84.320  83.583  82.563  81.361  80.045  78.658  77.225  75.764  74.286  72.798  71.306  69.815  68.326  66.844  65.371  63.908  62.458
  84.700  83.909  82.829  81.574  80.212  78.786  77.320  75.829  74.325  72.813  71.299  69.786  68.279  66.779  65.288  63.809  62.342
  85.076  84.225  83.083  81.772  80.365  78.901  77.402  75.883  74.353  72.818  71.282  69.750  68.224  66.706  65.199  63.703  62.221
  85.448  84.529  83.321  81.956  80.504  79.002  77.471  75.925  74.370  72.813  71.257  69.706  68.162  66.627  65.103  63.592  62.095
  85.812  84.819  83.543  82.123  80.627  79.089  77.529  75.956  74.377  72.799  71.224  69.654  68.093  66.541  65.001  63.474  61.962
  86.169  85.093  83.747  82.273  80.734  79.163  77.573  75.975  74.374  72.775  71.181  69.594  68.016  66.448  64.893  63.351  61.825
  86.514  85.348  83.930  82.404  80.825  79.221  77.604  75.982  74.361  72.742  71.130  69.526  67.931  66.348  64.778  63.222  61.681
  86.845  85.580  84.092  82.515  80.899  79.265  77.622  75.978  74.337  72.700  71.070  69.450  67.840  66.242  64.657  63.087  61.533
  87.156  85.786  84.229  82.606  80.955  79.293  77.627  75.963  74.302  72.648  71.002  69.366  67.741  66.129  64.530  62.947  61.379
  87.439  85.960  84.341  82.675  80.994  79.306  77.619  75.935  74.257  72.587  70.926  69.275  67.636  66.010  64.397  62.800  61.219
