  -22.824  -22.860  -22.875  -22.872  -22.853  -22.819  -22.771  -22.709  -22.633  -22.545  -22.443  -22.328  -22.201  -22.060  -21.904  -21.734  -21.546
  -24.004  -24.016  -24.012  -23.990  -23.953  -23.899  -23.831  -23.747  -23.649  -23.536  -23.408  -23.267  -23.112  -22.943  -22.761  -22.565  -22.355
  -25.101  -25.106  -25.092  -25.060  -25.010  -24.942  -24.857  -24.754  -24.634  -24.498  -24.344  -24.174  -23.989  -23.788  -23.571  -23.340  -23.095
  -26.122  -26.125  -26.108  -26.069  -26.011  -25.931  -25.831  -25.711  -25.571  -25.411  -25.232  -25.033  -24.816  -24.581  -24.333  -24.063  -23.777
  -27.107  -27.112  -27.093  -27.051  -26.986  -26.897  -26.784  -26.649  -26.490  -26.308  -26.103  -25.876  -25.631  -25.361  -25.071  -24.761  -24.431
  -28.072  -28.080  -28.063  -28.019  -27.949  -27.852  -27.729  -27.579  -27.402  -27.199  -26.973  -26.718  -26.438  -26.134  -25.805  -25.454  -25.080
  -29.023  -29.037  -29.022  -28.979  -28.906  -28.803  -28.670  -28.508  -28.315  -28.095  -27.842  -27.560  -27.250  -26.910  -26.544  -26.151  -25.732
  -29.964  -29.986  -29.976  -29.934  -29.860  -29.753  -29.613  -29.439  -29.234  -28.993  -28.718  -28.409  -28.068  -27.695  -27.290  -26.855  -26.391
  -30.898  -30.929  -30.925  -30.887  -30.814  -30.704  -30.557  -30.377  -30.156  -29.897  -29.601  -29.268  -28.897  -28.490  -28.047  -27.570  -27.060
  -31.826  -31.867  -31.872  -31.839  -31.768  -31.657  -31.506  -31.317  -31.085  -30.810  -30.494  -30.137  -29.737  -29.297  -28.817  -28.298  -27.742
  -32.748  -32.801  -32.815  -32.790  -32.722  -32.612  -32.459  -32.264  -32.021  -31.733  -31.398  -31.017  -30.591  -30.118  -29.601  -29.041  -28.438
  -33.360  -33.428  -33.454  -33.437  -33.376  -33.268  -33.116  -32.914  -32.662  -32.360  -32.007  -31.604  -31.149  -30.645  -30.090  -29.487  -28.836
  -33.811  -33.897  -33.937  -33.930  -33.875  -33.771  -33.619  -33.412  -33.151  -32.835  -32.464  -32.037  -31.555  -31.016  -30.421  -29.772  -29.070
  -34.166  -34.271  -34.327  -34.332  -34.285  -34.184  -34.034  -33.822  -33.552  -33.222  -32.832  -32.381  -31.869  -31.294  -30.658  -29.960  -29.203
  -34.434  -34.561  -34.634  -34.652  -34.614  -34.517  -34.368  -34.152  -33.873  -33.529  -33.120  -32.644  -32.100  -31.487  -30.807  -30.058  -29.241
  -34.952  -35.097  -35.186  -35.217  -35.188  -35.098  -34.951  -34.733  -34.447  -34.093  -33.668  -33.170  -32.599  -31.953  -31.233  -30.438  -29.569
  -35.949  -36.109  -36.212  -36.255  -36.236  -36.154  -36.012  -35.797  -35.511  -35.152  -34.718  -34.207  -33.618  -32.950  -32.201  -31.372  -30.464
  -36.928  -37.104  -37.222  -37.279  -37.273  -37.200  -37.066  -36.855  -36.570  -36.209  -35.768  -35.246  -34.641  -33.951  -33.175  -32.313  -31.365
  -37.890  -38.085  -38.220  -38.292  -38.300  -38.239  -38.115  -37.910  -37.629  -37.267  -36.821  -36.290  -35.670  -34.959  -34.157  -33.262  -32.275
  -38.838  -39.052  -39.206  -39.296  -39.319  -39.272  -39.159  -38.963  -38.687  -38.326  -37.878  -37.339  -36.706  -35.977  -35.150  -34.223  -33.197
  -39.773  -40.008  -40.182  -40.291  -40.331  -40.305  -40.200  -40.014  -39.745  -39.388  -38.939  -38.395  -37.751  -37.005  -36.154  -35.197  -34.133
  -40.695  -40.953  -41.148  -41.277  -41.337  -41.328  -41.238  -41.065  -40.805  -40.454  -40.007  -39.459  -38.807  -38.046  -37.173  -36.187  -35.085
  -41.606  -41.887  -42.105  -42.257  -42.337  -42.347  -42.273  -42.115  -41.867  -41.524  -41.080  -40.532  -39.873  -39.099  -38.207  -37.193  -36.055
  -42.506  -42.812  -43.054  -43.229  -43.331  -43.362  -43.307  -43.165  -42.931  -42.598  -42.161  -41.614  -40.951  -40.167  -39.257  -38.217  -37.045
  -43.395  -43.727  -43.995  -44.194  -44.320  -44.373  -44.338  -44.215  -43.997  -43.676  -43.248  -42.705  -42.040  -41.248  -40.323  -39.260  -38.055
  -44.275  -44.633  -44.927  -45.152  -45.303  -45.380  -45.368  -45.265  -45.065  -44.759  -44.342  -43.805  -43.142  -42.345  -41.407  -40.323  -39.087
  -45.144  -45.530  -45.852  -46.104  -46.281  -46.383  -46.396  -46.315  -46.134  -45.846  -45.443  -44.916  -44.257  -43.457  -42.510  -41.407  -40.142
  -46.004  -46.419  -46.769  -47.049  -47.254  -47.383  -47.421  -47.365  -47.206  -46.938  -46.551  -46.036  -45.384  -44.585  -43.630  -42.512  -41.221
  -46.855  -47.299  -47.678  -47.987  -48.221  -48.378  -48.444  -48.414  -48.280  -48.033  -47.665  -47.165  -46.523  -45.728  -44.770  -43.639  -42.325
  -47.692  -48.170  -48.579  -48.919  -49.183  -49.369  -49.464  -49.462  -49.354  -49.132  -48.786  -48.303  -47.675  -46.887  -45.929  -44.788  -43.455
  -48.523  -49.032  -49.472  -49.843  -50.139  -50.356  -50.481  -50.509  -50.430  -50.235  -49.912  -49.451  -48.838  -48.062  -47.107  -45.961  -44.611
  -49.346  -49.886  -50.358  -50.761  -51.088  -51.334  -51.495  -51.555  -51.506  -51.340  -51.044  -50.607  -50.014  -49.252  -48.304  -47.157  -45.794
  -50.159  -50.731  -51.235  -51.671  -52.032  -52.311  -52.506  -52.598  -52.583  -52.448  -52.182  -51.771  -51.201  -50.457  -49.521  -48.376  -47.005
  -50.963  -51.567  -52.105  -52.575  -52.970  -53.283  -53.513  -53.640  -53.659  -53.557  -53.323  -52.943  -52.399  -51.677  -50.756  -49.618  -48.244
  -51.758  -52.395  -52.966  -53.470  -53.901  -54.250  -54.515  -54.679  -54.734  -54.668  -54.469  -54.121  -53.608  -52.911  -52.011  -50.885  -49.511
  -52.544  -53.211  -53.820  -54.359  -54.825  -55.211  -55.513  -55.715  -55.808  -55.781  -55.619  -55.307  -54.827  -54.160  -53.284  -52.174  -50.807
  -53.320  -54.021  -54.665  -55.239  -55.742  -56.165  -56.506  -56.747  -56.880  -56.893  -56.771  -56.498  -56.055  -55.422  -54.574  -53.487  -52.132
  -54.088  -54.823  -55.501  -56.112  -56.652  -57.114  -57.494  -57.776  -57.951  -58.005  -57.925  -57.694  -57.292  -56.696  -55.883  -54.823  -53.485
  -54.847  -55.616  -56.330  -56.977  -57.555  -58.056  -58.477  -58.800  -59.018  -59.117  -59.081  -58.895  -58.536  -57.983  -57.208  -56.181  -54.867
  -55.597  -56.399  -57.149  -57.834  -58.450  -58.991  -59.454  -59.820  -60.082  -60.227  -60.238  -60.099  -59.788  -59.281  -58.549  -57.561  -56.278
  -56.337  -57.175  -57.961  -58.682  -59.338  -59.920  -60.424  -60.835  -61.143  -61.335  -61.395  -61.306  -61.046  -60.589  -59.906  -58.962  -57.717
  -57.069  -57.941  -58.760  -59.523  -60.217  -60.840  -61.388  -61.844  -62.199  -62.440  -62.552  -62.515  -62.309  -61.906  -61.277  -60.383  -59.183
  -57.792  -58.698  -59.554  -60.354  -61.089  -61.754  -62.345  -62.847  -63.250  -63.542  -63.707  -63.726  -63.577  -63.232  -62.661  -61.824  -60.676
  -58.506  -59.447  -60.339  -61.178  -61.952  -62.659  -63.291  -63.843  -64.297  -64.641  -64.861  -64.937  -64.848  -64.566  -64.058  -63.283  -62.195
  -59.211  -60.187  -61.115  -61.992  -62.807  -63.557  -64.233  -64.833  -65.337  -65.735  -66.011  -66.148  -66.122  -65.905  -65.465  -64.760  -63.738
  -59.907  -60.918  -61.882  -62.798  -63.654  -64.446  -65.168  -65.816  -66.371  -66.824  -67.159  -67.357  -67.397  -67.250  -66.882  -66.252  -65.305
  -60.595  -61.640  -62.641  -63.596  -64.492  -65.327  -66.095  -66.792  -67.399  -67.907  -68.302  -68.565  -68.673  -68.599  -68.308  -67.758  -66.894
  -61.273  -62.353  -63.390  -64.381  -65.321  -66.200  -67.014  -67.760  -68.420  -68.985  -69.441  -69.769  -69.948  -69.950  -69.741  -69.277  -68.504
  -61.943  -63.058  -64.131  -65.160  -66.141  -67.064  -67.924  -68.719  -69.433  -70.056  -70.574  -70.969  -71.221  -71.303  -71.179  -70.808  -70.132
  -62.605  -63.753  -64.863  -65.931  -66.953  -67.919  -68.826  -69.671  -70.438  -71.119  -71.701  -72.165  -72.492  -72.656  -72.622  -72.347  -71.777
  -63.257  -64.440  -65.586  -66.692  -67.755  -68.765  -69.719  -70.613  -71.435  -72.176  -72.821  -73.356  -73.760  -74.008  -74.067  -73.895  -73.436
  -63.902  -65.119  -66.301  -67.444  -68.549  -69.602  -70.602  -71.547  -72.424  -73.224  -73.934  -74.540  -75.023  -75.358  -75.513  -75.448  -75.108
  -64.538  -65.788  -67.006  -68.188  -69.333  -70.429  -71.477  -72.472  -73.404  -74.263  -75.039  -75.718  -76.280  -76.704  -76.959  -77.005  -76.790
  -65.165  -66.449  -67.702  -68.922  -70.105  -71.248  -72.342  -73.384  -74.374  -75.294  -76.136  -76.887  -77.531  -78.046  -78.403  -78.564  -78.480
  -65.784  -67.102  -68.390  -69.648  -70.870  -72.057  -73.197  -74.290  -75.335  -76.315  -77.223  -78.049  -78.775  -79.382  -79.843  -80.124  -80.175
  -66.395  -67.746  -69.069  -70.364  -71.627  -72.857  -74.043  -75.187  -76.286  -77.326  -78.301  -79.201  -80.010  -80.711  -81.278  -81.681  -81.872
  -66.997  -68.381  -69.740  -71.071  -72.374  -73.647  -74.880  -76.073  -77.227  -78.327  -79.370  -80.343  -81.236  -82.031  -82.707  -83.234  -83.570
  -67.592  -69.008  -70.401  -71.770  -73.112  -74.427  -75.706  -76.950  -78.158  -79.318  -80.427  -81.476  -82.452  -83.343  -84.128  -84.781  -85.265
  -68.179  -69.627  -71.054  -72.459  -73.841  -75.198  -76.523  -77.816  -79.078  -80.299  -81.474  -82.597  -83.658  -84.644  -85.539  -86.320  -86.956
  -68.757  -70.238  -71.699  -73.140  -74.560  -75.957  -77.330  -78.672  -79.988  -81.268  -82.510  -83.707  -84.852  -85.934  -86.940  -87.850  -88.638
  -69.328  -70.840  -72.335  -73.812  -75.270  -76.708  -78.126  -79.518  -80.887  -82.226  -83.534  -84.806  -86.034  -87.212  -88.329  -89.369  -90.311
  -69.891  -71.434  -72.963  -74.475  -75.971  -77.450  -78.913  -80.353  -81.772  -83.173  -84.547  -85.892  -87.204  -88.477  -89.704  -90.874  -91.972
  -70.446  -72.021  -73.582  -75.129  -76.663  -78.183  -79.690  -81.178  -82.649  -84.109  -85.547  -86.965  -88.360  -89.728  -91.066  -92.365  -93.618
  -70.994  -72.599  -74.193  -75.775  -77.346  -78.906  -80.457  -81.992  -83.515  -85.032  -86.535  -88.025  -89.502  -90.965  -92.412  -93.840  -95.247
  -71.534  -73.170  -74.795  -76.412  -78.020  -79.619  -81.214  -82.796  -84.371  -85.944  -87.510  -89.072  -90.630  -92.186  -93.742  -95.298  -96.858
  -72.067  -73.732  -75.390  -77.041  -78.685  -80.323  -81.957  -83.589  -85.215  -86.844  -88.473  -90.105  -91.744  -93.392  -95.054  -96.737  -98.448
  -72.592  -74.288  -75.977  -77.661  -79.341  -81.018  -82.694  -84.371  -86.047  -87.732  -89.423  -91.125  -92.842  -94.581  -96.349  -98.156 -100.016
  -73.111  -74.835  -76.555  -78.272  -79.988  -81.703  -83.420  -85.143  -86.869  -88.608  -90.360  -92.130  -93.926  -95.754  -97.626  -99.555 -101.561
  -73.622  -75.375  -77.126  -78.876  -80.626  -82.379  -84.137  -85.905  -87.679  -89.468  -91.283  -93.121  -94.994  -96.910  -98.883 -100.932 -103.081
  -74.126  -75.908  -77.689  -79.471  -81.256  -83.046  -84.844  -86.655  -88.478  -90.320  -92.194  -94.098  -96.045  -98.048 -100.121 -102.287 -104.575
  -74.623  -76.433  -78.244  -80.058  -81.877  -83.703  -85.541  -87.396  -89.265  -91.160  -93.091  -95.061  -97.081  -99.168 -101.338 -103.618 -106.042
  -75.113  -76.952  -78.792  -80.637  -82.489  -84.352  -86.228  -88.123  -90.042  -91.987  -93.975  -96.008  -98.101 -100.270 -102.536 -104.926 -107.482
  -75.597  -77.463  -79.332  -81.208  -83.093  -84.991  -86.906  -88.842  -90.807  -92.803  -94.846  -96.942  -99.105 -101.354 -103.712 -106.210 -108.893
  -76.074  -77.967  -79.865  -81.771  -83.689  -85.622  -87.574  -89.551  -91.562  -93.607  -95.704  -97.860 -100.093 -102.420 -104.868 -107.470 -110.275
  -76.544  -78.464  -80.391  -82.327  -84.276  -86.244  -88.233  -90.250  -92.305  -94.398  -96.548  -98.765 -101.064 -103.467 -106.002 -108.706 -111.628
  -77.008  -78.954  -80.909  -82.875  -84.856  -86.857  -88.882  -90.939  -93.037  -95.178  -97.377  -99.654 -102.019 -104.496 -107.115 -109.916 -112.952
