  63.526  63.611  63.692  63.770  63.846  63.919  63.990  64.057  64.121  64.183  64.240  64.294  64.344  64.389  64.430  64.465  64.493
  63.615  63.716  63.816  63.914  64.009  64.103  64.194  64.282  64.367  64.449  64.527  64.601  64.670  64.735  64.795  64.850  64.898
  63.672  63.794  63.915  64.034  64.152  64.267  64.379  64.489  64.595  64.697  64.796  64.889  64.978  65.062  65.140  65.212  65.278
  63.704  63.848  63.990  64.132  64.271  64.408  64.543  64.674  64.802  64.925  65.044  65.158  65.266  65.368  65.465  65.554  65.635
  63.720  63.886  64.051  64.215  64.377  64.537  64.693  64.847  64.996  65.141  65.280  65.414  65.542  65.663  65.777  65.882  65.980
  63.725  63.913  64.101  64.288  64.472  64.655  64.834  65.009  65.181  65.347  65.508  65.662  65.809  65.949  66.081  66.203  66.317
  63.721  63.931  64.142  64.351  64.559  64.764  64.966  65.164  65.357  65.546  65.727  65.902  66.070  66.228  66.378  66.518  66.648
  63.708  63.942  64.175  64.407  64.638  64.866  65.090  65.311  65.527  65.737  65.940  66.136  66.324  66.502  66.671  66.828  66.975
  63.688  63.944  64.200  64.455  64.709  64.960  65.208  65.452  65.690  65.922  66.147  66.364  66.573  66.771  66.958  67.134  67.297
  63.662  63.940  64.219  64.497  64.773  65.048  65.319  65.585  65.847  66.101  66.348  66.587  66.816  67.034  67.241  67.435  67.616
  63.628  63.929  64.230  64.531  64.831  65.129  65.423  65.713  65.997  66.274  66.544  66.804  67.054  67.293  67.520  67.733  67.931
  63.562  63.884  64.206  64.528  64.849  65.167  65.482  65.792  66.096  66.393  66.682  66.962  67.230  67.486  67.729  67.957  68.170
  63.477  63.819  64.161  64.503  64.844  65.182  65.517  65.847  66.171  66.486  66.794  67.090  67.376  67.648  67.906  68.147  68.372
  63.379  63.741  64.103  64.466  64.826  65.184  65.539  65.888  66.230  66.564  66.889  67.203  67.504  67.792  68.064  68.318  68.554
  63.269  63.652  64.035  64.417  64.798  65.175  65.549  65.917  66.277  66.629  66.971  67.301  67.618  67.920  68.205  68.472  68.718
  63.188  63.591  63.994  64.397  64.797  65.195  65.589  65.977  66.358  66.729  67.091  67.439  67.774  68.093  68.395  68.676  68.935
  63.155  63.578  64.002  64.426  64.848  65.268  65.685  66.095  66.498  66.893  67.277  67.649  68.007  68.348  68.671  68.974  69.254
  63.113  63.556  64.001  64.445  64.889  65.331  65.770  66.204  66.630  67.048  67.455  67.850  68.231  68.595  68.940  69.265  69.566
  63.063  63.526  63.990  64.456  64.922  65.386  65.848  66.304  66.753  67.194  67.625  68.043  68.447  68.834  69.202  69.548  69.871
  63.004  63.487  63.972  64.459  64.946  65.432  65.916  66.395  66.868  67.332  67.787  68.228  68.656  69.066  69.456  69.825  70.169
  62.938  63.440  63.946  64.454  64.963  65.471  65.977  66.479  66.975  67.463  67.940  68.406  68.857  69.290  69.704  70.095  70.461
  62.865  63.387  63.913  64.441  64.971  65.502  66.030  66.555  67.074  67.585  68.087  68.576  69.050  69.508  69.945  70.359  70.747
  62.785  63.326  63.872  64.421  64.973  65.525  66.075  66.623  67.165  67.700  68.225  68.738  69.237  69.718  70.179  70.617  71.028
  62.698  63.258  63.824  64.394  64.967  65.540  66.113  66.683  67.249  67.807  68.357  68.894  69.417  69.922  70.407  70.868  71.302
  62.605  63.184  63.770  64.360  64.954  65.549  66.144  66.737  67.325  67.907  68.480  69.042  69.589  70.119  70.628  71.113  71.571
  62.505  63.104  63.709  64.319  64.933  65.550  66.167  66.783  67.394  68.000  68.597  69.183  69.754  70.309  70.843  71.352  71.834
  62.400  63.017  63.641  64.272  64.907  65.544  66.183  66.821  67.456  68.085  68.706  69.316  69.913  70.492  71.051  71.585  72.091
  62.288  62.924  63.567  64.218  64.873  65.532  66.192  66.853  67.510  68.163  68.808  69.443  70.064  70.668  71.252  71.812  72.343
  62.171  62.825  63.487  64.157  64.833  65.513  66.195  66.877  67.557  68.233  68.902  69.561  70.208  70.837  71.447  72.032  72.588
  62.049  62.720  63.401  64.090  64.786  65.487  66.190  66.894  67.597  68.297  68.989  69.673  70.344  70.999  71.634  72.245  72.827
  61.921  62.610  63.309  64.018  64.733  65.454  66.178  66.905  67.630  68.352  69.069  69.777  70.473  71.154  71.815  72.451  73.060
  61.787  62.494  63.211  63.939  64.674  65.415  66.160  66.908  67.656  68.401  69.141  69.874  70.595  71.301  71.988  72.651  73.286
  61.649  62.372  63.108  63.854  64.608  65.369  66.135  66.904  67.674  68.442  69.206  69.963  70.709  71.441  72.154  72.844  73.505
  61.505  62.245  62.999  63.763  64.536  65.317  66.103  66.893  67.685  68.476  69.264  70.044  70.815  71.573  72.312  73.029  73.718
  61.356  62.113  62.884  63.666  64.458  65.258  66.065  66.876  67.689  68.503  69.313  70.118  70.914  71.697  72.463  73.207  73.923
  61.202  61.976  62.763  63.563  64.374  65.193  66.020  66.852  67.686  68.522  69.356  70.185  71.005  71.814  72.606  73.377  74.121
  61.043  61.834  62.638  63.455  64.284  65.122  65.968  66.820  67.676  68.534  69.391  70.243  71.088  71.922  72.741  73.539  74.311
  60.880  61.686  62.507  63.342  64.188  65.045  65.910  66.783  67.659  68.539  69.418  70.294  71.163  72.023  72.868  73.693  74.494
  60.712  61.534  62.371  63.222  64.087  64.962  65.846  66.738  67.635  68.536  69.437  70.337  71.230  72.115  72.986  73.839  74.668
  60.539  61.376  62.229  63.098  63.979  64.872  65.775  66.687  67.604  68.526  69.450  70.372  71.289  72.199  73.097  73.977  74.834
  60.362  61.214  62.083  62.968  63.866  64.777  65.698  66.629  67.567  68.509  69.454  70.399  71.340  72.275  73.198  74.106  74.992
  60.180  61.048  61.932  62.832  63.748  64.676  65.615  66.565  67.522  68.485  69.451  70.418  71.383  72.342  73.291  74.226  75.140
  59.994  60.876  61.776  62.692  63.624  64.569  65.526  66.494  67.470  68.453  69.440  70.429  71.417  72.401  73.376  74.337  75.280
  59.804  60.700  61.615  62.546  63.494  64.456  65.431  66.417  67.412  68.414  69.422  70.433  71.443  72.451  73.451  74.439  75.410
  59.609  60.520  61.449  62.396  63.359  64.338  65.330  66.333  67.347  68.368  69.397  70.428  71.461  72.492  73.517  74.532  75.531
  59.411  60.335  61.279  62.240  63.219  64.214  65.223  66.243  67.275  68.316  69.363  70.416  71.471  72.525  73.574  74.615  75.642
  59.208  60.146  61.104  62.080  63.074  64.085  65.109  66.147  67.196  68.256  69.323  70.396  71.472  72.549  73.622  74.688  75.743
  59.001  59.953  60.925  61.915  62.924  63.950  64.991  66.045  67.111  68.189  69.275  70.368  71.465  72.564  73.661  74.752  75.833
  58.791  59.755  60.741  61.746  62.769  63.809  64.866  65.936  67.020  68.115  69.220  70.332  71.449  72.570  73.690  74.806  75.914
  58.576  59.554  60.553  61.571  62.608  63.664  64.736  65.822  66.922  68.034  69.157  70.288  71.426  72.567  73.710  74.850  75.984
  58.358  59.348  60.360  61.392  62.443  63.513  64.600  65.702  66.818  67.947  69.087  70.237  71.393  72.555  73.720  74.884  76.043
  58.136  59.139  60.163  61.209  62.273  63.357  64.459  65.576  66.708  67.853  69.010  70.177  71.353  72.535  73.721  74.907  76.091
  57.911  58.926  59.963  61.021  62.099  63.197  64.312  65.444  66.591  67.752  68.926  70.111  71.305  72.506  73.712  74.921  76.128
  57.682  58.708  59.758  60.829  61.920  63.031  64.160  65.307  66.468  67.645  68.835  70.036  71.248  72.468  73.694  74.924  76.154
  57.449  58.488  59.549  60.632  61.736  62.860  64.003  65.164  66.340  67.531  68.737  69.955  71.183  72.421  73.666  74.917  76.169
  57.213  58.263  59.336  60.432  61.548  62.685  63.841  65.015  66.205  67.412  68.632  69.866  71.111  72.366  73.629  74.899  76.173
  56.974  58.035  59.120  60.227  61.356  62.504  63.674  64.861  66.065  67.285  68.520  69.769  71.030  72.302  73.583  74.872  76.166
  56.731  57.803  58.899  60.018  61.159  62.320  63.501  64.702  65.919  67.153  68.402  69.666  70.942  72.230  73.528  74.834  76.147
  56.485  57.568  58.675  59.805  60.958  62.130  63.324  64.537  65.767  67.014  68.277  69.555  70.846  72.149  73.463  74.786  76.117
  56.236  57.329  58.447  59.588  60.752  61.937  63.142  64.368  65.610  66.870  68.146  69.437  70.742  72.060  73.389  74.728  76.077
  55.983  57.087  58.216  59.368  60.543  61.739  62.956  64.193  65.447  66.720  68.009  69.313  70.631  71.963  73.306  74.661  76.025
  55.728  56.842  57.981  59.144  60.329  61.537  62.764  64.013  65.280  66.564  67.865  69.181  70.512  71.857  73.214  74.583  75.962
  55.469  56.593  57.742  58.916  60.112  61.330  62.569  63.828  65.107  66.402  67.715  69.043  70.387  71.744  73.114  74.496  75.889
  55.207  56.341  57.501  58.684  59.891  61.119  62.368  63.639  64.928  66.235  67.559  68.899  70.254  71.623  73.005  74.399  75.805
  54.943  56.086  57.255  58.449  59.665  60.904  62.164  63.445  64.745  66.062  67.397  68.748  70.114  71.494  72.888  74.293  75.711
  54.675  55.828  57.007  58.210  59.437  60.685  61.956  63.246  64.556  65.884  67.229  68.590  69.967  71.358  72.762  74.178  75.606
  54.405  55.567  56.755  57.968  59.204  60.463  61.743  63.043  64.363  65.701  67.056  68.427  69.814  71.214  72.628  74.054  75.491
  54.131  55.303  56.500  57.722  58.968  60.236  61.525  62.835  64.165  65.512  66.877  68.258  69.654  71.063  72.486  73.921  75.367
  53.855  55.036  56.242  57.473  58.728  60.005  61.304  62.623  63.962  65.319  66.692  68.082  69.487  70.906  72.337  73.780  75.233
  53.577  54.766  55.981  57.221  58.485  59.771  61.079  62.406  63.754  65.121  66.502  67.901  69.314  70.741  72.180  73.630  75.089
  53.295  54.493  55.717  56.966  58.238  59.533  60.850  62.186  63.542  64.917  66.307  67.714  69.135  70.569  72.015  73.472  74.937
  53.011  54.218  55.450  56.707  57.988  59.292  60.617  61.962  63.326  64.709  66.107  67.522  68.950  70.391  71.844  73.306  74.775
  52.724  53.939  55.180  56.446  57.735  59.047  60.380  61.733  63.105  64.496  65.902  67.324  68.759  70.207  71.665  73.132  74.605
  52.435  53.658  54.907  56.181  57.479  58.798  60.140  61.501  62.880  64.279  65.692  67.121  68.562  70.016  71.479  72.950  74.427
  52.143  53.374  54.631  55.913  57.219  58.547  59.896  61.265  62.651  64.057  65.477  66.912  68.360  69.819  71.287  72.762  74.241
  51.849  53.088  54.353  55.643  56.956  58.292  59.648  61.024  62.418  63.831  65.259  66.699  68.152  69.616  71.088  72.566  74.046
