  -20.947  -20.755  -20.571  -20.393  -20.221  -20.056  -19.897  -19.745  -19.600  -19.462  -19.333  -19.213  -19.102  -19.002  -18.913  -18.836  -18.773
  -20.717  -20.482  -20.252  -20.026  -19.806  -19.592  -19.384  -19.185  -18.993  -18.810  -18.636  -18.472  -18.320  -18.178  -18.049  -17.933  -17.830
  -20.529  -20.241  -19.957  -19.679  -19.406  -19.143  -18.885  -18.635  -18.395  -18.166  -17.947  -17.741  -17.548  -17.369  -17.203  -17.053  -16.918
  -20.386  -20.041  -19.700  -19.365  -19.037  -18.716  -18.405  -18.105  -17.816  -17.540  -17.277  -17.032  -16.799  -16.583  -16.384  -16.202  -16.039
  -20.261  -19.856  -19.456  -19.062  -18.676  -18.300  -17.935  -17.582  -17.243  -16.920  -16.613  -16.323  -16.051  -15.799  -15.569  -15.358  -15.168
  -20.145  -19.677  -19.216  -18.761  -18.316  -17.882  -17.462  -17.056  -16.667  -16.295  -15.943  -15.611  -15.301  -15.013  -14.749  -14.512  -14.297
  -20.033  -19.501  -18.976  -18.459  -17.953  -17.460  -16.982  -16.522  -16.081  -15.661  -15.264  -14.890  -14.542  -14.219  -13.924  -13.657  -13.418
  -19.924  -19.325  -18.733  -18.152  -17.583  -17.029  -16.493  -15.978  -15.485  -15.016  -14.573  -14.158  -13.771  -13.415  -13.089  -12.795  -12.534
  -19.816  -19.147  -18.487  -17.838  -17.205  -16.589  -15.993  -15.421  -14.875  -14.357  -13.869  -13.412  -12.988  -12.598  -12.243  -11.924  -11.641
  -19.707  -18.966  -18.235  -17.518  -16.817  -16.137  -15.481  -14.851  -14.251  -13.683  -13.149  -12.651  -12.190  -11.768  -11.384  -11.041  -10.738
  -19.596  -18.781  -17.977  -17.188  -16.419  -15.673  -14.954  -14.266  -13.612  -12.994  -12.414  -11.875  -11.378  -10.923  -10.513  -10.147   -9.825
  -19.630  -18.747  -17.875  -17.021  -16.190  -15.385  -14.610  -13.870  -13.168  -12.507  -11.888  -11.315  -10.787  -10.308   -9.876   -9.494   -9.160
  -19.753  -18.801  -17.864  -16.946  -16.054  -15.191  -14.363  -13.574  -12.826  -12.123  -11.468  -10.863  -10.309   -9.807   -9.358   -8.963   -8.621
  -19.933  -18.913  -17.910  -16.929  -15.975  -15.056  -14.174  -13.335  -12.543  -11.801  -11.111  -10.475   -9.896   -9.374   -8.910   -8.505   -8.157
  -20.166  -19.078  -18.008  -16.963  -15.949  -14.972  -14.038  -13.151  -12.315  -11.534  -10.810  -10.146   -9.544   -9.004   -8.527   -8.114   -7.764
  -20.256  -19.094  -17.952  -16.837  -15.758  -14.719  -13.727  -12.787  -11.903  -11.080  -10.319   -9.624   -8.995   -8.434   -7.941   -7.517   -7.161
  -20.061  -18.814  -17.589  -16.395  -15.239  -14.129  -13.070  -12.069  -11.129  -10.256   -9.452   -8.719   -8.058   -7.470   -6.956   -6.514   -6.146
  -19.869  -18.534  -17.224  -15.946  -14.711  -13.527  -12.400  -11.337  -10.342   -9.419   -8.572   -7.802   -7.110   -6.498   -5.963   -5.507   -5.128
  -19.680  -18.253  -16.852  -15.489  -14.172  -12.912  -11.716  -10.589   -9.538   -8.567   -7.677   -6.872   -6.151   -5.515   -4.963   -4.494   -4.106
  -19.491  -17.967  -16.473  -15.020  -13.620  -12.282  -11.014   -9.824   -8.717   -7.697   -6.766   -5.926   -5.178   -4.521   -3.953   -3.473   -3.080
  -19.300  -17.676  -16.084  -14.539  -13.052  -11.634  -10.294   -9.040   -7.877   -6.808   -5.838   -4.965   -4.191   -3.514   -2.933   -2.445   -2.048
  -19.108  -17.379  -15.685  -14.044  -12.467  -10.967   -9.554   -8.235   -7.016   -5.900   -4.890   -3.987   -3.189   -2.495   -1.902   -1.408   -1.010
  -18.913  -17.073  -15.274  -13.533  -11.864  -10.280   -8.792   -7.408   -6.133   -4.971   -3.924   -2.991   -2.171   -1.462   -0.861   -0.363    0.034
  -18.714  -16.759  -14.850  -13.004  -11.240   -9.570   -8.007   -6.557   -5.227   -4.020   -2.936   -1.976   -1.137   -0.416    0.192    0.691    1.085
  -18.511  -16.435  -14.410  -12.457  -10.594   -8.837   -7.196   -5.681   -4.296   -3.045   -1.928   -0.943   -0.087    0.645    1.256    1.753    2.141
  -18.301  -16.099  -13.953  -11.889   -9.925   -8.077   -6.359   -4.778   -3.340   -2.047   -0.898    0.110    0.981    1.719    2.332    2.824    3.204
  -18.086  -15.750  -13.479  -11.298   -9.229   -7.290   -5.494   -3.848   -2.358   -1.024    0.155    1.183    2.065    2.808    3.418    3.904    4.272
  -17.863  -15.387  -12.984  -10.683   -8.506   -6.474   -4.599   -2.889   -1.347    0.024    1.230    2.275    3.166    3.910    4.516    4.992    5.346
  -17.631  -15.009  -12.468  -10.041   -7.754   -5.626   -3.672   -1.898   -0.308    1.099    2.329    3.388    4.284    5.026    5.624    6.088    6.425
  -17.390  -14.613  -11.928   -9.371   -6.970   -4.746   -2.712   -0.876    0.760    2.201    3.452    4.521    5.419    6.156    6.743    7.191    7.510
  -17.140  -14.199  -11.363   -8.670   -6.152   -3.830   -1.718    0.179    1.860    3.330    4.598    5.675    6.571    7.299    7.872    8.301    8.598
  -16.877  -13.764  -10.770   -7.937   -5.298   -2.877   -0.687    1.269    2.991    4.488    5.769    6.849    7.739    8.455    9.011    9.418    9.691
  -16.602  -13.307  -10.146   -7.167   -4.405   -1.885    0.383    2.394    4.154    5.673    6.964    8.042    8.924    9.624   10.158   10.542   10.787
  -16.313  -12.825   -9.489   -6.359   -3.471   -0.851    1.492    3.557    5.351    6.888    8.184    9.256   10.124   10.804   11.315   11.670   11.886
  -16.008  -12.316   -8.797   -5.509   -2.493    0.228    2.644    4.758    6.581    8.131    9.427   10.490   11.340   11.996   12.479   12.804   12.987
  -15.686  -11.777   -8.065   -4.614   -1.467    1.353    3.839    5.998    7.846    9.404   10.695   11.742   12.570   13.199   13.650   13.942   14.089
  -15.345  -11.205   -7.290   -3.670   -0.391    2.527    5.079    7.279    9.146   10.706   11.986   13.014   13.814   14.412   14.828   15.083   15.193
  -14.982  -10.597   -6.469   -2.674    0.739    3.752    6.367    8.602   10.482   12.037   13.301   14.303   15.072   15.634   16.012   16.227   16.297
  -14.595   -9.948   -5.596   -1.621    1.927    5.032    7.704    9.967   11.853   13.398   14.638   15.609   16.342   16.864   17.201   17.374   17.401
  -14.182   -9.255   -4.666   -0.507    3.175    6.370    9.092   11.375   13.259   14.786   15.998   16.932   17.624   18.102   18.394   18.521   18.504
  -13.738   -8.512   -3.675    0.674    4.489    7.767   10.532   12.828   14.701   16.203   17.379   18.271   18.916   19.347   19.590   19.670   19.605
  -13.261   -7.714   -2.616    1.927    5.873    9.226   12.026   14.324   16.179   17.647   18.780   19.624   20.219   20.597   20.789   20.818   20.705
  -12.745   -6.853   -1.481    3.259    7.330   10.751   13.575   15.865   17.692   19.118   20.201   20.991   21.530   21.853   21.990   21.965   21.801
  -12.185   -5.923   -0.264    4.675    8.865   12.344   15.179   17.451   19.239   20.614   21.641   22.370   22.849   23.112   23.191   23.111   22.893
  -11.576   -4.914    1.045    6.182   10.484   14.007   16.841   19.081   20.819   22.135   23.097   23.761   24.174   24.373   24.392   24.254   23.981
  -10.908   -3.816    2.456    7.788   12.189   15.742   18.559   20.755   22.432   23.679   24.569   25.161   25.504   25.637   25.591   25.394   25.065
  -10.175   -2.617    3.979    9.500   13.986   17.551   20.335   22.471   24.076   25.244   26.054   26.569   26.838   26.901   26.789   26.530   26.143
   -9.363   -1.303    5.626   11.328   15.879   19.436   22.168   24.230   25.749   26.829   27.553   27.985   28.175   28.164   27.984   27.661   27.214
   -8.461    0.143    7.412   13.278   17.872   21.398   24.058   26.028   27.449   28.432   29.062   29.405   29.513   29.426   29.175   28.786   28.279
   -7.450    1.740    9.350   15.360   19.968   23.436   26.002   27.864   29.175   30.051   30.580   30.830   30.851   30.685   30.361   29.905   29.337
   -6.312    3.511   11.458   17.582   22.171   25.550   27.999   29.736   30.924   31.684   32.105   32.257   32.188   31.940   31.542   31.018   30.387
   -5.018    5.485   13.753   19.951   24.481   27.740   30.047   31.641   32.693   33.328   33.636   33.684   33.523   33.190   32.716   32.122   31.428
   -3.535    7.692   16.254   22.476   26.899   30.002   32.143   33.576   34.480   34.981   35.169   35.111   34.854   34.435   33.883   33.219   32.460
   -1.821   10.171   18.979   25.161   29.425   32.334   34.282   35.537   36.282   36.641   36.704   36.535   36.179   35.673   35.042   34.307   33.483
    0.184   12.966   21.947   28.010   32.056   34.731   36.461   37.521   38.095   38.305   38.238   37.954   37.498   36.902   36.192   35.385   34.497
    2.554   16.126   25.175   31.024   34.787   37.188   38.673   39.523   39.915   39.970   39.769   39.368   38.810   38.123   37.332   36.453   35.500
    5.393   19.705   28.677   34.201   37.613   39.698   40.915   41.539   41.741   41.635   41.295   40.775   40.113   39.335   38.462   37.511   36.492
    8.838   23.763   32.461   37.534   40.524   42.254   43.180   43.564   43.568   43.295   42.815   42.173   41.406   40.536   39.582   38.557   37.474
   13.076   28.355   36.527   41.012   43.509   44.847   45.461   45.594   45.393   44.949   44.325   43.561   42.688   41.725   40.689   39.593   38.444
   18.357   33.524   40.865   44.618   46.554   47.467   47.751   47.624   47.212   46.595   45.825   44.938   43.958   42.902   41.785   40.616   39.403
   24.993   39.289   45.448   48.330   49.646   50.104   50.044   49.648   49.022   48.229   47.313   46.301   45.215   44.067   42.869   41.628   40.350
   33.331   45.627   50.238   52.123   52.767   52.748   52.333   51.664   50.819   49.850   48.786   47.651   46.458   45.218   43.939   42.626   41.284
   43.621   52.454   55.180   55.965   55.900   55.388   54.611   53.664   52.601   51.455   50.245   48.985   47.687   46.355   44.996   43.612   42.207
   55.749   59.621   60.206   59.824   59.026   58.013   56.871   55.647   54.365   53.042   51.686   50.304   48.900   47.478   46.039   44.585   43.117
   68.961   66.924   65.244   63.666   62.129   60.613   59.107   57.606   56.108   54.609   53.108   51.605   50.097   48.585   47.068   45.544   44.014
   81.973   74.134   70.217   67.458   65.191   63.178   61.313   59.539   57.826   56.154   54.511   52.888   51.278   49.677   48.082   46.490   44.899
   93.608   81.040   75.057   71.169   68.196   65.700   63.483   61.442   59.519   57.677   55.893   54.152   52.441   50.754   49.082   47.423   45.771
  103.313   87.480   79.705   74.775   71.131   68.170   65.613   63.312   61.183   59.175   57.254   55.397   53.587   51.814   50.067   48.341   46.627
  111.119   93.359   84.116   78.252   73.984   70.582   67.698   65.146   62.818   60.648   58.592   56.621   54.715   52.857   51.037   49.245   47.473
  117.324   98.642   88.262   81.584   76.746   72.930   69.735   66.941   64.420   62.093   59.907   57.826   55.824   53.884   51.992   50.136   48.307
  122.271  103.343   92.129   84.760   79.408   75.209   71.720   68.696   65.990   63.511   61.198   59.009   56.915   54.894   52.931   51.012   49.127
  126.256  107.501   95.712   87.774   81.967   77.416   73.652   70.409   67.526   64.900   62.464   60.171   57.986   55.887   53.855   51.874   49.934
  129.509  111.170   99.019   90.623   84.419   79.548   75.529   72.079   69.026   66.260   63.705   61.311   59.039   56.863   54.763   52.723   50.729
  132.201  114.409  102.062   93.307   86.763   81.604   77.348   73.705   70.492   67.591   64.922   62.429   60.072   57.822   55.656   53.557   51.510
  134.459  117.272  104.857   95.832   88.999   83.584   79.111   75.286   71.921   68.892   66.113   63.526   61.087   58.764   56.533   54.374   52.279
  136.377  119.811  107.422   98.201   91.128   85.486   80.816   76.822   73.314   70.162   67.279   64.600   62.082   59.688   57.395   55.180   53.034
