  64.415  64.429  64.434  64.432  64.422  64.406  64.384  64.356  64.322  64.283  64.239  64.189  64.134  64.073  64.007  63.934  63.855
  64.937  64.939  64.933  64.920  64.900  64.873  64.840  64.800  64.755  64.703  64.646  64.583  64.514  64.441  64.362  64.278  64.189
  65.424  65.419  65.406  65.385  65.356  65.318  65.274  65.223  65.165  65.100  65.029  64.952  64.868  64.779  64.684  64.584  64.479
  65.874  65.864  65.846  65.818  65.781  65.736  65.681  65.619  65.548  65.470  65.384  65.290  65.190  65.084  64.972  64.855  64.732
  66.307  66.294  66.270  66.236  66.191  66.137  66.072  65.998  65.914  65.822  65.722  65.613  65.497  65.373  65.242  65.105  64.963
  66.732  66.715  66.686  66.645  66.593  66.529  66.453  66.367  66.271  66.165  66.049  65.924  65.790  65.649  65.500  65.343  65.181
  67.151  67.130  67.097  67.049  66.988  66.915  66.829  66.731  66.621  66.500  66.368  66.227  66.075  65.916  65.748  65.572  65.389
  67.566  67.542  67.503  67.449  67.380  67.297  67.199  67.089  66.965  66.829  66.681  66.523  66.353  66.175  65.987  65.791  65.588
  67.978  67.951  67.906  67.845  67.768  67.675  67.566  67.443  67.305  67.153  66.989  66.813  66.625  66.427  66.219  66.003  65.779
  68.388  68.357  68.308  68.240  68.154  68.050  67.930  67.793  67.640  67.473  67.292  67.098  66.891  66.674  66.446  66.208  65.963
  68.797  68.762  68.707  68.632  68.537  68.423  68.290  68.140  67.972  67.789  67.590  67.378  67.152  66.914  66.665  66.407  66.139
  69.078  69.043  68.985  68.905  68.804  68.682  68.539  68.377  68.197  67.999  67.785  67.556  67.312  67.056  66.788  66.509  66.220
  69.293  69.260  69.201  69.119  69.012  68.883  68.732  68.559  68.367  68.155  67.926  67.681  67.420  67.145  66.858  66.558  66.249
  69.470  69.440  69.382  69.297  69.186  69.051  68.891  68.709  68.505  68.280  68.037  67.775  67.497  67.203  66.896  66.576  66.244
  69.611  69.585  69.529  69.444  69.330  69.189  69.022  68.830  68.615  68.377  68.119  67.842  67.546  67.234  66.907  66.565  66.212
  69.857  69.832  69.775  69.686  69.566  69.418  69.241  69.037  68.809  68.557  68.283  67.988  67.674  67.343  66.995  66.633  66.258
  70.304  70.273  70.207  70.108  69.978  69.816  69.625  69.406  69.161  68.891  68.598  68.284  67.950  67.598  67.230  66.848  66.452
  70.743  70.706  70.633  70.524  70.382  70.207  70.001  69.766  69.504  69.215  68.903  68.569  68.215  67.843  67.454  67.051  66.634
  71.177  71.134  71.053  70.935  70.780  70.592  70.371  70.120  69.839  69.532  69.200  68.846  68.471  68.078  67.668  67.243  66.805
  71.607  71.558  71.469  71.340  71.174  70.971  70.735  70.466  70.168  69.841  69.489  69.114  68.718  68.303  67.871  67.425  66.965
  72.032  71.978  71.880  71.741  71.562  71.346  71.093  70.807  70.490  70.143  69.771  69.374  68.957  68.520  68.066  67.597  67.115
  72.455  72.394  72.288  72.138  71.947  71.715  71.446  71.142  70.805  70.439  70.045  69.627  69.187  68.728  68.251  67.760  67.257
  72.875  72.808  72.693  72.532  72.327  72.080  71.794  71.471  71.115  70.728  70.312  69.872  69.409  68.927  68.428  67.915  67.389
  73.292  73.219  73.095  72.923  72.704  72.441  72.137  71.796  71.419  71.010  70.573  70.110  69.624  69.119  68.597  68.060  67.512
  73.707  73.627  73.494  73.310  73.077  72.798  72.476  72.114  71.716  71.286  70.826  70.340  69.831  69.303  68.757  68.198  67.627
  74.121  74.034  73.891  73.695  73.447  73.151  72.810  72.428  72.008  71.555  71.072  70.563  70.031  69.478  68.910  68.327  67.733
  74.532  74.439  74.286  74.077  73.813  73.499  73.139  72.736  72.295  71.819  71.312  70.779  70.222  69.646  69.054  68.448  67.831
  74.943  74.842  74.679  74.456  74.176  73.844  73.464  73.039  72.575  72.075  71.545  70.987  70.407  69.807  69.190  68.561  67.921
  75.352  75.243  75.069  74.832  74.536  74.185  73.784  73.337  72.849  72.325  71.770  71.188  70.583  69.959  69.319  68.666  68.003
  75.759  75.643  75.458  75.206  74.893  74.522  74.099  73.629  73.117  72.569  71.989  71.382  70.752  70.103  69.439  68.762  68.076
  76.166  76.042  75.844  75.577  75.246  74.854  74.409  73.915  73.379  72.806  72.201  71.568  70.913  70.240  69.551  68.851  68.142
  76.572  76.439  76.229  75.946  75.595  75.182  74.714  74.196  73.634  73.035  72.405  71.747  71.067  70.368  69.655  68.932  68.200
  76.977  76.835  76.611  76.312  75.941  75.506  75.013  74.470  73.883  73.258  72.601  71.917  71.212  70.489  69.752  69.004  68.250
  77.381  77.229  76.992  76.674  76.283  75.825  75.307  74.738  74.125  73.473  72.790  72.080  71.349  70.601  69.840  69.069  68.292
  77.784  77.622  77.370  77.034  76.621  76.139  75.596  75.000  74.360  73.681  72.971  72.235  71.478  70.705  69.920  69.125  68.325
  78.186  78.014  77.747  77.391  76.955  76.447  75.878  75.255  74.587  73.881  73.144  72.381  71.599  70.801  69.991  69.174  68.352
  78.588  78.405  78.121  77.744  77.284  76.751  76.154  75.503  74.807  74.073  73.309  72.520  71.711  70.888  70.055  69.214  68.370
  78.989  78.794  78.492  78.094  77.609  77.048  76.423  75.744  75.019  74.257  73.465  72.649  71.815  70.967  70.110  69.247  68.380
  79.389  79.181  78.861  78.440  77.929  77.340  76.686  75.977  75.223  74.432  73.612  72.770  71.910  71.038  70.157  69.271  68.383
  79.789  79.567  79.227  78.782  78.243  77.625  76.941  76.202  75.418  74.599  73.751  72.882  71.997  71.100  70.196  69.287  68.377
  80.188  79.951  79.590  79.119  78.552  77.903  77.188  76.418  75.605  74.756  73.881  72.986  72.075  71.154  70.226  69.295  68.364
  80.586  80.334  79.950  79.452  78.854  78.174  77.427  76.626  75.782  74.905  74.002  73.080  72.144  71.199  70.248  69.295  68.344
  80.983  80.714  80.307  79.779  79.150  78.437  77.658  76.825  75.950  75.044  74.113  73.165  72.204  71.235  70.262  69.287  68.315
  81.380  81.092  80.659  80.101  79.438  78.692  77.879  77.014  76.109  75.173  74.215  73.240  72.255  71.262  70.267  69.272  68.279
  81.776  81.468  81.007  80.416  79.719  78.938  78.091  77.193  76.257  75.293  74.307  73.307  72.297  71.281  70.264  69.248  68.235
  82.170  81.841  81.350  80.725  79.992  79.174  78.293  77.362  76.396  75.402  74.389  73.363  72.329  71.291  70.252  69.216  68.184
  82.564  82.211  81.688  81.026  80.255  79.401  78.484  77.521  76.523  75.501  74.461  73.410  72.353  71.292  70.233  69.176  68.125
  82.956  82.577  82.019  81.319  80.509  79.617  78.665  77.668  76.640  75.589  74.523  73.448  72.367  71.285  70.205  69.129  68.059
  83.347  82.939  82.344  81.602  80.752  79.822  78.833  77.804  76.745  75.667  74.575  73.475  72.372  71.269  70.168  69.073  67.985
  83.737  83.297  82.661  81.876  80.984  80.014  78.990  77.928  76.840  75.733  74.616  73.493  72.368  71.244  70.124  69.010  67.904
  84.124  83.649  82.969  82.139  81.203  80.194  79.134  78.040  76.922  75.789  74.647  73.501  72.354  71.210  70.071  68.939  67.816
  84.509  83.994  83.267  82.389  81.409  80.361  79.265  78.139  76.993  75.833  74.668  73.499  72.332  71.168  70.010  68.861  67.721
  84.890  84.332  83.554  82.626  81.602  80.513  79.383  78.225  77.051  75.867  74.677  73.487  72.300  71.117  69.941  68.775  67.619
  85.268  84.661  83.827  82.849  81.778  80.650  79.486  78.298  77.097  75.888  74.677  73.466  72.259  71.058  69.865  68.681  67.509
  85.642  84.978  84.086  83.055  81.939  80.773  79.575  78.358  77.131  75.898  74.665  73.434  72.209  70.990  69.780  68.581  67.393
  86.009  85.283  84.328  83.243  82.083  80.879  79.649  78.404  77.152  75.897  74.643  73.393  72.149  70.914  69.688  68.473  67.270
  86.369  85.572  84.551  83.412  82.208  80.968  79.708  78.437  77.161  75.884  74.611  73.343  72.081  70.829  69.587  68.357  67.141
  86.718  85.842  84.753  83.560  82.314  81.040  79.751  78.455  77.157  75.860  74.568  73.282  72.004  70.736  69.480  68.235  67.004
  87.053  86.089  84.930  83.686  82.401  81.095  79.779  78.459  77.140  75.824  74.515  73.212  71.919  70.636  69.364  68.106  66.862
  87.368  86.307  85.081  83.789  82.467  81.131  79.791  78.449  77.111  75.777  74.451  73.133  71.824  70.527  69.242  67.970  66.712
  87.656  86.493  85.202  83.866  82.512  81.150  79.787  78.426  77.069  75.719  74.377  73.044  71.721  70.410  69.112  67.827  66.557
  87.904  86.640  85.292  83.918  82.535  81.150  79.767  78.388  77.015  75.650  74.293  72.946  71.610  70.286  68.975  67.678  66.395
  88.098  86.743  85.348  83.943  82.536  81.132  79.731  78.336  76.949  75.569  74.199  72.839  71.490  70.154  68.831  67.522  66.228
  88.218  86.798  85.370  83.941  82.516  81.095  79.680  78.271  76.870  75.478  74.095  72.723  71.363  70.014  68.680  67.359  66.054
  88.251  86.802  85.356  83.913  82.474  81.040  79.613  78.192  76.780  75.376  73.982  72.599  71.227  69.868  68.522  67.191  65.875
  88.190  86.755  85.307  83.858  82.411  80.968  79.531  78.100  76.678  75.264  73.859  72.465  71.083  69.714  68.357  67.016  65.689
  88.045  86.659  85.224  83.776  82.326  80.878  79.434  77.996  76.564  75.141  73.727  72.324  70.932  69.552  68.186  66.835  65.498
  87.832  86.518  85.109  83.670  82.222  80.772  79.323  77.878  76.439  75.008  73.586  72.174  70.773  69.385  68.009  66.648  65.303
  87.569  86.337  84.963  83.541  82.098  80.648  79.197  77.748  76.304  74.866  73.436  72.016  70.607  69.210  67.825  66.455  65.101
  87.270  86.121  84.790  83.388  81.956  80.510  79.058  77.606  76.157  74.714  73.278  71.851  70.434  69.028  67.636  66.257  64.894
  86.946  85.877  84.592  83.215  81.796  80.356  78.906  77.453  76.001  74.553  73.111  71.677  70.253  68.841  67.440  66.053  64.681
  86.603  85.608  84.371  83.022  81.619  80.187  78.741  77.288  75.834  74.383  72.936  71.497  70.066  68.646  67.238  65.844  64.464
  86.247  85.318  84.130  82.812  81.427  80.005  78.564  77.113  75.658  74.204  72.753  71.309  69.872  68.446  67.031  65.629  64.241
  85.881  85.013  83.871  82.585  81.219  79.810  78.375  76.927  75.472  74.016  72.562  71.114  69.672  68.240  66.818  65.409  64.014
  85.508  84.693  83.597  82.343  80.998  79.602  78.176  76.731  75.278  73.821  72.364  70.912  69.465  68.027  66.600  65.185  63.781
  85.128  84.361  83.309  82.087  80.765  79.383  77.965  76.526  75.074  73.617  72.159  70.703  69.252  67.809  66.376  64.955  63.544
