   25.166   25.278   25.397   25.524   25.657   25.795   25.939   26.086   26.238   26.392   26.549   26.707   26.868   27.029   27.191   27.353   27.516
   24.539   24.695   24.860   25.034   25.215   25.402   25.595   25.794   25.996   26.202   26.411   26.622   26.834   27.046   27.258   27.469   27.678
   23.914   24.113   24.323   24.543   24.772   25.009   25.251   25.501   25.757   26.016   26.279   26.544   26.811   27.077   27.342   27.606   27.866
   23.294   23.535   23.789   24.054   24.331   24.618   24.914   25.217   25.527   25.841   26.160   26.481   26.803   27.126   27.446   27.764   28.079
   22.670   22.952   23.250   23.563   23.889   24.226   24.575   24.932   25.297   25.669   26.045   26.423   26.804   27.184   27.562   27.936   28.306
   22.037   22.361   22.704   23.063   23.439   23.828   24.230   24.643   25.066   25.495   25.930   26.369   26.809   27.248   27.686   28.118   28.545
   21.393   21.759   22.147   22.554   22.979   23.422   23.879   24.349   24.830   25.319   25.815   26.315   26.817   27.318   27.816   28.309   28.795
   20.737   21.145   21.577   22.033   22.509   23.005   23.519   24.047   24.588   25.140   25.698   26.262   26.827   27.392   27.953   28.509   29.055
   20.068   20.517   20.995   21.499   22.028   22.579   23.150   23.738   24.341   24.956   25.579   26.208   26.840   27.470   28.097   28.716   29.325
   19.384   19.875   20.398   20.952   21.533   22.140   22.770   23.420   24.087   24.767   25.458   26.155   26.854   27.552   28.246   28.931   29.604
   18.685   19.218   19.787   20.390   21.025   21.689   22.380   23.093   23.825   24.573   25.333   26.100   26.869   27.638   28.401   29.155   29.894
   18.134   18.701   19.307   19.952   20.632   21.344   22.086   22.854   23.643   24.450   25.270   26.098   26.930   27.760   28.584   29.397   30.195
   17.654   18.249   18.889   19.571   20.293   21.050   21.840   22.659   23.502   24.365   25.242   26.128   27.018   27.907   28.789   29.659   30.511
   17.214   17.836   18.507   19.224   19.985   20.785   21.622   22.490   23.386   24.303   25.236   26.179   27.126   28.072   29.011   29.936   30.842
   16.813   17.459   18.158   18.908   19.706   20.548   21.429   22.345   23.291   24.261   25.249   26.247   27.251   28.253   29.246   30.225   31.183
   16.285   16.960   17.693   18.482   19.323   20.212   21.145   22.117   23.121   24.151   25.201   26.264   27.331   28.397   29.453   30.493   31.510
   15.499   16.214   16.993   17.833   18.730   19.680   20.679   21.721   22.798   23.906   25.035   26.177   27.326   28.472   29.608   30.724   31.815
   14.699   15.454   16.278   17.169   18.123   19.135   20.201   21.315   22.468   23.655   24.865   26.092   27.324   28.554   29.771   30.968   32.135
   13.884   14.677   15.547   16.489   17.500   18.575   19.710   20.897   22.129   23.398   24.693   26.006   27.326   28.642   29.945   31.224   32.470
   13.053   13.885   14.798   15.791   16.860   17.999   19.204   20.467   21.780   23.133   24.517   25.920   27.330   28.737   30.128   31.493   32.821
   12.205   13.074   14.032   15.075   16.202   17.407   18.683   20.024   21.420   22.861   24.336   25.832   27.337   28.838   30.321   31.775   33.187
   11.340   12.245   13.246   14.340   15.525   16.795   18.145   19.566   21.048   22.580   24.150   25.744   27.347   28.946   30.525   32.071   33.571
   10.457   11.397   12.440   13.584   14.828   16.165   17.589   19.092   20.663   22.289   23.958   25.653   27.359   29.060   30.739   32.381   33.971
    9.555   10.528   11.613   12.807   14.109   15.514   17.014   18.601   20.263   21.988   23.759   25.560   27.374   29.181   30.964   32.705   34.390
    8.634    9.639   10.764   12.008   13.368   14.841   16.419   18.092   19.849   21.675   23.554   25.465   27.390   29.309   31.200   33.046   34.827
    7.693    8.729    9.893   11.185   12.604   14.145   15.802   17.564   19.419   21.350   23.340   25.367   27.410   29.444   31.449   33.402   35.285
    6.733    7.797    8.998   10.337   11.814   13.425   15.162   17.015   18.971   21.012   23.118   25.266   27.431   29.588   31.711   33.776   35.763
    5.752    6.842    8.079    9.465   10.999   12.679   14.497   16.444   18.504   20.660   22.887   25.162   27.455   29.740   31.986   34.169   36.264
    4.751    5.864    7.135    8.565   10.156   11.906   13.807   15.849   18.018   20.291   22.646   25.053   27.482   29.900   32.276   34.581   36.789
    3.729    4.864    6.165    7.639    9.286   11.105   13.089   15.230   17.510   19.907   22.394   24.941   27.511   30.070   32.582   35.014   37.338
    2.685    3.839    5.170    6.684    8.385   10.273   12.343   14.584   16.978   19.504   22.130   24.823   27.543   30.250   32.904   35.470   37.914
    1.621    2.790    4.147    5.700    7.454    9.411   11.566   13.909   16.422   19.082   21.854   24.701   27.578   30.441   33.245   35.949   38.519
    0.535    1.716    3.096    4.685    6.491    8.515   10.756   13.203   15.840   18.638   21.564   24.572   27.616   30.643   33.604   36.454   39.154
   -0.572    0.618    2.018    3.640    5.494    7.585    9.911   12.465   15.228   18.172   21.258   24.438   27.657   30.858   33.985   36.987   39.821
   -1.700   -0.506    0.910    2.562    4.462    6.618    9.030   11.692   14.586   17.681   20.936   24.297   27.702   31.087   34.388   37.549   40.523
   -2.849   -1.654   -0.227    1.452    3.395    5.613    8.111   10.882   13.911   17.164   20.596   24.148   27.751   31.330   34.816   38.143   41.262
   -4.020   -2.828   -1.393    0.307    2.289    4.568    7.150   10.033   13.199   16.617   20.236   23.991   27.803   31.590   35.270   38.772   42.040
   -5.211   -4.027   -2.589   -0.872    1.145    3.481    6.146    9.140   12.449   16.038   19.855   23.825   27.861   31.867   35.753   39.438   42.861
   -6.422   -5.252   -3.815   -2.086   -0.038    2.350    5.096    8.202   11.657   15.425   19.450   23.649   27.923   32.164   36.268   40.145   43.728
   -7.653   -6.500   -5.072   -3.336   -1.264    1.174    3.997    7.216   10.819   14.774   19.019   23.462   27.991   32.482   36.818   40.896   44.644
   -8.903   -7.774   -6.359   -4.623   -2.531   -0.050    2.847    6.177    9.932   14.082   18.559   23.263   28.065   32.824   37.405   41.695   45.613
  -10.172   -9.072   -7.676   -5.947   -3.843   -1.324    1.643    5.082    8.992   13.344   18.067   23.050   28.145   33.192   38.035   42.546   46.639
  -11.459  -10.393   -9.023   -7.307   -5.198   -2.650    0.382    3.927    7.994   12.556   17.540   22.821   28.234   33.589   38.711   43.454   47.726
  -12.762  -11.737  -10.400   -8.705   -6.600   -4.029   -0.940    2.708    6.932   11.713   16.973   22.576   28.330   34.019   39.438   44.425   48.879
  -14.082  -13.103  -11.806  -10.141   -8.047   -5.463   -2.325    1.420    5.802   10.808   16.362   22.311   28.436   34.486   40.222   45.463   50.103
  -15.417  -14.490  -13.241  -11.613   -9.541   -6.954   -3.776    0.059    4.597    9.837   15.701   22.024   28.553   34.993   41.069   46.577   51.404
  -16.766  -15.898  -14.703  -13.122  -11.082   -8.503   -5.297   -1.380    3.311    8.790   14.985   21.712   28.682   35.547   41.988   47.773   52.787
  -18.128  -17.324  -16.192  -14.666  -12.670  -10.112   -6.891   -2.903    1.936    7.660   14.205   21.372   28.824   36.154   42.985   49.058   54.258
  -19.501  -18.768  -17.706  -16.246  -14.305  -11.781   -8.559   -4.515    0.464    6.436   13.353   20.998   28.983   36.822   44.072   50.444   55.825
  -20.885  -20.229  -19.244  -17.860  -15.986  -13.512  -10.306   -6.221   -1.114    5.108   12.418   20.587   29.161   37.560   45.260   51.938   57.493
  -22.277  -21.703  -20.805  -19.506  -17.713  -15.304  -12.133   -8.027   -2.807    3.664   11.389   20.131   29.360   38.378   46.562   53.553   59.270
  -23.676  -23.191  -22.386  -21.183  -19.484  -17.158  -14.043   -9.938   -4.624    2.089   10.251   19.623   29.586   39.291   47.994   55.301   61.163
  -25.081  -24.690  -23.986  -22.889  -21.297  -19.072  -16.036  -11.959   -6.577    0.366    8.986   19.052   29.842   40.314   49.573   57.194   63.180
  -26.491  -26.199  -25.602  -24.622  -23.151  -21.046  -18.113  -14.095   -8.677   -1.523    7.572   18.407   30.135   41.468   51.320   59.246   65.325
  -27.902  -27.715  -27.233  -26.379  -25.043  -23.077  -20.274  -16.350  -10.934   -3.598    5.984   17.671   30.474   42.778   53.261   61.473   67.607
  -29.315  -29.236  -28.876  -28.157  -26.971  -25.164  -22.519  -18.726  -13.359   -5.882    4.189   16.823   30.869   44.276   55.423   63.889   70.030
  -30.727  -30.761  -30.529  -29.954  -28.930  -27.301  -24.844  -21.226  -15.963   -8.402    2.148   15.836   31.335   46.002   57.838   66.511   72.597
  -32.136  -32.287  -32.188  -31.766  -30.917  -29.487  -27.247  -23.848  -18.755  -11.184   -0.188   14.673   31.892   48.008   60.544   69.352   75.311
  -33.542  -33.812  -33.852  -33.591  -32.928  -31.715  -29.723  -26.591  -21.741  -14.257   -2.878   13.282   32.568   50.361   63.580   72.425   78.171
  -34.941  -35.335  -35.517  -35.423  -34.959  -33.980  -32.265  -29.451  -24.925  -17.649   -5.995   11.590   33.404   53.148   66.991   75.739   81.174
  -36.334  -36.853  -37.182  -37.261  -37.004  -36.277  -34.867  -32.419  -28.306  -21.386   -9.627    9.489   34.464   56.484   70.819   79.298   84.312
  -37.718  -38.364  -38.842  -39.100  -39.059  -38.598  -37.520  -35.486  -31.878  -25.485  -13.878    6.818   35.847   60.515   75.106   83.101   87.575
  -39.091  -39.865  -40.496  -40.937  -41.119  -40.937  -40.213  -38.639  -35.627  -29.957  -18.860    3.325   37.722   65.427   79.880   87.134   90.947
  -40.453  -41.357  -42.140  -42.767  -43.179  -43.285  -42.936  -41.861  -39.534  -34.791  -24.684   -1.400   40.397   71.440   85.151   91.376   94.409
  -41.802  -42.835  -43.774  -44.588  -45.233  -45.636  -45.677  -45.136  -43.570  -39.960  -31.432   -8.038   44.491   78.783   90.896   95.793   97.938
  -43.137  -44.299  -45.392  -46.395  -47.276  -47.981  -48.424  -48.441  -47.701  -45.406  -39.109  -17.706   51.418   87.617   97.050  100.341  101.509
  -44.457  -45.748  -46.995  -48.187  -49.303  -50.313  -51.164  -51.757  -51.888  -51.050  -47.597  -31.974   64.927   97.891  103.505  104.964  105.093
  -45.760  -47.178  -48.579  -49.958  -51.310  -52.625  -53.886  -55.062  -56.086  -56.791  -56.613  -51.733   94.581  109.188  110.107  109.605  108.663
  -47.046  -48.590  -50.143  -51.707  -53.292  -54.909  -56.577  -58.333  -60.251  -62.514  -65.745  -74.137  139.404  120.717  116.685  114.201  112.191
  -48.313  -49.982  -51.684  -53.431  -55.245  -57.159  -59.227  -61.551  -64.341  -68.111  -74.546  -93.421  167.042  131.594  123.070  118.694  115.651
  -49.562  -51.353  -53.201  -55.127  -57.166  -59.369  -61.826  -64.698  -68.318  -73.484  -82.659 -107.191  179.654  141.191  129.120  123.036  119.020
  -50.790  -52.701  -54.692  -56.794  -59.051  -61.534  -64.364  -67.758  -72.152  -78.561  -89.885 -116.514 -173.785  149.286  134.737  127.185  122.279
  -51.998  -54.026  -56.157  -58.429  -60.897  -63.650  -66.836  -70.718  -75.817  -83.292  -96.171 -122.934 -169.865  155.952  139.869  131.114  125.413
  -53.185  -55.328  -57.594  -60.030  -62.701  -65.712  -69.234  -73.569  -79.297  -87.656 -101.568 -127.520 -167.285  161.397  144.505  134.805  128.410
  -54.351  -56.605  -59.003  -61.597  -64.463  -67.718  -71.555  -76.303  -82.583  -91.649 -106.175 -130.923 -165.467  165.851  148.659  138.250  131.265
  -55.495  -57.856  -60.381  -63.128  -66.180  -69.666  -73.794  -78.916  -85.671  -95.283 -110.108 -133.532 -164.121  169.520  152.365  141.450  133.973
