  62.631  62.697  62.756  62.806  62.850  62.887  62.918  62.942  62.960  62.972  62.978  62.977  62.970  62.955  62.933  62.903  62.863
  63.078  63.148  63.212  63.269  63.319  63.362  63.399  63.430  63.453  63.470  63.480  63.483  63.479  63.468  63.450  63.424  63.390
  63.480  63.561  63.634  63.701  63.760  63.812  63.859  63.897  63.926  63.948  63.962  63.968  63.966  63.956  63.937  63.911  63.876
  63.843  63.937  64.023  64.101  64.171  64.232  64.286  64.330  64.366  64.392  64.410  64.418  64.417  64.407  64.387  64.358  64.320
  64.184  64.292  64.391  64.481  64.562  64.634  64.696  64.748  64.790  64.821  64.842  64.853  64.853  64.842  64.820  64.788  64.745
  64.511  64.634  64.747  64.850  64.943  65.025  65.096  65.156  65.204  65.241  65.266  65.279  65.279  65.268  65.244  65.208  65.160
  64.830  64.968  65.095  65.212  65.317  65.410  65.490  65.558  65.614  65.655  65.684  65.699  65.700  65.687  65.661  65.621  65.568
  65.141  65.295  65.438  65.568  65.685  65.789  65.880  65.957  66.019  66.066  66.098  66.115  66.117  66.103  66.074  66.030  65.971
  65.447  65.617  65.775  65.919  66.050  66.165  66.266  66.351  66.420  66.473  66.509  66.529  66.531  66.516  66.485  66.436  66.371
  65.747  65.934  66.107  66.266  66.410  66.538  66.649  66.743  66.820  66.878  66.919  66.940  66.943  66.927  66.892  66.839  66.768
  66.042  66.247  66.436  66.610  66.768  66.908  67.030  67.134  67.218  67.282  67.326  67.350  67.354  67.336  67.299  67.241  67.163
  66.213  66.435  66.641  66.830  67.001  67.153  67.285  67.397  67.488  67.557  67.604  67.630  67.632  67.612  67.570  67.505  67.419
  66.316  66.557  66.780  66.984  67.169  67.333  67.475  67.596  67.693  67.767  67.817  67.842  67.843  67.820  67.772  67.699  67.602
  66.379  66.639  66.879  67.100  67.298  67.475  67.628  67.757  67.860  67.939  67.991  68.016  68.015  67.987  67.932  67.850  67.742
  66.404  66.685  66.944  67.181  67.394  67.583  67.747  67.884  67.994  68.076  68.130  68.156  68.152  68.118  68.055  67.963  67.841
  66.534  66.834  67.110  67.363  67.591  67.793  67.967  68.113  68.231  68.318  68.375  68.401  68.395  68.358  68.289  68.189  68.056
  66.861  67.177  67.470  67.738  67.980  68.194  68.380  68.537  68.663  68.757  68.819  68.848  68.844  68.806  68.735  68.631  68.493
  67.176  67.510  67.819  68.103  68.360  68.588  68.786  68.953  69.088  69.189  69.256  69.289  69.286  69.248  69.174  69.066  68.922
  67.482  67.834  68.160  68.460  68.732  68.975  69.186  69.364  69.508  69.616  69.689  69.725  69.723  69.684  69.607  69.494  69.344
  67.779  68.149  68.494  68.811  69.099  69.355  69.579  69.769  69.922  70.039  70.117  70.156  70.155  70.115  70.036  69.917  69.760
  68.068  68.457  68.820  69.154  69.459  69.731  69.968  70.170  70.333  70.457  70.541  70.584  70.584  70.543  70.460  70.336  70.171
  68.348  68.757  69.139  69.492  69.813  70.101  70.353  70.566  70.740  70.873  70.962  71.008  71.010  70.967  70.881  70.750  70.577
  68.621  69.050  69.452  69.824  70.163  70.467  70.733  70.959  71.144  71.285  71.381  71.430  71.433  71.389  71.298  71.162  70.980
  68.887  69.337  69.759  70.150  70.507  70.828  71.109  71.349  71.545  71.694  71.797  71.850  71.854  71.808  71.713  71.570  71.379
  69.146  69.617  70.060  70.470  70.846  71.185  71.482  71.735  71.943  72.102  72.210  72.268  72.273  72.225  72.126  71.975  71.775
  69.398  69.891  70.354  70.786  71.181  71.537  71.851  72.119  72.338  72.507  72.622  72.683  72.690  72.640  72.536  72.378  72.168
  69.642  70.158  70.643  71.096  71.511  71.886  72.216  72.499  72.731  72.910  73.033  73.098  73.105  73.054  72.944  72.778  72.557
  69.880  70.419  70.927  71.400  71.836  72.230  72.579  72.877  73.122  73.311  73.441  73.511  73.519  73.465  73.351  73.176  72.944
  70.111  70.673  71.204  71.700  72.157  72.571  72.937  73.252  73.511  73.711  73.849  73.923  73.932  73.876  73.756  73.572  73.328
  70.336  70.921  71.475  71.994  72.473  72.907  73.293  73.624  73.897  74.109  74.255  74.334  74.344  74.285  74.159  73.966  73.710
  70.553  71.162  71.740  72.282  72.784  73.240  73.645  73.993  74.282  74.505  74.660  74.744  74.755  74.694  74.561  74.358  74.089
  70.763  71.396  71.999  72.565  73.090  73.568  73.993  74.360  74.664  74.900  75.064  75.153  75.165  75.101  74.961  74.748  74.465
  70.965  71.624  72.252  72.842  73.391  73.891  74.338  74.724  75.044  75.293  75.466  75.561  75.575  75.507  75.360  75.136  74.839
  71.161  71.845  72.498  73.114  73.687  74.211  74.679  75.085  75.422  75.685  75.868  75.969  75.984  75.913  75.758  75.522  75.210
  71.349  72.059  72.737  73.379  73.977  74.525  75.016  75.443  75.798  76.075  76.269  76.376  76.392  76.318  76.155  75.907  75.578
  71.529  72.265  72.970  73.638  74.262  74.835  75.350  75.798  76.172  76.464  76.669  76.782  76.800  76.722  76.550  76.289  75.943
  71.702  72.464  73.195  73.890  74.540  75.139  75.679  76.149  76.543  76.852  77.069  77.188  77.207  77.125  76.944  76.669  76.305
  71.867  72.655  73.414  74.135  74.813  75.439  76.003  76.498  76.912  77.238  77.467  77.593  77.614  77.527  77.337  77.047  76.665
  72.023  72.839  73.624  74.374  75.079  75.732  76.323  76.842  77.278  77.622  77.864  77.999  78.020  77.929  77.728  77.422  77.020
  72.172  73.014  73.827  74.605  75.339  76.020  76.638  77.183  77.642  78.005  78.261  78.403  78.427  78.331  78.118  77.796  77.373
  72.312  73.181  74.022  74.829  75.592  76.302  76.948  77.519  78.003  78.385  78.657  78.808  78.833  78.731  78.506  78.166  77.721
  72.443  73.340  74.209  75.044  75.837  76.577  77.253  77.852  78.360  78.764  79.052  79.212  79.238  79.131  78.893  78.534  78.065
  72.566  73.490  74.387  75.252  76.075  76.845  77.551  78.179  78.714  79.141  79.445  79.615  79.644  79.530  79.278  78.899  78.405
  72.680  73.631  74.557  75.451  76.304  77.106  77.843  78.501  79.065  79.516  79.838  80.019  80.049  79.929  79.662  79.261  78.741
  72.785  73.763  74.717  75.641  76.525  77.359  78.128  78.818  79.411  79.888  80.230  80.422  80.455  80.326  80.043  79.619  79.071
  72.881  73.885  74.868  75.822  76.738  77.604  78.407  79.129  79.753  80.257  80.620  80.825  80.860  80.723  80.422  79.973  79.396
  72.967  73.998  75.010  75.994  76.941  77.840  78.677  79.434  80.090  80.623  81.009  81.227  81.265  81.119  80.799  80.323  79.714
  73.044  74.102  75.142  76.156  77.135  78.068  78.939  79.732  80.422  80.986  81.397  81.630  81.670  81.514  81.173  80.669  80.027
  73.111  74.196  75.263  76.307  77.318  78.285  79.193  80.022  80.749  81.346  81.782  82.032  82.075  81.908  81.545  81.009  80.332
  73.169  74.279  75.375  76.448  77.492  78.493  79.436  80.303  81.068  81.701  82.166  82.433  82.479  82.300  81.912  81.344  80.629
  73.217  74.352  75.475  76.579  77.654  78.689  79.670  80.576  81.381  82.051  82.548  82.834  82.884  82.692  82.276  81.671  80.917
  73.255  74.415  75.565  76.698  77.805  78.875  79.893  80.839  81.686  82.396  82.927  83.235  83.289  83.081  82.635  81.992  81.196
  73.283  74.468  75.644  76.805  77.944  79.048  80.105  81.092  81.982  82.735  83.303  83.635  83.693  83.469  82.990  82.305  81.465
  73.301  74.510  75.712  76.901  78.071  79.209  80.304  81.333  82.268  83.067  83.676  84.035  84.097  83.854  83.338  82.608  81.722
  73.309  74.541  75.768  76.985  78.185  79.358  80.490  81.561  82.543  83.390  84.044  84.434  84.502  84.236  83.679  82.901  81.967
  73.307  74.562  75.813  77.057  78.286  79.492  80.662  81.776  82.805  83.705  84.408  84.832  84.906  84.615  84.012  83.182  82.198
  73.294  74.571  75.847  77.116  78.374  79.613  80.819  81.976  83.055  84.008  84.765  85.229  85.310  84.990  84.336  83.450  82.414
  73.272  74.570  75.868  77.163  78.449  79.719  80.961  82.161  83.289  84.299  85.115  85.624  85.714  85.359  84.648  83.703  82.613
  73.240  74.558  75.878  77.197  78.509  79.809  81.087  82.328  83.506  84.576  85.456  86.018  86.117  85.722  84.947  83.939  82.795
  73.198  74.535  75.876  77.218  78.556  79.885  81.196  82.477  83.705  84.835  85.786  86.409  86.520  86.076  85.230  84.156  82.959
  73.146  74.502  75.862  77.226  78.588  79.944  81.288  82.607  83.883  85.075  86.101  86.796  86.922  86.419  85.494  84.352  83.101
  73.084  74.457  75.837  77.220  78.605  79.987  81.361  82.717  84.039  85.291  86.398  87.178  87.323  86.748  85.735  84.524  83.222
  73.012  74.402  75.799  77.202  78.608  80.014  81.416  82.806  84.170  85.482  86.672  87.552  87.722  87.057  85.949  84.671  83.320
  72.930  74.336  75.750  77.171  78.597  80.025  81.452  82.872  84.276  85.643  86.917  87.914  88.117  87.339  86.132  84.789  83.394
  72.839  74.260  75.690  77.127  78.571  80.018  81.468  82.916  84.355  85.772  87.126  88.256  88.507  87.585  86.280  84.878  83.443
  72.739  74.174  75.618  77.070  78.530  79.996  81.465  82.936  84.405  85.864  87.288  88.564  88.883  87.783  86.386  84.935  83.466
  72.629  74.077  75.534  77.001  78.475  79.956  81.443  82.933  84.426  85.917  87.397  88.811  89.228  87.919  86.449  84.959  83.464
  72.510  73.970  75.440  76.919  78.406  79.900  81.401  82.907  84.417  85.930  87.445  88.953  89.472  87.980  86.465  84.949  83.436
  72.382  73.853  75.334  76.824  78.323  79.828  81.340  82.857  84.378  85.903  87.428  88.945  89.457  87.959  86.434  84.907  83.382
  72.245  73.727  75.218  76.718  78.226  79.740  81.261  82.785  84.311  85.835  87.348  88.791  89.197  87.859  86.356  84.832  83.303
  72.100  73.591  75.091  76.600  78.116  79.637  81.163  82.690  84.215  85.730  87.209  88.535  88.847  87.689  86.235  84.726  83.200
  71.946  73.446  74.954  76.470  77.992  79.519  81.047  82.574  84.093  85.588  87.021  88.221  88.467  87.464  86.075  84.590  83.074
  71.784  73.291  74.807  76.329  77.856  79.386  80.915  82.438  83.945  85.415  86.791  87.874  88.075  87.196  85.879  84.428  82.926
  71.614  73.128  74.650  76.177  77.708  79.239  80.766  82.282  83.773  85.213  86.528  87.508  87.677  86.897  85.653  84.240  82.757
  71.436  72.956  74.483  76.014  77.547  79.078  80.601  82.108  83.580  84.985  86.238  87.130  87.274  86.574  85.401  84.029  82.569
  71.250  72.776  74.307  75.842  77.375  78.904  80.422  81.916  83.367  84.735  85.928  86.744  86.870  86.234  85.128  83.798  82.363
