 -72.223 -72.271 -72.308 -72.337 -72.359 -72.373 -72.381 -72.382 -72.376 -72.364 -72.346 -72.321 -72.289 -72.251 -72.205 -72.152 -72.089
 -72.739 -72.783 -72.819 -72.847 -72.868 -72.881 -72.887 -72.886 -72.877 -72.862 -72.840 -72.810 -72.774 -72.730 -72.680 -72.622 -72.558
 -73.211 -73.258 -73.297 -73.328 -73.350 -73.364 -73.369 -73.366 -73.355 -73.336 -73.309 -73.273 -73.230 -73.179 -73.120 -73.053 -72.979
 -73.641 -73.695 -73.740 -73.774 -73.799 -73.815 -73.820 -73.816 -73.802 -73.779 -73.746 -73.704 -73.652 -73.592 -73.523 -73.445 -73.359
 -74.054 -74.116 -74.167 -74.206 -74.235 -74.252 -74.258 -74.252 -74.236 -74.208 -74.169 -74.119 -74.059 -73.989 -73.906 -73.816 -73.716
 -74.453 -74.524 -74.581 -74.626 -74.659 -74.678 -74.684 -74.678 -74.658 -74.626 -74.581 -74.523 -74.453 -74.372 -74.279 -74.176 -74.061
 -74.845 -74.924 -74.989 -75.040 -75.076 -75.098 -75.105 -75.097 -75.074 -75.037 -74.986 -74.920 -74.840 -74.747 -74.642 -74.524 -74.394
 -75.229 -75.319 -75.392 -75.449 -75.490 -75.514 -75.522 -75.513 -75.487 -75.444 -75.386 -75.311 -75.221 -75.116 -74.997 -74.864 -74.718
 -75.610 -75.709 -75.791 -75.855 -75.901 -75.928 -75.936 -75.926 -75.896 -75.848 -75.782 -75.699 -75.597 -75.480 -75.346 -75.198 -75.035
 -75.985 -76.096 -76.187 -76.258 -76.309 -76.339 -76.348 -76.336 -76.304 -76.250 -76.176 -76.082 -75.970 -75.839 -75.690 -75.525 -75.345
 -76.357 -76.480 -76.581 -76.660 -76.716 -76.749 -76.759 -76.746 -76.709 -76.649 -76.567 -76.463 -76.338 -76.193 -76.029 -75.847 -75.648
 -76.590 -76.726 -76.838 -76.926 -76.989 -77.026 -77.038 -77.024 -76.984 -76.919 -76.829 -76.715 -76.578 -76.419 -76.239 -76.040 -75.822
 -76.750 -76.900 -77.025 -77.123 -77.193 -77.236 -77.250 -77.235 -77.193 -77.122 -77.025 -76.901 -76.752 -76.578 -76.382 -76.165 -75.928
 -76.865 -77.031 -77.170 -77.279 -77.358 -77.406 -77.423 -77.408 -77.363 -77.287 -77.182 -77.048 -76.886 -76.698 -76.485 -76.249 -75.991
 -76.939 -77.123 -77.277 -77.398 -77.486 -77.540 -77.560 -77.547 -77.499 -77.418 -77.305 -77.160 -76.985 -76.782 -76.552 -76.297 -76.017
 -77.127 -77.327 -77.494 -77.626 -77.723 -77.782 -77.805 -77.791 -77.740 -77.653 -77.531 -77.375 -77.187 -76.968 -76.721 -76.446 -76.146
 -77.533 -77.746 -77.924 -78.064 -78.167 -78.230 -78.253 -78.237 -78.181 -78.086 -77.954 -77.785 -77.583 -77.348 -77.082 -76.789 -76.470
 -77.929 -78.156 -78.345 -78.495 -78.604 -78.671 -78.695 -78.676 -78.615 -78.512 -78.368 -78.186 -77.968 -77.716 -77.432 -77.119 -76.779
 -78.314 -78.556 -78.759 -78.919 -79.035 -79.106 -79.132 -79.110 -79.043 -78.931 -78.776 -78.579 -78.344 -78.073 -77.770 -77.436 -77.075
 -78.691 -78.949 -79.166 -79.337 -79.462 -79.538 -79.564 -79.540 -79.466 -79.345 -79.177 -78.965 -78.712 -78.422 -78.097 -77.741 -77.358
 -79.060 -79.335 -79.567 -79.750 -79.884 -79.965 -79.993 -79.966 -79.886 -79.754 -79.572 -79.343 -79.072 -78.760 -78.414 -78.035 -77.628
 -79.420 -79.714 -79.962 -80.159 -80.302 -80.389 -80.418 -80.388 -80.301 -80.158 -79.961 -79.715 -79.423 -79.090 -78.720 -78.317 -77.886
 -79.772 -80.086 -80.351 -80.563 -80.717 -80.811 -80.841 -80.808 -80.713 -80.557 -80.345 -80.080 -79.766 -79.410 -79.016 -78.588 -78.132
 -80.115 -80.451 -80.736 -80.963 -81.129 -81.229 -81.262 -81.225 -81.122 -80.953 -80.723 -80.437 -80.101 -79.721 -79.301 -78.847 -78.365
 -80.450 -80.809 -81.114 -81.359 -81.538 -81.646 -81.680 -81.640 -81.527 -81.344 -81.096 -80.788 -80.428 -80.021 -79.575 -79.095 -78.586
 -80.776 -81.160 -81.488 -81.751 -81.944 -82.061 -82.097 -82.053 -81.930 -81.731 -81.462 -81.131 -80.745 -80.311 -79.837 -79.329 -78.793
 -81.093 -81.503 -81.855 -82.139 -82.347 -82.473 -82.513 -82.464 -82.330 -82.113 -81.823 -81.467 -81.053 -80.591 -80.088 -79.552 -78.988
 -81.400 -81.838 -82.216 -82.522 -82.748 -82.885 -82.927 -82.873 -82.726 -82.491 -82.177 -81.793 -81.351 -80.859 -80.326 -79.760 -79.168
 -81.696 -82.164 -82.570 -82.901 -83.145 -83.294 -83.340 -83.281 -83.120 -82.864 -82.524 -82.111 -81.638 -81.114 -80.551 -79.955 -79.334
 -81.981 -82.480 -82.916 -83.274 -83.540 -83.702 -83.752 -83.687 -83.510 -83.231 -82.862 -82.418 -81.912 -81.357 -80.762 -80.136 -79.486
 -82.252 -82.786 -83.254 -83.641 -83.931 -84.109 -84.163 -84.091 -83.896 -83.592 -83.192 -82.715 -82.175 -81.585 -80.958 -80.302 -79.623
 -82.511 -83.079 -83.583 -84.002 -84.319 -84.514 -84.573 -84.493 -84.278 -83.945 -83.512 -82.999 -82.423 -81.799 -81.139 -80.452 -79.744
 -82.754 -83.360 -83.900 -84.356 -84.703 -84.917 -84.983 -84.893 -84.656 -84.291 -83.821 -83.269 -82.656 -81.997 -81.304 -80.586 -79.850
 -82.981 -83.625 -84.206 -84.700 -85.081 -85.319 -85.392 -85.291 -85.028 -84.626 -84.116 -83.525 -82.873 -82.178 -81.451 -80.703 -79.939
 -83.190 -83.874 -84.497 -85.035 -85.454 -85.719 -85.800 -85.686 -85.393 -84.951 -84.398 -83.763 -83.072 -82.340 -81.581 -80.803 -80.012
 -83.380 -84.105 -84.772 -85.356 -85.819 -86.117 -86.208 -86.079 -85.749 -85.262 -84.662 -83.983 -83.251 -82.484 -81.693 -80.886 -80.069
 -83.549 -84.315 -85.029 -85.663 -86.176 -86.511 -86.615 -86.467 -86.096 -85.558 -84.907 -84.182 -83.410 -82.608 -81.785 -80.950 -80.108
 -83.696 -84.502 -85.263 -85.952 -86.521 -86.902 -87.022 -86.850 -86.429 -85.834 -85.130 -84.359 -83.547 -82.710 -81.858 -80.996 -80.130
 -83.819 -84.664 -85.473 -86.218 -86.850 -87.288 -87.429 -87.226 -86.745 -86.087 -85.327 -84.511 -83.661 -82.791 -81.910 -81.024 -80.135
 -83.916 -84.799 -85.654 -86.457 -87.159 -87.666 -87.835 -87.592 -87.038 -86.312 -85.497 -84.636 -83.750 -82.849 -81.942 -81.032 -80.123
 -83.988 -84.905 -85.803 -86.663 -87.440 -88.033 -88.241 -87.943 -87.302 -86.504 -85.635 -84.732 -83.813 -82.885 -81.954 -81.023 -80.094
 -84.032 -84.980 -85.917 -86.829 -87.684 -88.380 -88.646 -88.268 -87.527 -86.657 -85.738 -84.799 -83.849 -82.897 -81.944 -80.994 -80.048
 -84.048 -85.022 -85.992 -86.951 -87.876 -88.693 -89.050 -88.553 -87.702 -86.766 -85.805 -84.834 -83.859 -82.885 -81.914 -80.947 -79.986
 -84.036 -85.031 -86.027 -87.021 -88.004 -88.941 -89.452 -88.767 -87.814 -86.827 -85.833 -84.837 -83.842 -82.851 -81.864 -80.882 -79.907
 -83.996 -85.006 -86.020 -87.036 -88.054 -89.069 -89.833 -88.871 -87.854 -86.837 -85.821 -84.808 -83.798 -82.793 -81.794 -80.800 -79.812
 -83.929 -84.949 -85.972 -86.996 -88.020 -89.031 -89.710 -88.834 -87.819 -86.795 -85.770 -84.748 -83.729 -82.714 -81.704 -80.700 -79.702
 -83.835 -84.860 -85.884 -86.903 -87.906 -88.841 -89.315 -88.669 -87.711 -86.703 -85.682 -84.658 -83.634 -82.612 -81.595 -80.583 -79.578
 -83.717 -84.740 -85.758 -86.761 -87.724 -88.560 -88.912 -88.415 -87.540 -86.565 -85.558 -84.538 -83.515 -82.490 -81.469 -80.451 -79.438
 -83.575 -84.593 -85.599 -86.577 -87.490 -88.230 -88.508 -88.108 -87.318 -86.387 -85.402 -84.392 -83.373 -82.349 -81.325 -80.303 -79.285
 -83.410 -84.420 -85.409 -86.356 -87.215 -87.873 -88.103 -87.769 -87.057 -86.174 -85.216 -84.222 -83.209 -82.188 -81.164 -80.140 -79.119
 -83.225 -84.223 -85.191 -86.105 -86.912 -87.501 -87.698 -87.410 -86.766 -85.932 -85.004 -84.028 -83.026 -82.011 -80.988 -79.964 -78.940
 -83.020 -84.004 -84.951 -85.830 -86.587 -87.121 -87.293 -87.040 -86.452 -85.665 -84.769 -83.814 -82.825 -81.816 -80.798 -79.774 -78.749
 -82.799 -83.767 -84.690 -85.535 -86.246 -86.734 -86.888 -86.661 -86.122 -85.378 -84.514 -83.581 -82.606 -81.607 -80.593 -79.571 -78.547
 -82.561 -83.513 -84.411 -85.223 -85.894 -86.343 -86.482 -86.277 -85.778 -85.074 -84.242 -83.331 -82.372 -81.383 -80.375 -79.357 -78.334
 -82.309 -83.244 -84.118 -84.898 -85.532 -85.949 -86.077 -85.889 -85.424 -84.756 -83.955 -83.067 -82.124 -81.146 -80.146 -79.132 -78.110
 -82.044 -82.961 -83.811 -84.562 -85.163 -85.552 -85.671 -85.497 -85.062 -84.427 -83.654 -82.789 -81.863 -80.897 -79.905 -78.896 -77.877
 -81.768 -82.666 -83.493 -84.216 -84.788 -85.154 -85.265 -85.103 -84.693 -84.088 -83.343 -82.500 -81.591 -80.637 -79.653 -78.650 -77.634
 -81.480 -82.361 -83.166 -83.863 -84.409 -84.755 -84.859 -84.707 -84.320 -83.741 -83.021 -82.200 -81.307 -80.366 -79.392 -78.395 -77.382
 -81.183 -82.046 -82.831 -83.504 -84.026 -84.354 -84.453 -84.309 -83.942 -83.388 -82.691 -81.890 -81.015 -80.087 -79.121 -78.131 -77.123
 -80.877 -81.724 -82.488 -83.139 -83.640 -83.953 -84.047 -83.911 -83.560 -83.028 -82.353 -81.572 -80.713 -79.798 -78.842 -77.859 -76.855
 -80.563 -81.393 -82.138 -82.769 -83.252 -83.551 -83.640 -83.511 -83.175 -82.663 -82.009 -81.247 -80.404 -79.501 -78.555 -77.579 -76.581
 -80.241 -81.056 -81.784 -82.395 -82.861 -83.148 -83.234 -83.110 -82.788 -82.294 -81.659 -80.915 -80.087 -79.197 -78.261 -77.292 -76.299
 -79.914 -80.714 -81.424 -82.018 -82.468 -82.744 -82.827 -82.708 -82.399 -81.921 -81.304 -80.576 -79.764 -78.886 -77.960 -76.998 -76.011
 -79.580 -80.365 -81.060 -81.638 -82.073 -82.340 -82.420 -82.306 -82.008 -81.545 -80.945 -80.233 -79.434 -78.569 -77.653 -76.698 -75.716
 -79.241 -80.012 -80.692 -81.255 -81.677 -81.935 -82.012 -81.903 -81.615 -81.166 -80.581 -79.884 -79.099 -78.246 -77.339 -76.393 -75.416
 -78.896 -79.655 -80.320 -80.870 -81.280 -81.530 -81.605 -81.499 -81.220 -80.784 -80.213 -79.531 -78.759 -77.917 -77.020 -76.081 -75.110
 -78.547 -79.293 -79.945 -80.482 -80.882 -81.125 -81.197 -81.095 -80.824 -80.400 -79.843 -79.174 -78.415 -77.584 -76.696 -75.764 -74.799
 -78.194 -78.928 -79.568 -80.093 -80.482 -80.718 -80.789 -80.690 -80.427 -80.014 -79.469 -78.813 -78.066 -77.245 -76.367 -75.443 -74.484
 -77.837 -78.560 -79.188 -79.701 -80.082 -80.312 -80.381 -80.285 -80.029 -79.626 -79.093 -78.449 -77.713 -76.903 -76.033 -75.117 -74.163
 -77.477 -78.189 -78.805 -79.309 -79.680 -79.905 -79.972 -79.879 -79.630 -79.236 -78.714 -78.081 -77.357 -76.557 -75.696 -74.786 -73.840
 -77.113 -77.815 -78.421 -78.914 -79.278 -79.497 -79.563 -79.473 -79.229 -78.844 -78.333 -77.711 -76.997 -76.206 -75.354 -74.451 -73.510
 -76.746 -77.438 -78.034 -78.519 -78.875 -79.090 -79.154 -79.066 -78.828 -78.451 -77.949 -77.338 -76.634 -75.853 -75.008 -74.113 -73.177
 -76.376 -77.059 -77.646 -78.122 -78.471 -78.682 -78.745 -78.659 -78.426 -78.057 -77.564 -76.962 -76.268 -75.496 -74.659 -73.772 -72.840
 -76.003 -76.677 -77.256 -77.723 -78.066 -78.273 -78.335 -78.251 -78.024 -77.661 -77.177 -76.585 -75.899 -75.136 -74.307 -73.426 -72.499
 -75.628 -76.294 -76.864 -77.324 -77.661 -77.864 -77.925 -77.843 -77.620 -77.265 -76.788 -76.205 -75.528 -74.773 -73.951 -73.076 -72.155
 -75.251 -75.909 -76.471 -76.924 -77.255 -77.454 -77.515 -77.434 -77.216 -76.867 -76.398 -75.823 -75.155 -74.407 -73.594 -72.724 -71.808
