   -4.408   -4.179   -3.947   -3.713   -3.477   -3.239   -3.002   -2.766   -2.531   -2.299   -2.071   -1.848   -1.630   -1.419   -1.216   -1.022   -0.839
   -4.834   -4.531   -4.223   -3.910   -3.593   -3.275   -2.955   -2.636   -2.319   -2.005   -1.696   -1.393   -1.097   -0.810   -0.532   -0.266   -0.012
   -5.299   -4.917   -4.527   -4.130   -3.728   -3.322   -2.915   -2.509   -2.105   -1.705   -1.311   -0.925   -0.548   -0.182    0.171    0.510    0.833
   -5.800   -5.335   -4.859   -4.374   -3.882   -3.385   -2.887   -2.389   -1.894   -1.404   -0.921   -0.449    0.012    0.458    0.889    1.301    1.694
   -6.332   -5.780   -5.214   -4.636   -4.049   -3.457   -2.863   -2.268   -1.678   -1.093   -0.518    0.044    0.591    1.121    1.629    2.117    2.579
   -6.893   -6.251   -5.591   -4.916   -4.231   -3.538   -2.842   -2.147   -1.455   -0.772   -0.101    0.555    1.193    1.809    2.400    2.963    3.497
   -7.484   -6.748   -5.990   -5.214   -4.424   -3.626   -2.823   -2.021   -1.224   -0.437    0.335    1.089    1.820    2.525    3.200    3.841    4.447
   -8.107   -7.273   -6.412   -5.529   -4.630   -3.720   -2.805   -1.891   -0.982   -0.086    0.793    1.648    2.477    3.273    4.034    4.754    5.433
   -8.763   -7.827   -6.858   -5.864   -4.849   -3.821   -2.787   -1.754   -0.728    0.283    1.273    2.235    3.165    4.056    4.904    5.706    6.457
   -9.454   -8.412   -7.331   -6.218   -5.082   -3.930   -2.770   -1.611   -0.461    0.672    1.779    2.853    3.887    4.876    5.814    6.697    7.522
  -10.183   -9.030   -7.831   -6.595   -5.330   -4.045   -2.752   -1.460   -0.178    1.082    2.312    3.503    4.647    5.737    6.767    7.732    8.629
  -10.853   -9.606   -8.307   -6.965   -5.589   -4.190   -2.781   -1.373    0.023    1.394    2.730    4.020    5.256    6.430    7.535    8.567    9.521
  -11.507  -10.176   -8.785   -7.343   -5.864   -4.358   -2.839   -1.322    0.181    1.656    3.090    4.473    5.794    7.044    8.217    9.306   10.309
  -12.156  -10.746   -9.268   -7.732   -6.152   -4.542   -2.917   -1.293    0.314    1.890    3.420    4.891    6.292    7.614    8.849    9.990   11.035
  -12.795  -11.313   -9.752   -8.127   -6.451   -4.740   -3.013   -1.286    0.422    2.095    3.717    5.273    6.750    8.139    9.430   10.618   11.698
  -13.513  -11.940  -10.279   -8.543   -6.750   -4.917   -3.064   -1.211    0.621    2.413    4.146    5.805    7.375    8.844   10.205   11.451   12.577
  -14.409  -12.708  -10.905   -9.015   -7.057   -5.052   -3.024   -0.996    1.007    2.963    4.850    6.650    8.347    9.928   11.386   12.713   13.905
  -15.361  -13.528  -11.575   -9.522   -7.389   -5.201   -2.985   -0.770    1.416    3.546    5.595    7.543    9.371   11.067   12.621   14.028   15.284
  -16.374  -14.403  -12.295  -10.068   -7.749   -5.364   -2.947   -0.530    1.852    4.167    6.388    8.490   10.454   12.265   13.915   15.399   16.715
  -17.453  -15.340  -13.068  -10.658   -8.139   -5.543   -2.908   -0.275    2.317    4.831    7.233    9.496   11.599   13.528   15.272   16.830   18.201
  -18.602  -16.343  -13.900  -11.296   -8.562   -5.738   -2.869   -0.001    2.817    5.543    8.137   10.568   12.814   14.859   16.696   18.324   19.744
  -19.827  -17.419  -14.796  -11.986   -9.023   -5.953   -2.829    0.293    3.356    6.308    9.105   11.711   14.103   16.264   18.191   19.882   21.346
  -21.135  -18.574  -15.765  -12.735   -9.526   -6.189   -2.788    0.610    3.938    7.134   10.145   12.933   15.472   17.749   19.760   21.509   23.008
  -22.532  -19.816  -16.812  -13.551  -10.076   -6.449   -2.745    0.955    4.571    8.027   11.265   14.242   16.930   19.318   21.407   23.206   24.731
  -24.025  -21.153  -17.949  -14.441  -10.679   -6.736   -2.699    1.332    5.260    8.997   12.475   15.645   18.482   20.977   23.137   24.976   26.516
  -25.623  -22.596  -19.184  -15.415  -11.344   -7.054   -2.651    1.745    6.015   10.055   13.785   17.154   20.137   22.732   24.952   26.819   28.363
  -27.334  -24.154  -20.530  -16.486  -12.079   -7.408   -2.599    2.200    6.845   11.211   15.206   18.777   21.902   24.587   26.855   28.738   30.272
  -29.166  -25.840  -22.001  -17.665  -12.896   -7.804   -2.544    2.705    7.763   12.480   16.753   20.526   23.786   26.549   28.849   30.732   32.241
  -31.128  -27.666  -23.611  -18.971  -13.808   -8.250   -2.483    3.268    8.782   13.879   18.441   22.414   25.796   28.621   30.936   32.801   34.270
  -33.230  -29.646  -25.379  -20.422  -14.832   -8.754   -2.416    3.902    9.922   15.427   20.286   24.452   27.942   30.807   33.117   34.944   36.356
  -35.480  -31.794  -27.325  -22.041  -15.988   -9.328   -2.341    4.619   11.202   17.146   22.308   26.656   30.231   33.112   35.392   37.160   38.495
  -37.888  -34.126  -29.471  -23.855  -17.303   -9.989   -2.257    5.439   12.652   19.064   24.529   29.038   32.669   35.538   37.760   39.445   40.685
  -40.459  -36.658  -31.844  -25.899  -18.809  -10.756   -2.161    6.384   14.304   21.214   26.971   31.611   35.264   38.084   40.218   41.796   42.920
  -43.201  -39.404  -34.470  -28.210  -20.548  -11.655   -2.049    7.487   16.201   23.632   29.660   34.391   38.018   40.749   42.763   44.207   45.195
  -46.116  -42.380  -37.379  -30.837  -22.575  -12.724   -1.919    8.790   18.398   26.362   32.623   37.386   40.935   43.531   45.388   46.671   47.505
  -49.205  -45.595  -40.603  -33.834  -24.959  -14.013   -1.762   10.351   20.964   29.456   35.884   40.607   44.011   46.423   48.087   49.183   49.841
  -52.464  -49.058  -44.169  -37.264  -27.793  -15.595   -1.571   12.253   23.989   32.968   39.469   44.056   47.243   49.417   50.850   51.732   52.198
  -55.884  -52.770  -48.104  -41.198  -31.199  -17.581   -1.329   14.618   27.585   36.958   43.394   47.732   50.620   52.501   53.666   54.311   54.568
  -59.452  -56.723  -52.425  -45.709  -35.334  -20.136   -1.015   17.626   31.895   41.485   47.670   51.625   54.128   55.661   56.524   56.909   56.942
  -63.147  -60.901  -57.132  -50.862  -40.400  -23.530   -0.585   21.558   37.090   46.596   52.292   55.716   57.747   58.881   59.410   59.515   59.312
  -66.945  -65.275  -62.209  -56.703  -46.636  -28.212    0.038   26.856   43.357   52.315   57.237   59.978   61.453   62.141   62.310   62.120   61.671
  -70.814  -69.805  -67.612  -63.232  -54.292  -34.968    1.029   34.226   50.865   58.623   62.460   64.370   65.217   65.421   65.208   64.712   64.011
  -74.720  -74.439  -73.269  -70.379  -63.532  -45.169    2.856   44.725   59.682   65.443   67.893   68.847   69.008   68.700   68.092   67.281   66.325
  -78.628  -79.119  -79.081  -77.985  -74.269  -60.878    7.362   59.545   69.664   72.628   73.448   73.356   72.793   71.957   70.946   69.817   68.605
  -82.501  -83.783  -84.932  -85.810  -85.996  -83.220   33.877   78.676   80.361   79.972   79.022   77.840   76.540   75.171   73.757   72.313   70.846
  -86.305  -88.371  -90.701  -93.570  -97.813 -107.762  156.535   98.956   91.078   87.238   84.512   82.248   80.218   78.324   76.513   74.758   73.041
  -90.008  -92.825  -96.277 -100.992 -108.783 -127.249  168.368  116.059  101.114   94.207   89.825   86.531   83.801   81.399   79.203   77.147   75.187
  -93.585  -97.102 -101.571 -107.871 -118.311 -140.221  171.512  128.551  110.002  100.707   94.882   90.649   87.264   84.382   81.819   79.473   77.278
  -97.016 -101.167 -106.520 -114.090 -126.247 -148.663  172.959  137.301  117.580  106.637   99.630   94.572   90.591   87.262   84.353   81.731   79.312
 -100.286 -104.996 -111.090 -119.614 -132.724 -154.365  173.793  143.506  123.911  111.960  104.039   98.279   93.768   90.030   86.799   83.918   81.286
 -103.386 -108.579 -115.271 -124.467 -137.984 -158.399  174.336  148.038  129.159  116.686  108.096  101.760   96.787   92.681   89.154   86.031   83.198
 -106.312 -111.913 -119.071 -128.705 -142.271 -161.376  174.719  151.455  133.512  120.857  111.806  105.012   99.644   95.211   91.415   88.068   85.047
 -109.064 -115.002 -122.511 -132.400 -145.796 -163.651  175.005  154.106  137.142  124.528  115.186  108.037  102.339   97.620   93.581   90.028   86.832
 -111.646 -117.856 -125.618 -135.623 -148.723 -165.440  175.226  156.216  140.193  127.760  118.256  110.844  104.875   99.908   95.652   91.911   88.553
 -114.062 -120.488 -128.421 -138.443 -151.181 -166.880  175.404  157.931  142.780  130.609  121.043  113.443  107.255  102.077   97.629   93.719   90.212
 -116.320 -122.912 -130.952 -140.918 -153.266 -168.063  175.550  159.350  144.993  133.128  123.573  115.847  109.488  104.131   99.515   95.451   91.808
 -118.429 -125.145 -133.239 -143.101 -155.053 -169.051  175.672  160.542  146.902  135.364  125.870  118.070  111.579  106.073  101.310   97.110   93.342
 -120.398 -127.202 -135.309 -145.034 -156.597 -169.888  175.776  161.558  148.563  137.355  127.960  120.126  113.536  107.909  103.019   98.697   94.816
 -122.235 -129.097 -137.186 -146.754 -157.943 -170.604  175.866  162.434  150.019  139.136  129.865  122.028  115.369  109.643  104.645  100.216   96.232
 -123.950 -130.846 -138.894 -148.292 -159.126 -171.225  175.946  163.196  151.304  140.736  131.603  123.788  117.085  111.281  106.191  101.667   97.591
 -125.552 -132.461 -140.450 -149.672 -160.171 -171.767  176.016  163.866  152.447  142.179  133.195  125.420  118.692  112.828  107.661  103.054   98.895
 -127.048 -133.955 -141.872 -150.917 -161.102 -172.245  176.078  164.458  153.467  143.486  134.654  126.935  120.198  114.289  109.058  104.379  100.147
 -128.448 -135.339 -143.175 -152.044 -161.935 -172.668  176.135  164.987  154.385  144.673  135.996  128.342  121.611  115.670  110.387  105.645  101.347
 -129.758 -136.623 -144.371 -153.068 -162.684 -173.046  176.187  165.461  155.214  145.756  137.233  129.652  122.936  116.975  111.650  106.855  102.498
 -130.985 -137.816 -145.473 -154.001 -163.361 -173.385  176.234  165.889  155.966  146.747  138.375  130.872  124.182  118.209  112.852  108.012  103.603
 -132.136 -138.927 -146.490 -154.856 -163.976 -173.691  176.277  166.277  156.651  147.657  139.433  132.012  125.353  119.377  113.995  109.117  104.663
 -133.216 -139.962 -147.430 -155.640 -164.537 -173.968  176.318  166.631  157.279  148.495  140.414  133.077  126.455  120.484  115.083  110.173  105.679
 -134.232 -140.928 -148.302 -156.362 -165.049 -174.220  176.355  166.955  157.855  149.269  141.327  134.074  127.494  121.532  116.119  111.183  106.655
 -135.187 -141.832 -149.112 -157.028 -165.520 -174.450  176.390  167.253  158.385  149.986  142.178  135.010  128.474  122.526  117.107  112.150  107.591
 -136.087 -142.678 -149.866 -157.645 -165.953 -174.660  176.424  167.527  158.876  150.652  142.972  135.888  129.399  123.470  118.048  113.074  108.488
 -136.935 -143.471 -150.569 -158.217 -166.353 -174.854  176.455  167.782  159.331  151.272  143.715  136.714  130.274  124.366  118.946  113.960  109.352
 -137.736 -144.217 -151.227 -158.749 -166.723 -175.032  176.484  168.018  159.754  151.850  144.412  137.492  131.101  125.218  119.803  114.807  110.181
 -138.492 -144.918 -151.842 -159.245 -167.066 -175.197  176.513  168.237  160.149  152.391  145.065  138.226  131.885  126.028  120.621  115.617  110.979
 -139.208 -145.578 -152.419 -159.708 -167.386 -175.350  176.540  168.442  160.517  152.898  145.681  138.919  132.629  126.800  121.402  116.396  111.745
 -139.885 -146.201 -152.960 -160.141 -167.683 -175.491  176.565  168.634  160.862  153.374  146.260  139.574  133.335  127.535  122.150  117.143  112.482
 -140.527 -146.788 -153.470 -160.547 -167.961 -175.623  176.590  168.814  161.186  153.821  146.807  140.194  134.005  128.236  122.862  117.860  113.190
