 -69.584 -69.623 -69.652 -69.672 -69.684 -69.688 -69.685 -69.676 -69.659 -69.637 -69.607 -69.571 -69.529 -69.479 -69.423 -69.358 -69.284
 -70.115 -70.147 -70.170 -70.185 -70.193 -70.192 -70.184 -70.168 -70.146 -70.116 -70.079 -70.035 -69.984 -69.926 -69.862 -69.790 -69.712
 -70.602 -70.634 -70.657 -70.670 -70.675 -70.671 -70.659 -70.638 -70.609 -70.571 -70.525 -70.472 -70.410 -70.341 -70.265 -70.182 -70.091
 -71.052 -71.086 -71.111 -71.125 -71.128 -71.122 -71.105 -71.079 -71.043 -70.997 -70.940 -70.876 -70.803 -70.721 -70.631 -70.533 -70.427
 -71.481 -71.519 -71.546 -71.560 -71.563 -71.555 -71.534 -71.503 -71.460 -71.405 -71.341 -71.265 -71.180 -71.084 -70.979 -70.864 -70.742
 -71.899 -71.942 -71.971 -71.987 -71.990 -71.979 -71.954 -71.917 -71.867 -71.804 -71.729 -71.642 -71.543 -71.433 -71.313 -71.183 -71.043
 -72.310 -72.358 -72.391 -72.408 -72.410 -72.397 -72.369 -72.326 -72.268 -72.196 -72.110 -72.010 -71.898 -71.773 -71.637 -71.490 -71.332
 -72.717 -72.770 -72.806 -72.825 -72.827 -72.811 -72.779 -72.730 -72.664 -72.583 -72.486 -72.373 -72.247 -72.107 -71.953 -71.788 -71.611
 -73.120 -73.179 -73.218 -73.239 -73.240 -73.223 -73.186 -73.131 -73.057 -72.966 -72.857 -72.731 -72.590 -72.433 -72.263 -72.079 -71.883
 -73.520 -73.585 -73.628 -73.651 -73.652 -73.632 -73.591 -73.529 -73.447 -73.345 -73.224 -73.085 -72.928 -72.755 -72.566 -72.363 -72.147
 -73.918 -73.989 -74.037 -74.062 -74.063 -74.040 -73.994 -73.926 -73.835 -73.722 -73.588 -73.434 -73.261 -73.071 -72.863 -72.641 -72.404
 -74.176 -74.256 -74.311 -74.339 -74.342 -74.319 -74.270 -74.196 -74.097 -73.975 -73.829 -73.662 -73.474 -73.267 -73.042 -72.799 -72.542
 -74.362 -74.452 -74.515 -74.549 -74.555 -74.532 -74.481 -74.402 -74.296 -74.165 -74.008 -73.828 -73.625 -73.401 -73.157 -72.895 -72.616
 -74.503 -74.606 -74.678 -74.719 -74.728 -74.706 -74.654 -74.571 -74.459 -74.318 -74.150 -73.956 -73.738 -73.497 -73.234 -72.951 -72.650
 -74.603 -74.721 -74.804 -74.852 -74.867 -74.847 -74.793 -74.707 -74.588 -74.439 -74.259 -74.052 -73.818 -73.560 -73.278 -72.974 -72.650
 -74.820 -74.949 -75.040 -75.095 -75.112 -75.092 -75.036 -74.944 -74.817 -74.657 -74.466 -74.244 -73.994 -73.718 -73.416 -73.091 -72.745
 -75.259 -75.393 -75.488 -75.544 -75.559 -75.536 -75.473 -75.372 -75.235 -75.062 -74.856 -74.618 -74.350 -74.054 -73.733 -73.388 -73.022
 -75.689 -75.830 -75.929 -75.986 -76.001 -75.973 -75.904 -75.794 -75.645 -75.459 -75.236 -74.981 -74.694 -74.379 -74.038 -73.672 -73.284
 -76.113 -76.261 -76.365 -76.424 -76.437 -76.405 -76.329 -76.210 -76.049 -75.848 -75.609 -75.335 -75.029 -74.694 -74.331 -73.943 -73.534
 -76.530 -76.686 -76.795 -76.856 -76.869 -76.833 -76.750 -76.620 -76.446 -76.230 -75.974 -75.682 -75.355 -74.998 -74.613 -74.203 -73.771
 -76.942 -77.107 -77.222 -77.285 -77.297 -77.257 -77.166 -77.026 -76.838 -76.606 -76.332 -76.020 -75.672 -75.293 -74.885 -74.452 -73.996
 -77.350 -77.524 -77.645 -77.711 -77.722 -77.677 -77.579 -77.427 -77.225 -76.976 -76.683 -76.350 -75.981 -75.578 -75.147 -74.690 -74.211
 -77.752 -77.937 -78.064 -78.134 -78.144 -78.095 -77.988 -77.824 -77.607 -77.341 -77.028 -76.673 -76.280 -75.854 -75.398 -74.917 -74.413
 -78.151 -78.346 -78.482 -78.555 -78.564 -78.510 -78.394 -78.218 -77.985 -77.699 -77.366 -76.988 -76.572 -76.121 -75.640 -75.134 -74.605
 -78.545 -78.753 -78.896 -78.973 -78.982 -78.923 -78.797 -78.608 -78.358 -78.052 -77.697 -77.295 -76.854 -76.378 -75.872 -75.340 -74.786
 -78.936 -79.156 -79.309 -79.390 -79.398 -79.334 -79.198 -78.994 -78.726 -78.400 -78.021 -77.595 -77.128 -76.626 -76.093 -75.535 -74.956
 -79.323 -79.557 -79.719 -79.805 -79.813 -79.742 -79.596 -79.376 -79.089 -78.741 -78.338 -77.886 -77.393 -76.864 -76.304 -75.720 -75.115
 -79.705 -79.955 -80.128 -80.219 -80.226 -80.149 -79.991 -79.755 -79.448 -79.076 -78.647 -78.169 -77.648 -77.092 -76.505 -75.894 -75.262
 -80.084 -80.351 -80.535 -80.632 -80.638 -80.554 -80.383 -80.130 -79.801 -79.405 -78.949 -78.443 -77.894 -77.309 -76.695 -76.056 -75.399
 -80.459 -80.743 -80.940 -81.043 -81.049 -80.958 -80.773 -80.501 -80.149 -79.726 -79.243 -78.708 -78.130 -77.516 -76.874 -76.208 -75.524
 -80.830 -81.133 -81.343 -81.453 -81.459 -81.360 -81.160 -80.868 -80.491 -80.041 -79.528 -78.963 -78.355 -77.712 -77.041 -76.348 -75.637
 -81.195 -81.520 -81.745 -81.863 -81.868 -81.760 -81.545 -81.230 -80.826 -80.347 -79.804 -79.208 -78.570 -77.897 -77.197 -76.476 -75.739
 -81.556 -81.903 -82.145 -82.272 -82.276 -82.159 -81.926 -81.587 -81.155 -80.645 -80.070 -79.443 -78.773 -78.070 -77.341 -76.592 -75.830
 -81.911 -82.283 -82.544 -82.680 -82.684 -82.556 -82.304 -81.939 -81.477 -80.934 -80.326 -79.666 -78.964 -78.230 -77.473 -76.697 -75.908
 -82.260 -82.660 -82.940 -83.087 -83.091 -82.951 -82.677 -82.284 -81.790 -81.214 -80.571 -79.877 -79.143 -78.379 -77.592 -76.789 -75.974
 -82.603 -83.032 -83.335 -83.493 -83.497 -83.344 -83.047 -82.623 -82.095 -81.482 -80.804 -80.075 -79.309 -78.514 -77.698 -76.868 -76.029
 -82.937 -83.399 -83.727 -83.899 -83.902 -83.735 -83.412 -82.955 -82.389 -81.739 -81.024 -80.260 -79.461 -78.636 -77.792 -76.935 -76.071
 -83.263 -83.761 -84.117 -84.305 -84.307 -84.123 -83.771 -83.278 -82.672 -81.983 -81.230 -80.432 -79.600 -78.744 -77.872 -76.990 -76.101
 -83.580 -84.116 -84.504 -84.709 -84.711 -84.509 -84.124 -83.591 -82.944 -82.213 -81.422 -80.588 -79.724 -78.838 -77.939 -77.031 -76.119
 -83.884 -84.463 -84.887 -85.113 -85.115 -84.891 -84.469 -83.892 -83.201 -82.428 -81.598 -80.729 -79.833 -78.918 -77.992 -77.060 -76.125
 -84.176 -84.802 -85.266 -85.516 -85.517 -85.268 -84.806 -84.182 -83.443 -82.627 -81.759 -80.854 -79.926 -78.984 -78.032 -77.075 -76.118
 -84.454 -85.130 -85.639 -85.919 -85.919 -85.641 -85.131 -84.456 -83.669 -82.809 -81.901 -80.963 -80.004 -79.034 -78.057 -77.078 -76.099
 -84.714 -85.444 -86.007 -86.320 -86.320 -86.006 -85.444 -84.713 -83.876 -82.972 -82.026 -81.054 -80.066 -79.070 -78.069 -77.067 -76.069
 -84.954 -85.743 -86.365 -86.720 -86.719 -86.363 -85.741 -84.951 -84.062 -83.114 -82.131 -81.128 -80.112 -79.090 -78.066 -77.044 -76.026
 -85.171 -86.023 -86.712 -87.118 -87.117 -86.709 -86.018 -85.166 -84.226 -83.236 -82.217 -81.183 -80.141 -79.095 -78.050 -77.008 -75.971
 -85.363 -86.279 -87.044 -87.514 -87.512 -87.040 -86.272 -85.356 -84.365 -83.334 -82.283 -81.220 -80.153 -79.085 -78.020 -76.959 -75.905
 -85.526 -86.506 -87.356 -87.905 -87.903 -87.349 -86.498 -85.517 -84.478 -83.410 -82.327 -81.239 -80.148 -79.060 -77.976 -76.898 -75.827
 -85.656 -86.698 -87.638 -88.290 -88.287 -87.630 -86.689 -85.647 -84.563 -83.461 -82.350 -81.238 -80.127 -79.020 -77.918 -76.824 -75.738
 -85.752 -86.850 -87.879 -88.663 -88.658 -87.870 -86.840 -85.742 -84.619 -83.487 -82.352 -81.219 -80.089 -78.965 -77.847 -76.738 -75.638
 -85.809 -86.954 -88.065 -89.009 -89.003 -88.055 -86.944 -85.799 -84.645 -83.488 -82.333 -81.181 -80.035 -78.895 -77.763 -76.640 -75.526
 -85.828 -87.006 -88.177 -89.290 -89.282 -88.168 -86.997 -85.819 -84.640 -83.464 -82.292 -81.125 -79.964 -78.811 -77.666 -76.530 -75.404
 -85.806 -87.003 -88.203 -89.403 -89.396 -88.195 -86.996 -85.799 -84.605 -83.415 -82.230 -81.051 -79.878 -78.713 -77.556 -76.409 -75.272
 -85.746 -86.946 -88.138 -89.267 -89.262 -88.132 -86.940 -85.740 -84.540 -83.342 -82.148 -80.959 -79.776 -78.601 -77.434 -76.277 -75.130
 -85.648 -86.837 -87.991 -88.976 -88.974 -87.988 -86.834 -85.645 -84.446 -83.245 -82.045 -80.850 -79.659 -78.476 -77.301 -76.134 -74.977
 -85.515 -86.681 -87.779 -88.626 -88.626 -87.778 -86.681 -85.514 -84.324 -83.125 -81.924 -80.724 -79.528 -78.338 -77.155 -75.980 -74.815
 -85.349 -86.485 -87.518 -88.251 -88.252 -87.520 -86.487 -85.352 -84.177 -82.984 -81.784 -80.583 -79.383 -78.187 -76.998 -75.817 -74.644
 -85.155 -86.254 -87.221 -87.865 -87.867 -87.226 -86.260 -85.162 -84.006 -82.823 -81.627 -80.426 -79.224 -78.025 -76.831 -75.643 -74.464
 -84.935 -85.995 -86.899 -87.472 -87.475 -86.906 -86.004 -84.946 -83.813 -82.643 -81.454 -80.255 -79.053 -77.851 -76.653 -75.460 -74.275
 -84.693 -85.713 -86.559 -87.076 -87.079 -86.568 -85.725 -84.707 -83.600 -82.446 -81.265 -80.070 -78.869 -77.666 -76.464 -75.268 -74.078
 -84.431 -85.412 -86.206 -86.676 -86.680 -86.217 -85.426 -84.449 -83.369 -82.232 -81.061 -79.872 -78.673 -77.470 -76.267 -75.067 -73.872
 -84.153 -85.095 -85.843 -86.276 -86.280 -85.855 -85.113 -84.174 -83.122 -82.003 -80.844 -79.662 -78.466 -77.264 -76.060 -74.857 -73.659
 -83.859 -84.765 -85.472 -85.873 -85.878 -85.486 -84.786 -83.884 -82.860 -81.760 -80.614 -79.440 -78.249 -77.048 -75.844 -74.639 -73.438
 -83.553 -84.425 -85.095 -85.470 -85.476 -85.111 -84.448 -83.582 -82.585 -81.505 -80.373 -79.207 -78.021 -76.823 -75.619 -74.414 -73.210
 -83.236 -84.076 -84.713 -85.066 -85.072 -84.730 -84.102 -83.268 -82.298 -81.238 -80.120 -78.964 -77.784 -76.590 -75.387 -74.180 -72.975
 -82.909 -83.720 -84.328 -84.661 -84.668 -84.346 -83.748 -82.945 -82.000 -80.960 -79.857 -78.712 -77.538 -76.347 -75.146 -73.940 -72.733
 -82.573 -83.357 -83.939 -84.256 -84.263 -83.959 -83.388 -82.614 -81.693 -80.673 -79.585 -78.450 -77.284 -76.097 -74.898 -73.692 -72.484
 -82.230 -82.989 -83.547 -83.850 -83.857 -83.569 -83.023 -82.274 -81.378 -80.377 -79.304 -78.180 -77.021 -75.840 -74.643 -73.438 -72.229
 -81.881 -82.616 -83.154 -83.443 -83.451 -83.177 -82.653 -81.929 -81.055 -80.073 -79.015 -77.902 -76.751 -75.575 -74.381 -73.178 -71.968
 -81.526 -82.240 -82.758 -83.036 -83.045 -82.783 -82.279 -81.578 -80.725 -79.762 -78.718 -77.616 -76.474 -75.303 -74.113 -72.911 -71.702
 -81.166 -81.860 -82.361 -82.629 -82.638 -82.387 -81.901 -81.221 -80.389 -79.443 -78.414 -77.324 -76.190 -75.025 -73.839 -72.638 -71.429
 -80.801 -81.477 -81.962 -82.221 -82.230 -81.990 -81.521 -80.860 -80.048 -79.119 -78.104 -77.025 -75.900 -74.741 -73.558 -72.360 -71.152
 -80.433 -81.091 -81.562 -81.813 -81.823 -81.591 -81.137 -80.495 -79.701 -78.789 -77.788 -76.720 -75.603 -74.450 -73.272 -72.076 -70.870
 -80.060 -80.702 -81.160 -81.404 -81.414 -81.191 -80.752 -80.126 -79.349 -78.453 -77.466 -76.409 -75.301 -74.155 -72.981 -71.787 -70.582
 -79.685 -80.312 -80.758 -80.995 -81.006 -80.790 -80.364 -79.754 -78.994 -78.113 -77.139 -76.093 -74.993 -73.853 -72.684 -71.494 -70.290
 -79.306 -79.920 -80.355 -80.585 -80.597 -80.388 -79.974 -79.379 -78.634 -77.768 -76.807 -75.772 -74.681 -73.547 -72.383 -71.195 -69.993
 -78.925 -79.525 -79.950 -80.176 -80.187 -79.985 -79.582 -79.002 -78.271 -77.419 -76.470 -75.446 -74.363 -73.236 -72.076 -70.893 -69.691
