   40.768   40.976   41.157   41.315   41.451   41.568   41.666   41.745   41.806   41.848   41.873   41.879   41.865   41.832   41.777   41.699   41.594
   42.041   42.257   42.451   42.624   42.776   42.908   43.020   43.112   43.184   43.237   43.269   43.282   43.275   43.248   43.200   43.132   43.042
   43.219   43.461   43.681   43.877   44.050   44.200   44.328   44.432   44.514   44.573   44.609   44.623   44.615   44.584   44.532   44.457   44.361
   44.312   44.587   44.835   45.058   45.253   45.422   45.564   45.679   45.769   45.831   45.869   45.880   45.866   45.827   45.764   45.676   45.564
   45.377   45.686   45.965   46.213   46.429   46.615   46.771   46.895   46.990   47.054   47.089   47.095   47.072   47.022   46.944   46.839   46.708
   46.438   46.781   47.088   47.361   47.598   47.799   47.965   48.097   48.194   48.257   48.287   48.285   48.251   48.186   48.091   47.966   47.814
   47.510   47.885   48.216   48.511   48.766   48.981   49.156   49.291   49.389   49.448   49.471   49.458   49.410   49.328   49.213   49.067   48.890
   48.589   48.996   49.357   49.669   49.940   50.165   50.346   50.484   50.579   50.632   50.645   50.618   50.554   50.453   50.317   50.146   49.943
   49.684   50.121   50.506   50.837   51.121   51.355   51.539   51.676   51.766   51.810   51.811   51.768   51.686   51.563   51.403   51.207   50.976
   50.797   51.262   51.670   52.021   52.311   52.551   52.736   52.869   52.951   52.984   52.970   52.910   52.806   52.660   52.475   52.251   51.991
   51.931   52.422   52.849   53.213   53.512   53.754   53.938   54.064   54.136   54.155   54.123   54.042   53.916   53.745   53.532   53.280   52.989
   52.643   53.168   53.621   54.005   54.320   54.565   54.750   54.874   54.939   54.946   54.900   54.801   54.653   54.459   54.219   53.937   53.615
   53.131   53.697   54.182   54.589   54.921   55.175   55.366   55.489   55.548   55.546   55.486   55.370   55.201   54.982   54.715   54.403   54.047
   53.484   54.095   54.617   55.052   55.404   55.669   55.866   55.990   56.045   56.034   55.960   55.827   55.637   55.393   55.098   54.754   54.363
   53.711   54.374   54.937   55.404   55.779   56.058   56.264   56.390   56.442   56.422   56.335   56.184   55.973   55.704   55.379   55.002   54.567
   54.337   55.037   55.628   56.113   56.499   56.791   56.987   57.108   57.149   57.115   57.010   56.837   56.602   56.305   55.951   55.542   55.071
   55.742   56.445   57.031   57.508   57.881   58.156   58.332   58.430   58.446   58.385   58.251   58.050   57.784   57.458   57.073   56.627   56.134
   57.149   57.852   58.432   58.897   59.254   59.509   59.663   59.735   59.724   59.633   59.470   59.237   58.940   58.581   58.165   57.687   57.163
   58.563   59.262   59.832   60.283   60.621   60.853   60.981   61.026   60.984   60.863   60.667   60.402   60.071   59.679   59.230   58.719   58.163
   59.985   60.677   61.234   61.666   61.982   62.189   62.289   62.303   62.229   62.075   61.845   61.545   61.180   60.753   60.264   59.725   59.135
   61.418   62.098   62.639   63.049   63.339   63.517   63.586   63.567   63.460   63.270   63.005   62.669   62.268   61.805   61.280   60.707   60.083
   62.862   63.527   64.047   64.432   64.693   64.839   64.875   64.820   64.676   64.450   64.147   63.774   63.336   62.837   62.276   61.667   61.008
   64.319   64.964   65.459   65.814   66.043   66.154   66.154   66.062   65.879   65.614   65.273   64.862   64.385   63.844   63.251   62.605   61.912
   65.788   66.409   66.874   67.197   67.389   67.463   67.424   67.292   67.070   66.764   66.383   65.932   65.417   64.837   64.206   63.524   62.795
   67.269   67.861   68.293   68.579   68.732   68.765   68.685   68.511   68.247   67.900   67.477   66.986   66.431   65.812   65.143   64.424   63.659
   68.762   69.320   69.714   69.959   70.071   70.060   69.936   69.719   69.411   69.021   68.556   68.023   67.428   66.769   66.062   65.306   64.504
   70.267   70.787   71.138   71.339   71.404   71.348   71.178   70.915   70.562   70.128   69.620   69.045   68.403   67.709   66.963   66.169   65.332
   71.783   72.258   72.563   72.716   72.733   72.628   72.410   72.099   71.700   71.221   70.669   70.051   69.367   68.633   67.848   67.016   66.142
   73.309   73.735   73.989   74.090   74.055   73.899   73.631   73.271   72.825   72.299   71.702   71.041   70.315   69.540   68.716   67.847   66.936
   74.843   75.215   75.414   75.460   75.371   75.162   74.842   74.432   73.936   73.363   72.721   72.015   71.248   70.432   69.568   68.661   67.714
   76.384   76.698   76.838   76.825   76.679   76.414   76.041   75.579   75.034   74.413   73.724   72.971   72.164   71.308   70.405   69.460   68.476
   77.932   78.182   78.259   78.185   77.979   77.652   77.229   76.714   76.118   75.448   74.713   73.915   73.066   72.168   71.226   70.243   69.223
   79.484   79.665   79.676   79.538   79.270   78.884   78.404   77.835   77.188   76.469   75.688   74.844   73.952   73.014   72.032   71.012   69.956
   81.039   81.147   81.088   80.883   80.551   80.104   79.567   78.943   78.244   77.476   76.647   75.758   74.824   73.844   72.824   71.766   70.674
   82.595   82.627   82.494   82.219   81.821   81.313   80.717   80.038   79.285   78.468   77.588   76.658   75.681   74.660   73.601   72.506   71.378
   84.151   84.102   83.892   83.546   83.081   82.509   81.853   81.118   80.313   79.445   78.518   77.543   76.523   75.462   74.364   73.232   72.069
   85.705   85.571   85.282   84.862   84.328   83.692   82.976   82.184   81.326   80.408   79.433   78.413   77.351   76.250   75.113   73.945   72.746
   87.254   87.032   86.662   86.167   85.562   84.862   84.085   83.236   82.324   81.356   80.334   79.270   78.165   77.024   75.849   74.644   73.411
   88.798   88.486   88.032   87.459   86.784   86.017   85.179   84.273   83.308   82.287   81.220   80.112   78.965   77.784   76.572   75.330   74.062
   90.335   89.929   89.390   88.739   87.991   87.159   86.259   85.296   84.277   83.206   82.092   80.940   79.752   78.531   77.281   76.004   74.702
   91.862   91.361   90.735   90.004   89.180   88.285   87.324   86.304   85.232   84.110   82.950   81.754   80.524   79.265   77.978   76.665   75.329
   93.379   92.780   92.066   91.255   90.359   89.397   88.374   87.296   86.172   85.000   83.794   82.554   81.284   79.986   78.662   77.314   75.945
   94.883   94.185   93.383   92.492   91.522   90.493   89.408   88.274   87.097   85.876   84.624   83.341   82.030   80.694   79.333   77.951   76.549
   96.374   95.576   94.684   93.712   92.669   91.574   90.428   89.237   88.004   86.738   85.440   84.115   82.764   81.389   79.993   78.577   77.142
   97.849   96.951   95.969   94.916   93.800   92.638   91.431   90.185   88.899   87.585   86.243   84.875   83.484   82.072   80.641   79.191   77.724
   99.308   98.309   97.237   96.103   94.915   93.687   92.420   91.118   89.780   88.418   87.032   85.623   84.193   82.744   81.277   79.794   78.295
  100.749   99.649   98.487   97.274   96.014   94.720   93.392   92.035   90.647   89.238   87.807   86.357   84.888   83.403   81.902   80.386   78.856
  102.171  100.970   99.719   98.422   97.095   95.736   94.349   92.935   91.499   90.044   88.570   87.079   85.572   84.051   82.515   80.967   79.407
  103.574  102.273  100.933   99.558   98.159   96.736   95.291   93.822   92.337   90.836   89.319   87.788   86.244   84.687   83.118   81.538   79.947
  104.955  103.555  102.128  100.675   99.207   97.720   96.217   94.695   93.161   91.614   90.056   88.485   86.904   85.312   83.710   82.099   80.477
  106.315  104.817  103.304  101.774  100.237   98.687   97.127   95.553   93.971   92.380   90.779   89.170   87.553   85.926   84.292   82.649   80.998
  107.653  106.059  104.460  102.855  101.249   99.639   98.022   96.396   94.767   93.132   91.491   89.844   88.190   86.530   84.863   83.190   81.510
  108.968  107.279  105.597  103.917  102.245  100.573   98.899   97.225   95.549   93.871   92.190   90.505   88.816   87.123   85.424   83.721   82.012
  110.260  108.478  106.709  104.961  103.223  101.492   99.763   98.040   96.318   94.598   92.877   91.155   89.431   87.705   85.976   84.243   82.506
  111.528  109.655  107.806  105.986  104.184  102.395  100.612   98.840   97.074   95.312   93.552   91.794   90.036   88.278   86.518   84.755   82.991
  112.772  110.810  108.883  106.993  105.127  103.281  101.446   99.626   97.816   96.013   94.216   92.422   90.630   88.840   87.050   85.259   83.467
  113.992  111.943  109.940  107.981  106.054  104.152  102.266  100.399   98.546   96.703   94.868   93.039   91.214   89.393   87.573   85.754   83.934
  115.188  113.055  110.977  108.952  106.964  105.004  103.071  101.158   99.262   97.380   95.508   93.645   91.788   89.936   88.087   86.240   84.394
  116.360  114.144  111.994  109.904  107.857  105.843  103.861  101.904   99.967   98.046   96.138   94.241   92.352   90.470   88.592   86.718   84.845
  117.507  115.208  112.992  110.838  108.734  106.667  104.638  102.637  100.659   98.700   96.757   94.826   92.906   90.994   89.089   87.187   85.289
  118.630  116.255  113.970  111.754  109.594  107.477  105.400  103.356  101.338   99.343   97.365   95.402   93.451   91.510   89.577   87.649   85.725
  119.730  117.280  114.929  112.652  110.438  108.271  106.149  104.063  102.006   99.974   97.963   95.968   93.987   92.017   90.056   88.102   86.154
  120.805  118.284  115.868  113.534  111.263  109.050  106.884  104.757  102.662  100.595   98.550   96.524   94.513   92.515   90.528   88.548   86.575
  121.857  119.267  116.789  114.398  112.076  109.816  107.606  105.439  103.307  101.205   99.127   97.071   95.031   93.005   90.991   88.986   86.989
  122.882  120.230  117.691  115.245  112.872  110.567  108.315  106.109  103.941  101.804   99.695   97.608   95.540   93.487   91.447   89.417   87.396
  123.889  121.172  118.575  116.076  113.654  111.304  109.011  106.767  104.563  102.394  100.253   98.137   96.040   93.961   91.895   89.841   87.796
  124.873  122.094  119.441  116.887  114.421  112.028  109.695  107.413  105.175  102.973  100.801   98.656   96.532   94.427   92.336   90.258   88.189
  125.835  122.997  120.289  117.685  115.174  112.738  110.366  108.048  105.776  103.542  101.341   99.167   97.016   94.885   92.770   90.667   88.576
  126.776  123.880  121.120  118.467  115.912  113.435  111.025  108.672  106.367  104.102  101.871   99.669   97.492   95.335   93.196   91.070   88.956
  127.695  124.745  121.934  119.234  116.636  114.120  111.673  109.285  106.947  104.652  102.392  100.163   97.960   95.779   93.615   91.467   89.330
  128.594  125.591  122.731  119.986  117.346  114.791  112.309  109.887  107.518  105.192  102.905  100.649   98.421   96.215   94.028   91.857   89.698
  129.473  126.419  123.508  120.724  118.043  115.451  112.933  110.479  108.079  105.724  103.409  101.127   98.873   96.644   94.434   92.240   90.060
  130.332  127.229  124.273  121.447  118.727  116.098  113.547  111.060  108.630  106.247  103.905  101.597   99.319   97.066   94.833   92.617   90.416
  131.172  128.022  125.022  122.155  119.398  116.734  114.149  111.632  109.172  106.761  104.393  102.060   99.757   97.481   95.226   92.989   90.766
  131.992  128.798  125.756  122.850  120.057  117.358  114.741  112.193  109.705  107.267  104.872  102.515  100.189   97.889   95.612   93.354   91.111
  132.795  129.555  126.476  123.532  120.703  117.971  115.323  112.745  110.229  107.764  105.345  102.963  100.613   98.292   95.993   93.713   91.450
