  146.469  146.558  146.650  146.743  146.839  146.935  147.033  147.131  147.230  147.329  147.427  147.525  147.621  147.717  147.810  147.902  147.991
  146.220  146.339  146.460  146.584  146.711  146.839  146.968  147.099  147.230  147.361  147.492  147.621  147.749  147.876  148.000  148.121  148.240
  145.967  146.115  146.267  146.422  146.580  146.741  146.903  147.066  147.230  147.394  147.557  147.719  147.880  148.038  148.193  148.345  148.493
  145.711  145.889  146.071  146.258  146.448  146.641  146.836  147.033  147.230  147.427  147.624  147.819  148.012  148.202  148.389  148.571  148.749
  145.452  145.660  145.873  146.091  146.314  146.540  146.769  146.999  147.230  147.461  147.691  147.920  148.146  148.369  148.587  148.800  149.008
  145.189  145.427  145.672  145.923  146.178  146.438  146.700  146.965  147.230  147.495  147.760  148.022  148.282  148.537  148.788  149.033  149.271
  144.923  145.192  145.468  145.751  146.040  146.334  146.630  146.930  147.230  147.530  147.830  148.126  148.420  148.709  148.992  149.268  149.537
  144.653  144.953  145.262  145.578  145.900  146.228  146.560  146.894  147.230  147.566  147.900  148.232  148.560  148.882  149.198  149.507  149.807
  144.380  144.711  145.052  145.401  145.758  146.121  146.488  146.858  147.230  147.602  147.972  148.339  148.702  149.059  149.408  149.749  150.080
  144.103  144.465  144.839  145.222  145.614  146.012  146.415  146.822  147.230  147.638  148.045  148.448  148.846  149.238  149.621  149.995  150.357
  143.821  144.216  144.623  145.040  145.467  145.901  146.341  146.785  147.230  147.675  148.119  148.559  148.993  149.420  149.837  150.244  150.639
  143.577  143.999  144.434  144.882  145.339  145.805  146.276  146.752  147.230  147.708  148.184  148.655  149.121  149.578  150.026  150.461  150.883
  143.346  143.794  144.256  144.732  145.218  145.713  146.215  146.721  147.230  147.739  148.245  148.747  149.242  149.728  150.204  150.666  151.114
  143.121  143.594  144.083  144.585  145.100  145.624  146.155  146.691  147.230  147.769  148.305  148.836  149.360  149.875  150.377  150.866  151.339
  142.903  143.400  143.914  144.443  144.985  145.537  146.097  146.662  147.230  147.798  148.363  148.923  149.475  150.017  150.546  151.060  151.557
  142.660  143.184  143.726  144.284  144.857  145.440  146.032  146.630  147.230  147.830  148.428  149.020  149.603  150.176  150.734  151.276  151.800
  142.368  142.924  143.500  144.094  144.703  145.324  145.954  146.591  147.230  147.869  148.506  149.136  149.757  150.366  150.960  151.536  152.092
  142.071  142.660  143.271  143.901  144.547  145.206  145.875  146.551  147.230  147.909  148.585  149.254  149.913  150.559  151.189  151.800  152.389
  141.770  142.393  143.038  143.705  144.388  145.086  145.795  146.511  147.230  147.949  148.665  149.374  150.072  150.755  151.422  152.067  152.690
  141.465  142.121  142.802  143.505  144.227  144.964  145.713  146.469  147.230  147.991  148.747  149.496  150.233  150.955  151.658  152.339  152.995
  141.155  141.844  142.561  143.302  144.062  144.840  145.629  146.428  147.230  148.032  148.831  149.620  150.398  151.158  151.899  152.616  153.305
  140.839  141.563  142.316  143.095  143.895  144.713  145.544  146.385  147.230  148.075  148.916  149.747  150.565  151.365  152.144  152.897  153.621
  140.519  141.278  142.067  142.884  143.725  144.584  145.458  146.341  147.230  148.119  149.002  149.876  150.735  151.576  152.393  153.182  153.941
  140.194  140.987  141.814  142.670  143.551  144.453  145.370  146.297  147.230  148.163  149.090  150.007  150.909  151.790  152.646  153.473  154.266
  139.863  140.692  141.556  142.452  143.374  144.319  145.280  146.252  147.230  148.208  149.180  150.141  151.086  152.008  152.904  153.768  154.597
  139.527  140.391  141.294  142.230  143.194  144.182  145.188  146.206  147.230  148.254  149.272  150.278  151.266  152.230  153.166  154.069  154.933
  139.185  140.086  141.027  142.003  143.010  144.043  145.094  146.159  147.230  148.301  149.366  150.417  151.450  152.457  153.433  154.374  155.275
  138.837  139.774  140.754  141.772  142.823  143.901  144.999  146.111  147.230  148.349  149.461  150.559  151.637  152.688  153.706  154.686  155.623
  138.484  139.458  140.477  141.537  142.632  143.756  144.901  146.062  147.230  148.398  149.559  150.704  151.828  152.923  153.983  155.002  155.976
  138.124  139.135  140.194  141.297  142.437  143.608  144.802  146.012  147.230  148.448  149.658  150.852  152.023  153.163  154.266  155.325  156.336
  137.758  138.806  139.906  141.052  142.238  143.457  144.700  145.961  147.230  148.499  149.760  151.003  152.222  153.408  154.554  155.654  156.702
  137.385  138.472  139.613  140.803  142.035  143.302  144.596  145.909  147.230  148.551  149.864  151.158  152.425  153.657  154.847  155.988  157.075
  137.006  138.131  139.313  140.548  141.828  143.145  144.490  145.855  147.230  148.605  149.970  151.315  152.632  153.912  155.147  156.329  157.454
  136.620  137.783  139.008  140.288  141.616  142.983  144.382  145.801  147.230  148.659  150.078  151.477  152.844  154.172  155.452  156.677  157.840
  136.227  137.429  138.696  140.022  141.399  142.819  144.271  145.745  147.230  148.715  150.189  151.641  153.061  154.438  155.764  157.031  158.233
  135.827  137.068  138.378  139.751  141.178  142.650  144.157  145.687  147.230  148.773  150.303  151.810  153.282  154.709  156.082  157.392  158.633
  135.419  136.699  138.053  139.474  140.952  142.478  144.041  145.629  147.230  148.831  150.419  151.982  153.508  154.986  156.407  157.761  159.041
  135.003  136.324  137.722  139.190  140.720  142.301  143.921  145.569  147.230  148.891  150.538  152.159  153.740  155.270  156.738  158.136  159.457
  134.580  135.941  137.384  138.901  140.483  142.120  143.799  145.507  147.230  148.953  150.661  152.340  153.977  155.559  157.076  158.519  159.880
  134.149  135.550  137.038  138.605  140.241  141.935  143.674  145.444  147.230  149.016  150.786  152.525  154.219  155.855  157.422  158.910  160.311
  133.709  135.151  136.684  138.302  139.993  141.746  143.546  145.380  147.230  149.080  150.914  152.714  154.467  156.158  157.776  159.309  160.751
  133.261  134.744  136.323  137.992  139.739  141.551  143.415  145.314  147.230  149.146  151.045  152.909  154.721  156.468  158.137  159.716  161.199
  132.804  134.328  135.954  137.675  139.478  141.352  143.280  145.246  147.230  149.214  151.180  153.108  154.982  156.785  158.506  160.132  161.656
  132.338  133.903  135.577  137.350  139.212  141.148  143.142  145.176  147.230  149.284  151.318  153.312  155.248  157.110  158.883  160.557  162.122
  131.863  133.469  135.191  137.017  138.938  140.938  143.000  145.104  147.230  149.356  151.460  153.522  155.522  157.443  159.269  160.991  162.597
  131.378  133.026  134.796  136.677  138.658  140.723  142.854  145.030  147.230  149.430  151.606  153.737  155.802  157.783  159.664  161.434  163.082
  130.884  132.574  134.392  136.328  138.370  140.501  142.704  144.954  147.230  149.506  151.756  153.959  156.090  158.132  160.068  161.886  163.576
  130.379  132.111  133.978  135.970  138.074  140.274  142.549  144.876  147.230  149.584  151.911  154.186  156.386  158.490  160.482  162.349  164.081
  129.864  131.638  133.554  135.603  137.771  140.041  142.391  144.796  147.230  149.664  152.069  154.419  156.689  158.857  160.906  162.822  164.596
  129.339  131.155  133.121  135.227  137.460  139.801  142.227  144.713  147.230  149.747  152.233  154.659  157.000  159.233  161.339  163.305  165.121
  128.803  130.660  132.676  134.841  137.140  139.554  142.059  144.628  147.230  149.832  152.401  154.906  157.320  159.619  161.784  163.800  165.657
  128.255  130.155  132.221  134.444  136.811  139.299  141.886  144.541  147.230  149.919  152.574  155.161  157.649  160.016  162.239  164.305  166.205
  127.696  129.638  131.754  134.038  136.472  139.038  141.708  144.450  147.230  150.010  152.752  155.422  157.988  160.422  162.706  164.822  166.764
  127.126  129.109  131.276  133.620  136.124  138.768  141.523  144.357  147.230  150.103  152.937  155.692  158.336  160.840  163.184  165.351  167.334
  126.543  128.567  130.786  133.190  135.766  138.490  141.334  144.260  147.230  150.200  153.126  155.970  158.694  161.270  163.674  165.893  167.917
  125.949  128.013  130.283  132.749  135.397  138.204  141.138  144.161  147.230  150.299  153.322  156.256  159.063  161.711  164.177  166.447  168.511
  125.341  127.446  129.767  132.296  135.018  137.908  140.935  144.058  147.230  150.402  153.525  156.552  159.442  162.164  164.693  167.014  169.119
  124.721  126.865  129.237  131.829  134.626  137.603  140.726  143.951  147.230  150.509  153.734  156.857  159.834  162.631  165.223  167.595  169.739
  124.087  126.271  128.694  131.350  134.223  137.288  140.509  143.841  147.230  150.619  153.951  157.172  160.237  163.110  165.766  168.189  170.373
  123.440  125.662  128.136  130.856  133.807  136.962  140.285  143.727  147.230  150.733  154.175  157.498  160.653  163.604  166.324  168.798  171.020
  122.779  125.039  127.563  130.348  133.377  136.626  140.053  143.608  147.230  150.852  154.407  157.834  161.083  164.112  166.897  169.421  171.681
  122.103  124.400  126.975  129.824  132.934  136.278  139.813  143.486  147.230  150.974  154.647  158.182  161.526  164.636  167.485  170.060  172.357
  121.414  123.746  126.371  129.285  132.477  135.917  139.564  143.358  147.230  151.102  154.896  158.543  161.983  165.175  168.089  170.714  173.046
  120.709  123.076  125.750  128.730  132.004  135.544  139.306  143.226  147.230  151.234  155.154  158.916  162.456  165.730  168.710  171.384  173.751
  119.990  122.390  125.112  128.157  131.515  135.157  139.037  143.089  147.230  151.371  155.423  159.303  162.945  166.303  169.348  172.070  174.470
  119.255  121.687  124.456  127.567  131.010  134.756  138.758  142.945  147.230  151.515  155.702  159.704  163.450  166.893  170.004  172.773  175.205
  118.504  120.966  123.782  126.958  130.487  134.340  138.468  142.796  147.230  151.664  155.992  160.120  163.973  167.502  170.678  173.494  175.956
  117.737  120.228  123.089  126.330  129.945  133.908  138.167  142.641  147.230  151.819  156.293  160.552  164.515  168.130  171.371  174.232  176.723
  116.954  119.471  122.376  125.681  129.384  133.460  137.853  142.479  147.230  151.981  156.607  161.000  165.076  168.779  172.084  174.989  177.506
  116.155  118.696  121.642  125.012  128.803  132.993  137.525  142.310  147.230  152.150  156.935  161.467  165.657  169.448  172.818  175.764  178.305
  115.338  117.901  120.888  124.320  128.201  132.508  137.183  142.133  147.230  152.327  157.277  161.952  166.259  170.140  173.572  176.559  179.122
  114.505  117.088  120.112  123.606  127.576  132.002  136.826  141.948  147.230  152.512  157.634  162.458  166.884  170.854  174.348  177.372  179.955
  113.655  116.254  119.314  122.868  126.928  131.476  136.454  141.754  147.230  152.706  158.006  162.984  167.532  171.592  175.146  178.206 -179.195
  112.787  115.399  118.493  122.105  126.255  130.927  136.063  141.551  147.230  152.909  158.397  163.533  168.205  172.355  175.967  179.061 -178.327
  111.902  114.524  117.648  121.317  125.556  130.355  135.655  141.338  147.230  153.122  158.805  164.105  168.904  173.143  176.812  179.936 -177.442
  110.998  113.627  116.778  120.501  124.829  129.757  135.226  141.114  147.230  153.346  159.234  164.703  169.631  173.959  177.682 -179.167 -176.538
