 -43.789 -43.843 -43.887 -43.924 -43.953 -43.976 -43.992 -44.001 -44.004 -44.001 -43.992 -43.976 -43.953 -43.924 -43.887 -43.843 -43.789
 -44.289 -44.341 -44.386 -44.424 -44.454 -44.478 -44.495 -44.505 -44.509 -44.505 -44.495 -44.478 -44.454 -44.424 -44.386 -44.341 -44.289
 -44.747 -44.805 -44.855 -44.897 -44.932 -44.959 -44.978 -44.990 -44.993 -44.990 -44.978 -44.959 -44.932 -44.897 -44.855 -44.805 -44.747
 -45.163 -45.228 -45.285 -45.333 -45.373 -45.404 -45.426 -45.439 -45.444 -45.439 -45.426 -45.404 -45.373 -45.333 -45.285 -45.228 -45.163
 -45.559 -45.633 -45.698 -45.753 -45.798 -45.833 -45.858 -45.873 -45.879 -45.873 -45.858 -45.833 -45.798 -45.753 -45.698 -45.633 -45.559
 -45.944 -46.028 -46.101 -46.163 -46.213 -46.253 -46.282 -46.299 -46.304 -46.299 -46.282 -46.253 -46.213 -46.163 -46.101 -46.028 -45.944
 -46.322 -46.416 -46.497 -46.566 -46.623 -46.667 -46.699 -46.718 -46.725 -46.718 -46.699 -46.667 -46.623 -46.566 -46.497 -46.416 -46.322
 -46.696 -46.798 -46.888 -46.965 -47.028 -47.077 -47.113 -47.134 -47.141 -47.134 -47.113 -47.077 -47.028 -46.965 -46.888 -46.798 -46.696
 -47.065 -47.178 -47.277 -47.361 -47.431 -47.485 -47.524 -47.547 -47.555 -47.547 -47.524 -47.485 -47.431 -47.361 -47.277 -47.178 -47.065
 -47.431 -47.555 -47.663 -47.755 -47.831 -47.890 -47.932 -47.958 -47.967 -47.958 -47.932 -47.890 -47.831 -47.755 -47.663 -47.555 -47.431
 -47.795 -47.929 -48.046 -48.146 -48.229 -48.293 -48.340 -48.368 -48.377 -48.368 -48.340 -48.293 -48.229 -48.146 -48.046 -47.929 -47.795
 -48.023 -48.169 -48.297 -48.406 -48.495 -48.565 -48.616 -48.646 -48.656 -48.646 -48.616 -48.565 -48.495 -48.406 -48.297 -48.169 -48.023
 -48.179 -48.339 -48.478 -48.596 -48.694 -48.770 -48.825 -48.857 -48.868 -48.857 -48.825 -48.770 -48.694 -48.596 -48.478 -48.339 -48.179
 -48.292 -48.466 -48.617 -48.746 -48.852 -48.935 -48.994 -49.030 -49.042 -49.030 -48.994 -48.935 -48.852 -48.746 -48.617 -48.466 -48.292
 -48.366 -48.555 -48.720 -48.860 -48.975 -49.065 -49.129 -49.168 -49.181 -49.168 -49.129 -49.065 -48.975 -48.860 -48.720 -48.555 -48.366
 -48.554 -48.757 -48.933 -49.083 -49.206 -49.302 -49.371 -49.412 -49.426 -49.412 -49.371 -49.302 -49.206 -49.083 -48.933 -48.757 -48.554
 -48.962 -49.173 -49.357 -49.514 -49.643 -49.743 -49.815 -49.859 -49.873 -49.859 -49.815 -49.743 -49.643 -49.514 -49.357 -49.173 -48.962
 -49.361 -49.582 -49.774 -49.938 -50.073 -50.178 -50.254 -50.299 -50.314 -50.299 -50.254 -50.178 -50.073 -49.938 -49.774 -49.582 -49.361
 -49.753 -49.984 -50.185 -50.356 -50.498 -50.608 -50.687 -50.735 -50.751 -50.735 -50.687 -50.608 -50.498 -50.356 -50.185 -49.984 -49.753
 -50.139 -50.380 -50.590 -50.770 -50.918 -51.033 -51.116 -51.166 -51.182 -51.166 -51.116 -51.033 -50.918 -50.770 -50.590 -50.380 -50.139
 -50.520 -50.772 -50.991 -51.179 -51.333 -51.454 -51.541 -51.593 -51.611 -51.593 -51.541 -51.454 -51.333 -51.179 -50.991 -50.772 -50.520
 -50.897 -51.159 -51.388 -51.584 -51.746 -51.872 -51.963 -52.018 -52.036 -52.018 -51.963 -51.872 -51.746 -51.584 -51.388 -51.159 -50.897
 -51.269 -51.543 -51.782 -51.987 -52.155 -52.287 -52.382 -52.439 -52.458 -52.439 -52.382 -52.287 -52.155 -51.987 -51.782 -51.543 -51.269
 -51.638 -51.923 -52.173 -52.386 -52.562 -52.700 -52.799 -52.859 -52.879 -52.859 -52.799 -52.700 -52.562 -52.386 -52.173 -51.923 -51.638
 -52.004 -52.300 -52.561 -52.783 -52.967 -53.111 -53.214 -53.276 -53.297 -53.276 -53.214 -53.111 -52.967 -52.783 -52.561 -52.300 -52.004
 -52.366 -52.675 -52.946 -53.178 -53.369 -53.519 -53.627 -53.692 -53.714 -53.692 -53.627 -53.519 -53.369 -53.178 -52.946 -52.675 -52.366
 -52.726 -53.047 -53.329 -53.570 -53.770 -53.926 -54.038 -54.106 -54.129 -54.106 -54.038 -53.926 -53.770 -53.570 -53.329 -53.047 -52.726
 -53.083 -53.417 -53.710 -53.961 -54.169 -54.332 -54.449 -54.519 -54.543 -54.519 -54.449 -54.332 -54.169 -53.961 -53.710 -53.417 -53.083
 -53.438 -53.784 -54.089 -54.350 -54.566 -54.736 -54.857 -54.931 -54.955 -54.931 -54.857 -54.736 -54.566 -54.350 -54.089 -53.784 -53.438
 -53.790 -54.150 -54.466 -54.738 -54.962 -55.138 -55.265 -55.341 -55.367 -55.341 -55.265 -55.138 -54.962 -54.738 -54.466 -54.150 -53.790
 -54.140 -54.513 -54.842 -55.124 -55.357 -55.540 -55.672 -55.751 -55.778 -55.751 -55.672 -55.540 -55.357 -55.124 -54.842 -54.513 -54.140
 -54.488 -54.875 -55.216 -55.508 -55.751 -55.941 -56.078 -56.160 -56.188 -56.160 -56.078 -55.941 -55.751 -55.508 -55.216 -54.875 -54.488
 -54.833 -55.235 -55.588 -55.892 -56.143 -56.341 -56.483 -56.568 -56.597 -56.568 -56.483 -56.341 -56.143 -55.892 -55.588 -55.235 -54.833
 -55.177 -55.593 -55.959 -56.274 -56.535 -56.740 -56.887 -56.976 -57.006 -56.976 -56.887 -56.740 -56.535 -56.274 -55.959 -55.593 -55.177
 -55.519 -55.949 -56.329 -56.655 -56.925 -57.138 -57.291 -57.383 -57.414 -57.383 -57.291 -57.138 -56.925 -56.655 -56.329 -55.949 -55.519
 -55.858 -56.303 -56.696 -57.034 -57.315 -57.535 -57.694 -57.789 -57.821 -57.789 -57.694 -57.535 -57.315 -57.034 -56.696 -56.303 -55.858
 -56.196 -56.656 -57.063 -57.413 -57.703 -57.932 -58.096 -58.196 -58.229 -58.196 -58.096 -57.932 -57.703 -57.413 -57.063 -56.656 -56.196
 -56.531 -57.007 -57.428 -57.790 -58.091 -58.328 -58.498 -58.601 -58.636 -58.601 -58.498 -58.328 -58.091 -57.790 -57.428 -57.007 -56.531
 -56.865 -57.357 -57.792 -58.167 -58.478 -58.723 -58.900 -59.006 -59.042 -59.006 -58.900 -58.723 -58.478 -58.167 -57.792 -57.357 -56.865
 -57.196 -57.705 -58.155 -58.542 -58.864 -59.118 -59.301 -59.411 -59.448 -59.411 -59.301 -59.118 -58.864 -58.542 -58.155 -57.705 -57.196
 -57.526 -58.051 -58.516 -58.917 -59.250 -59.512 -59.702 -59.816 -59.854 -59.816 -59.702 -59.512 -59.250 -58.917 -58.516 -58.051 -57.526
 -57.853 -58.395 -58.876 -59.290 -59.635 -59.906 -60.102 -60.221 -60.260 -60.221 -60.102 -59.906 -59.635 -59.290 -58.876 -58.395 -57.853
 -58.179 -58.738 -59.234 -59.662 -60.019 -60.300 -60.502 -60.625 -60.666 -60.625 -60.502 -60.300 -60.019 -59.662 -59.234 -58.738 -58.179
 -58.502 -59.079 -59.591 -60.034 -60.402 -60.692 -60.902 -61.029 -61.071 -61.029 -60.902 -60.692 -60.402 -60.034 -59.591 -59.079 -58.502
 -58.824 -59.419 -59.947 -60.404 -60.784 -61.085 -61.302 -61.433 -61.477 -61.433 -61.302 -61.085 -60.784 -60.404 -59.947 -59.419 -58.824
 -59.143 -59.756 -60.301 -60.773 -61.166 -61.477 -61.701 -61.837 -61.882 -61.837 -61.701 -61.477 -61.166 -60.773 -60.301 -59.756 -59.143
 -59.460 -60.092 -60.654 -61.141 -61.547 -61.868 -62.100 -62.241 -62.288 -62.241 -62.100 -61.868 -61.547 -61.141 -60.654 -60.092 -59.460
 -59.775 -60.426 -61.006 -61.508 -61.928 -62.259 -62.499 -62.644 -62.693 -62.644 -62.499 -62.259 -61.928 -61.508 -61.006 -60.426 -59.775
 -60.087 -60.758 -61.356 -61.874 -62.307 -62.650 -62.898 -63.048 -63.098 -63.048 -62.898 -62.650 -62.307 -61.874 -61.356 -60.758 -60.087
 -60.397 -61.088 -61.704 -62.239 -62.686 -63.040 -63.296 -63.451 -63.503 -63.451 -63.296 -63.040 -62.686 -62.239 -61.704 -61.088 -60.397
 -60.705 -61.416 -62.051 -62.603 -63.064 -63.430 -63.694 -63.855 -63.909 -63.855 -63.694 -63.430 -63.064 -62.603 -62.051 -61.416 -60.705
 -61.010 -61.743 -62.397 -62.965 -63.441 -63.819 -64.093 -64.258 -64.314 -64.258 -64.093 -63.819 -63.441 -62.965 -62.397 -61.743 -61.010
 -61.313 -62.067 -62.740 -63.327 -63.818 -64.208 -64.490 -64.662 -64.719 -64.662 -64.490 -64.208 -63.818 -63.327 -62.740 -62.067 -61.313
 -61.613 -62.389 -63.082 -63.687 -64.194 -64.596 -64.888 -65.065 -65.125 -65.065 -64.888 -64.596 -64.194 -63.687 -63.082 -62.389 -61.613
 -61.911 -62.708 -63.423 -64.045 -64.568 -64.984 -65.286 -65.469 -65.530 -65.469 -65.286 -64.984 -64.568 -64.045 -63.423 -62.708 -61.911
 -62.205 -63.025 -63.761 -64.403 -64.942 -65.371 -65.683 -65.873 -65.936 -65.873 -65.683 -65.371 -64.942 -64.403 -63.761 -63.025 -62.205
 -62.497 -63.340 -64.098 -64.759 -65.315 -65.758 -66.081 -66.276 -66.342 -66.276 -66.081 -65.758 -65.315 -64.759 -64.098 -63.340 -62.497
 -62.786 -63.653 -64.432 -65.114 -65.688 -66.145 -66.478 -66.680 -66.748 -66.680 -66.478 -66.145 -65.688 -65.114 -64.432 -63.653 -62.786
 -63.072 -63.963 -64.765 -65.467 -66.059 -66.531 -66.875 -67.084 -67.154 -67.084 -66.875 -66.531 -66.059 -65.467 -64.765 -63.963 -63.072
 -63.355 -64.270 -65.095 -65.818 -66.429 -66.916 -67.271 -67.488 -67.560 -67.488 -67.271 -66.916 -66.429 -65.818 -65.095 -64.270 -63.355
 -63.634 -64.575 -65.423 -66.168 -66.798 -67.301 -67.668 -67.892 -67.967 -67.892 -67.668 -67.301 -66.798 -66.168 -65.423 -64.575 -63.634
 -63.910 -64.876 -65.749 -66.516 -67.166 -67.685 -68.065 -68.296 -68.373 -68.296 -68.065 -67.685 -67.166 -66.516 -65.749 -64.876 -63.910
 -64.183 -65.175 -66.073 -66.863 -67.532 -68.069 -68.461 -68.700 -68.780 -68.700 -68.461 -68.069 -67.532 -66.863 -66.073 -65.175 -64.183
 -64.452 -65.471 -66.394 -67.207 -67.898 -68.451 -68.857 -69.104 -69.187 -69.104 -68.857 -68.451 -67.898 -67.207 -66.394 -65.471 -64.452
 -64.718 -65.763 -66.712 -67.550 -68.262 -68.834 -69.253 -69.508 -69.595 -69.508 -69.253 -68.834 -68.262 -67.550 -66.712 -65.763 -64.718
 -64.979 -66.053 -67.028 -67.890 -68.625 -69.215 -69.648 -69.913 -70.002 -69.913 -69.648 -69.215 -68.625 -67.890 -67.028 -66.053 -64.979
 -65.237 -66.338 -67.341 -68.229 -68.986 -69.596 -70.044 -70.318 -70.410 -70.318 -70.044 -69.596 -68.986 -68.229 -67.341 -66.338 -65.237
 -65.491 -66.620 -67.651 -68.565 -69.345 -69.975 -70.439 -70.722 -70.818 -70.722 -70.439 -69.975 -69.345 -68.565 -67.651 -66.620 -65.491
 -65.740 -66.899 -67.958 -68.899 -69.704 -70.354 -70.833 -71.127 -71.226 -71.127 -70.833 -70.354 -69.704 -68.899 -67.958 -66.899 -65.740
 -65.985 -67.174 -68.261 -69.230 -70.060 -70.732 -71.228 -71.532 -71.635 -71.532 -71.228 -70.732 -70.060 -69.230 -68.261 -67.174 -65.985
 -66.226 -67.444 -68.561 -69.558 -70.414 -71.109 -71.622 -71.937 -72.043 -71.937 -71.622 -71.109 -70.414 -69.558 -68.561 -67.444 -66.226
 -66.462 -67.711 -68.858 -69.884 -70.767 -71.484 -72.016 -72.342 -72.453 -72.342 -72.016 -71.484 -70.767 -69.884 -68.858 -67.711 -66.462
 -66.693 -67.973 -69.151 -70.207 -71.117 -71.859 -72.409 -72.748 -72.862 -72.748 -72.409 -71.859 -71.117 -70.207 -69.151 -67.973 -66.693
 -66.919 -68.230 -69.440 -70.527 -71.466 -72.232 -72.802 -73.153 -73.272 -73.153 -72.802 -72.232 -71.466 -70.527 -69.440 -68.230 -66.919
 -67.140 -68.483 -69.725 -70.843 -71.812 -72.604 -73.194 -73.558 -73.682 -73.558 -73.194 -72.604 -71.812 -70.843 -69.725 -68.483 -67.140
 -67.355 -68.732 -70.006 -71.156 -72.155 -72.974 -73.586 -73.964 -74.092 -73.964 -73.586 -72.974 -72.155 -71.156 -70.006 -68.732 -67.355
