   69.620   69.735   69.850   69.964   70.078   70.191   70.303   70.414   70.523   70.630   70.734   70.836   70.934   71.028   71.118   71.204   71.283
   69.510   69.657   69.806   69.954   70.103   70.252   70.399   70.546   70.690   70.833   70.972   71.108   71.240   71.368   71.491   71.608   71.720
   69.385   69.567   69.750   69.935   70.121   70.306   70.490   70.674   70.855   71.033   71.208   71.379   71.545   71.706   71.861   72.009   72.150
   69.243   69.461   69.681   69.904   70.126   70.349   70.572   70.792   71.010   71.225   71.436   71.642   71.842   72.036   72.223   72.402   72.573
   69.093   69.348   69.606   69.866   70.127   70.388   70.649   70.908   71.163   71.415   71.662   71.904   72.139   72.366   72.585   72.795   72.995
   68.936   69.229   69.525   69.824   70.125   70.425   70.725   71.022   71.316   71.606   71.890   72.167   72.437   72.698   72.950   73.190   73.420
   68.775   69.106   69.441   69.780   70.120   70.460   70.800   71.137   71.470   71.798   72.119   72.433   72.738   73.033   73.317   73.589   73.848
   68.608   68.979   69.354   69.733   70.114   70.495   70.875   71.252   71.625   71.992   72.352   72.703   73.043   73.373   73.689   73.992   74.280
   68.438   68.848   69.264   69.684   70.106   70.529   70.950   71.369   71.782   72.189   72.587   72.975   73.352   73.716   74.066   74.400   74.718
   68.263   68.714   69.172   69.634   70.098   70.563   71.027   71.487   71.941   72.388   72.826   73.252   73.666   74.065   74.448   74.814   75.160
   68.085   68.577   69.077   69.581   70.089   70.597   71.104   71.606   72.103   72.591   73.069   73.534   73.985   74.419   74.836   75.233   75.609
   67.897   68.425   68.962   69.505   70.050   70.597   71.141   71.681   72.214   72.738   73.250   73.749   74.232   74.696   75.141   75.565   75.966
   67.696   68.260   68.833   69.411   69.993   70.576   71.156   71.732   72.300   72.857   73.402   73.932   74.445   74.937   75.409   75.856   76.279
   67.486   68.084   68.692   69.306   69.924   70.542   71.158   71.768   72.370   72.961   73.537   74.098   74.639   75.159   75.655   76.125   76.568
   67.268   67.900   68.542   69.191   69.844   70.497   71.147   71.791   72.426   73.049   73.657   74.247   74.815   75.361   75.881   76.373   76.835
   67.067   67.736   68.415   69.102   69.793   70.485   71.174   71.856   72.528   73.187   73.829   74.452   75.052   75.626   76.173   76.690   77.175
   66.895   67.607   68.332   69.064   69.801   70.539   71.273   72.001   72.717   73.420   74.104   74.767   75.406   76.017   76.598   77.147   77.661
   66.718   67.474   68.243   69.022   69.806   70.591   71.372   72.146   72.908   73.655   74.382   75.086   75.763   76.411   77.027   77.608   78.152
   66.534   67.335   68.151   68.977   69.809   70.642   71.471   72.292   73.101   73.893   74.663   75.409   76.126   76.811   77.461   78.074   78.647
   66.344   67.192   68.055   68.930   69.810   70.692   71.571   72.440   73.296   74.134   74.949   75.736   76.493   77.216   77.901   78.546   79.148
   66.148   67.043   67.955   68.879   69.810   70.743   71.671   72.590   73.494   74.379   75.238   76.069   76.866   77.627   78.347   79.024   79.655
   65.947   66.890   67.851   68.826   69.808   70.793   71.772   72.742   73.695   74.628   75.533   76.407   77.245   78.044   78.799   79.508   80.168
   65.739   66.731   67.744   68.770   69.805   70.842   71.875   72.896   73.900   74.881   75.833   76.751   77.631   78.467   79.258   79.999   80.688
   65.526   66.568   67.632   68.712   69.801   70.892   71.978   73.052   74.108   75.138   76.138   77.101   78.022   78.898   79.724   80.497   81.215
   65.307   66.400   67.517   68.652   69.796   70.942   72.084   73.212   74.320   75.401   76.449   77.457   78.421   79.336   80.197   81.003   81.749
   65.081   66.227   67.399   68.589   69.790   70.993   72.190   73.374   74.536   75.669   76.766   77.820   78.827   79.781   80.678   81.516   82.290
   64.849   66.048   67.276   68.523   69.782   71.044   72.299   73.539   74.756   75.942   77.089   78.190   79.240   80.234   81.167   82.037   82.839
   64.611   65.865   67.149   68.455   69.774   71.095   72.410   73.708   74.981   76.221   77.419   78.568   79.662   80.695   81.664   82.566   83.396
   64.366   65.676   67.019   68.385   69.764   71.147   72.523   73.881   75.211   76.506   77.756   78.953   80.091   81.165   82.170   83.103   83.961
   64.114   65.481   66.884   68.312   69.754   71.200   72.638   74.057   75.447   76.797   78.100   79.346   80.529   81.643   82.685   83.649   84.534
   63.855   65.281   66.745   68.236   69.743   71.253   72.755   74.237   75.687   77.095   78.451   79.747   80.976   82.131   83.208   84.204   85.116
   63.589   65.074   66.601   68.157   69.730   71.307   72.875   74.421   75.933   77.400   78.811   80.157   81.432   82.628   83.741   84.768   85.706
   63.315   64.862   66.453   68.076   69.717   71.362   72.998   74.610   76.185   77.712   79.179   80.576   81.897   83.134   84.283   85.341   86.305
   63.033   64.643   66.300   67.992   69.703   71.419   73.124   74.803   76.444   78.031   79.555   81.005   82.372   83.650   84.835   85.924   86.913
   62.743   64.417   66.142   67.904   69.687   71.476   73.252   75.002   76.709   78.359   79.940   81.443   82.857   84.177   85.398   86.516   87.530
   62.444   64.184   65.979   67.814   69.671   71.534   73.384   75.205   76.980   78.695   80.335   81.891   83.353   84.714   85.970   87.118   88.157
   62.136   63.944   65.811   67.720   69.654   71.593   73.520   75.414   77.259   79.039   80.739   82.349   83.859   85.262   86.553   87.731   88.793
   61.820   63.696   65.636   67.623   69.635   71.654   73.659   75.629   77.545   79.392   81.154   82.818   84.376   85.821   87.147   88.353   89.439
   61.493   63.441   65.456   67.522   69.616   71.716   73.801   75.849   77.840   79.755   81.579   83.299   84.905   86.391   87.753   88.987   90.094
   61.157   63.177   65.270   67.417   69.595   71.780   73.948   76.076   78.142   80.127   82.014   83.791   85.446   86.974   88.369   89.631   90.759
   60.810   62.904   65.078   67.308   69.573   71.845   74.098   76.309   78.453   80.510   82.462   84.295   85.999   87.568   88.997   90.286   91.435
   60.452   62.623   64.878   67.196   69.549   71.911   74.254   76.549   78.773   80.903   82.920   84.811   86.565   88.175   89.637   90.952   92.120
   60.083   62.332   64.672   67.079   69.525   71.980   74.413   76.797   79.102   81.307   83.392   85.341   87.144   88.795   90.290   91.629   92.816
   59.702   62.030   64.458   66.957   69.499   72.050   74.578   77.052   79.442   81.723   83.876   85.884   87.736   89.427   90.954   92.318   93.522
   59.309   61.719   64.236   66.831   69.471   72.122   74.748   77.315   79.792   82.152   84.373   86.441   88.343   90.074   91.632   93.019   94.238
   58.902   61.397   64.006   66.699   69.442   72.196   74.923   77.586   80.152   82.593   84.885   87.012   88.963   90.734   92.322   93.731   94.965
   58.482   61.063   63.767   66.563   69.411   72.272   75.104   77.867   80.525   83.047   85.411   87.598   89.599   91.408   93.026   94.455   95.703
   58.047   60.716   63.519   66.420   69.379   72.351   75.291   78.157   80.909   83.515   85.952   88.200   90.249   92.097   93.742   95.191   96.451
   57.597   60.358   63.262   66.272   69.344   72.432   75.484   78.456   81.306   83.999   86.508   88.817   90.916   92.800   94.473   95.940   97.210
   57.132   59.985   62.994   66.117   69.308   72.515   75.685   78.767   81.716   84.497   87.081   89.451   91.598   93.519   95.217   96.701   97.980
   56.650   59.599   62.715   65.956   69.270   72.601   75.892   79.088   82.141   85.011   87.671   90.103   92.297   94.253   95.976   97.474   98.760
   56.151   59.198   62.425   65.787   69.230   72.691   76.108   79.421   82.580   85.542   88.279   90.772   93.013   95.003   96.749   98.260   99.551
   55.634   58.781   62.122   65.611   69.187   72.783   76.331   79.767   83.035   86.091   88.905   91.460   93.747   95.770   97.536   99.059  100.353
   55.098   58.347   61.807   65.427   69.142   72.878   76.563   80.126   83.506   86.659   89.551   92.166   94.499   96.552   98.338   99.870  101.166
   54.541   57.895   61.478   65.234   69.094   72.977   76.804   80.498   83.995   87.245   90.217   92.893   95.269   97.352   99.154  100.694  101.989
   53.964   57.426   61.135   65.033   69.043   73.080   77.055   80.886   84.502   87.852   90.904   93.639   96.058   98.169   99.986  101.530  102.823
   53.364   56.936   60.776   64.821   68.989   73.187   77.317   81.289   85.029   88.481   91.612   94.407   96.867   99.003  100.833  102.380  103.667
   52.741   56.425   60.400   64.599   68.932   73.298   77.589   81.709   85.576   89.132   92.343   95.197   97.696   99.855  101.695  103.242  104.521
   52.093   55.893   60.007   64.366   68.872   73.414   77.874   82.147   86.144   89.806   93.098   96.009   98.545  100.724  102.572  104.117  105.386
   51.420   55.336   59.595   64.120   68.808   73.534   78.172   82.604   86.736   90.505   93.878   96.844   99.415  101.612  103.465  105.004  106.261
   50.719   54.755   59.163   63.862   68.739   73.660   78.483   83.081   87.352   91.231   94.683   97.703  100.307  102.519  104.373  105.904  107.146
   49.989   54.148   58.710   63.590   68.667   73.792   78.809   83.580   87.994   91.983   95.515   98.587  101.220  103.444  105.297  106.817  108.041
   49.229   53.512   58.233   63.303   68.590   73.929   79.152   84.102   88.664   92.765   96.375   99.497  102.155  104.388  106.236  107.742  108.945
   48.438   52.846   57.731   63.000   68.507   74.074   79.511   84.649   89.362   93.576   97.263  100.432  103.113  105.350  107.190  108.678  109.859
   47.613   52.148   57.203   62.679   68.419   74.226   79.889   85.223   90.091   94.419   98.182  101.394  104.094  106.332  108.159  109.627  110.782
   46.752   51.416   56.646   62.339   68.325   74.385   80.287   85.825   90.854   95.296   99.131  102.384  105.098  107.333  109.144  110.588  111.713
   45.854   50.648   56.058   61.978   68.224   74.554   80.707   86.458   91.651   96.207  100.113  103.401  106.126  108.352  110.144  111.560  112.653
   44.917   49.840   55.436   61.595   68.116   74.731   81.150   87.124   92.485   97.155  101.129  104.448  107.178  109.391  111.158  112.543  113.601
   43.939   48.992   54.778   61.187   68.000   74.919   81.620   87.826   93.359   98.142  102.179  105.524  108.253  110.449  112.187  113.537  114.556
   42.917   48.099   54.081   60.752   67.876   75.118   82.117   88.567   94.275   99.169  103.265  106.630  109.353  111.525  113.230  114.541  115.519
   41.850   47.159   53.342   60.287   67.741   75.330   82.646   89.349   95.236  100.239  104.388  107.766  110.477  112.620  114.287  115.555  116.489
   40.735   46.168   52.556   59.790   67.596   75.556   83.208   90.177   96.245  101.353  105.549  108.934  111.625  113.734  115.358  116.579  117.465
   39.569   45.123   51.720   59.257   67.439   75.796   83.808   91.053   97.305  102.513  106.749  110.132  112.797  114.865  116.441  117.613  118.448
   38.351   44.020   50.829   58.684   67.268   76.054   84.448   91.983   98.418  103.723  107.989  111.363  113.993  116.014  117.538  118.654  119.436
   37.078   42.856   49.879   58.068   67.083   76.331   85.134   92.970   99.590  104.982  109.271  112.625  115.213  117.181  118.646  119.704  120.429
   35.747   41.626   48.863   57.402   66.881   76.629   85.870   94.021  100.823  106.295  110.594  113.919  116.456  118.364  119.766  120.762  121.427
