 -49.863 -49.902 -49.932 -49.953 -49.968 -49.975 -49.976 -49.970 -49.958 -49.940 -49.916 -49.886 -49.849 -49.806 -49.756 -49.698 -49.632
 -50.389 -50.422 -50.448 -50.466 -50.477 -50.481 -50.478 -50.468 -50.451 -50.428 -50.398 -50.362 -50.319 -50.270 -50.214 -50.151 -50.082
 -50.876 -50.910 -50.936 -50.954 -50.963 -50.965 -50.960 -50.946 -50.925 -50.896 -50.860 -50.816 -50.765 -50.707 -50.642 -50.570 -50.488
 -51.320 -51.357 -51.386 -51.405 -51.415 -51.415 -51.407 -51.390 -51.365 -51.330 -51.287 -51.235 -51.175 -51.107 -51.032 -50.948 -50.856
 -51.746 -51.788 -51.819 -51.839 -51.850 -51.850 -51.840 -51.819 -51.789 -51.749 -51.698 -51.639 -51.569 -51.491 -51.403 -51.307 -51.203
 -52.162 -52.208 -52.242 -52.265 -52.276 -52.275 -52.263 -52.240 -52.205 -52.158 -52.101 -52.033 -51.954 -51.864 -51.765 -51.656 -51.537
 -52.571 -52.622 -52.660 -52.685 -52.697 -52.695 -52.681 -52.654 -52.614 -52.562 -52.497 -52.420 -52.331 -52.231 -52.119 -51.997 -51.864
 -52.976 -53.032 -53.073 -53.100 -53.113 -53.111 -53.095 -53.065 -53.020 -52.962 -52.889 -52.803 -52.704 -52.592 -52.468 -52.332 -52.185
 -53.377 -53.438 -53.484 -53.513 -53.527 -53.525 -53.507 -53.473 -53.423 -53.358 -53.278 -53.183 -53.074 -52.950 -52.813 -52.663 -52.501
 -53.776 -53.842 -53.892 -53.924 -53.939 -53.936 -53.916 -53.879 -53.824 -53.753 -53.665 -53.560 -53.440 -53.305 -53.155 -52.991 -52.813
 -54.172 -54.245 -54.298 -54.333 -54.349 -54.346 -54.324 -54.283 -54.223 -54.145 -54.049 -53.935 -53.805 -53.657 -53.494 -53.315 -53.122
 -54.431 -54.511 -54.571 -54.610 -54.628 -54.626 -54.602 -54.559 -54.495 -54.411 -54.307 -54.185 -54.043 -53.884 -53.707 -53.514 -53.304
 -54.618 -54.707 -54.774 -54.818 -54.840 -54.839 -54.815 -54.769 -54.702 -54.612 -54.501 -54.369 -54.217 -54.045 -53.855 -53.646 -53.419
 -54.761 -54.861 -54.936 -54.986 -55.012 -55.013 -54.989 -54.942 -54.870 -54.775 -54.656 -54.515 -54.352 -54.168 -53.962 -53.737 -53.493
 -54.865 -54.976 -55.061 -55.118 -55.149 -55.152 -55.129 -55.080 -55.005 -54.904 -54.778 -54.627 -54.453 -54.255 -54.035 -53.792 -53.529
 -55.084 -55.205 -55.296 -55.359 -55.393 -55.398 -55.374 -55.322 -55.243 -55.136 -55.002 -54.842 -54.657 -54.446 -54.211 -53.953 -53.672
 -55.525 -55.649 -55.743 -55.807 -55.841 -55.845 -55.818 -55.763 -55.678 -55.564 -55.422 -55.252 -55.056 -54.834 -54.587 -54.315 -54.020
 -55.957 -56.086 -56.183 -56.249 -56.283 -56.285 -56.256 -56.196 -56.106 -55.985 -55.834 -55.655 -55.448 -55.214 -54.954 -54.668 -54.359
 -56.383 -56.517 -56.617 -56.685 -56.720 -56.721 -56.689 -56.625 -56.529 -56.401 -56.242 -56.052 -55.834 -55.587 -55.314 -55.014 -54.689
 -56.804 -56.943 -57.047 -57.117 -57.152 -57.152 -57.118 -57.049 -56.947 -56.812 -56.644 -56.444 -56.214 -55.955 -55.667 -55.353 -55.013
 -57.220 -57.364 -57.473 -57.545 -57.580 -57.580 -57.543 -57.470 -57.362 -57.219 -57.042 -56.832 -56.590 -56.317 -56.016 -55.686 -55.330
 -57.632 -57.782 -57.895 -57.969 -58.006 -58.004 -57.965 -57.888 -57.773 -57.622 -57.436 -57.215 -56.961 -56.675 -56.359 -56.014 -55.642
 -58.041 -58.197 -58.314 -58.391 -58.429 -58.426 -58.384 -58.302 -58.182 -58.023 -57.827 -57.595 -57.329 -57.029 -56.698 -56.337 -55.948
 -58.447 -58.609 -58.731 -58.811 -58.849 -58.846 -58.801 -58.715 -58.588 -58.421 -58.215 -57.972 -57.693 -57.379 -57.033 -56.656 -56.250
 -58.850 -59.019 -59.145 -59.228 -59.268 -59.264 -59.216 -59.125 -58.991 -58.816 -58.601 -58.346 -58.054 -57.726 -57.364 -56.970 -56.547
 -59.251 -59.426 -59.558 -59.644 -59.685 -59.680 -59.629 -59.533 -59.393 -59.210 -58.984 -58.717 -58.412 -58.069 -57.691 -57.281 -56.839
 -59.649 -59.832 -59.969 -60.058 -60.100 -60.094 -60.041 -59.940 -59.793 -59.601 -59.365 -59.086 -58.767 -58.409 -58.015 -57.587 -57.128
 -60.046 -60.236 -60.378 -60.471 -60.514 -60.507 -60.451 -60.346 -60.192 -59.990 -59.743 -59.452 -59.119 -58.746 -58.336 -57.890 -57.412
 -60.441 -60.638 -60.786 -60.882 -60.927 -60.920 -60.860 -60.750 -60.588 -60.378 -60.120 -59.816 -59.469 -59.080 -58.653 -58.190 -57.693
 -60.834 -61.039 -61.192 -61.293 -61.339 -61.331 -61.268 -61.152 -60.984 -60.764 -60.495 -60.178 -59.816 -59.412 -58.967 -58.485 -57.969
 -61.225 -61.439 -61.598 -61.702 -61.750 -61.741 -61.675 -61.554 -61.378 -61.149 -60.868 -60.538 -60.161 -59.740 -59.278 -58.778 -58.242
 -61.615 -61.837 -62.003 -62.110 -62.160 -62.150 -62.081 -61.955 -61.771 -61.532 -61.239 -60.895 -60.503 -60.066 -59.586 -59.067 -58.511
 -62.004 -62.234 -62.406 -62.518 -62.569 -62.559 -62.487 -62.355 -62.163 -61.914 -61.609 -61.251 -60.843 -60.389 -59.891 -59.352 -58.777
 -62.391 -62.630 -62.809 -62.925 -62.978 -62.967 -62.892 -62.753 -62.554 -62.294 -61.977 -61.605 -61.181 -60.709 -60.192 -59.634 -59.039
 -62.777 -63.025 -63.211 -63.331 -63.386 -63.374 -63.296 -63.152 -62.943 -62.673 -62.343 -61.957 -61.517 -61.027 -60.491 -59.913 -59.297
 -63.161 -63.419 -63.612 -63.737 -63.794 -63.781 -63.699 -63.549 -63.332 -63.051 -62.708 -62.307 -61.850 -61.342 -60.787 -60.188 -59.551
 -63.544 -63.812 -64.013 -64.142 -64.201 -64.187 -64.102 -63.946 -63.720 -63.428 -63.071 -62.654 -62.181 -61.654 -61.079 -60.460 -59.802
 -63.927 -64.205 -64.412 -64.547 -64.608 -64.594 -64.505 -64.342 -64.107 -63.803 -63.433 -63.000 -62.509 -61.964 -61.369 -60.729 -60.048
 -64.307 -64.596 -64.812 -64.952 -65.014 -64.999 -64.907 -64.737 -64.493 -64.177 -63.793 -63.344 -62.835 -62.271 -61.655 -60.994 -60.291
 -64.687 -64.987 -65.210 -65.356 -65.421 -65.405 -65.308 -65.132 -64.879 -64.551 -64.152 -63.686 -63.159 -62.575 -61.939 -61.255 -60.530
 -65.066 -65.376 -65.609 -65.759 -65.827 -65.810 -65.710 -65.526 -65.263 -64.922 -64.509 -64.026 -63.480 -62.876 -62.218 -61.513 -60.765
 -65.443 -65.765 -66.006 -66.163 -66.233 -66.215 -66.111 -65.920 -65.646 -65.293 -64.864 -64.364 -63.799 -63.174 -62.495 -61.767 -60.997
 -65.819 -66.153 -66.403 -66.566 -66.638 -66.620 -66.511 -66.313 -66.029 -65.662 -65.218 -64.700 -64.115 -63.469 -62.768 -62.018 -61.224
 -66.194 -66.540 -66.800 -66.968 -67.044 -67.025 -66.912 -66.706 -66.411 -66.031 -65.570 -65.034 -64.429 -63.762 -63.038 -62.265 -61.447
 -66.567 -66.927 -67.196 -67.371 -67.449 -67.429 -67.312 -67.098 -66.792 -66.397 -65.920 -65.365 -64.740 -64.051 -63.304 -62.507 -61.666
 -66.940 -67.312 -67.592 -67.773 -67.854 -67.834 -67.711 -67.490 -67.172 -66.763 -66.268 -65.694 -65.048 -64.337 -63.567 -62.746 -61.880
 -67.311 -67.697 -67.987 -68.175 -68.260 -68.238 -68.111 -67.881 -67.551 -67.127 -66.615 -66.021 -65.354 -64.619 -63.826 -62.981 -62.091
 -67.680 -68.081 -68.382 -68.577 -68.665 -68.642 -68.511 -68.272 -67.930 -67.490 -66.960 -66.346 -65.656 -64.899 -64.081 -63.212 -62.297
 -68.049 -68.464 -68.776 -68.979 -69.070 -69.047 -68.910 -68.662 -68.307 -67.851 -67.302 -66.668 -65.956 -65.175 -64.333 -63.438 -62.498
 -68.415 -68.846 -69.170 -69.381 -69.475 -69.451 -69.309 -69.051 -68.683 -68.211 -67.643 -66.987 -66.252 -65.447 -64.580 -63.660 -62.695
 -68.781 -69.227 -69.563 -69.782 -69.880 -69.855 -69.707 -69.440 -69.059 -68.570 -67.982 -67.304 -66.545 -65.715 -64.824 -63.878 -62.887
 -69.144 -69.607 -69.956 -70.183 -70.285 -70.259 -70.106 -69.829 -69.433 -68.926 -68.318 -67.617 -66.835 -65.980 -65.063 -64.091 -63.074
 -69.506 -69.986 -70.348 -70.585 -70.691 -70.664 -70.505 -70.217 -69.806 -69.281 -68.652 -67.928 -67.121 -66.241 -65.297 -64.300 -63.257
 -69.867 -70.364 -70.740 -70.986 -71.096 -71.068 -70.903 -70.604 -70.178 -69.635 -68.984 -68.236 -67.404 -66.498 -65.528 -64.504 -63.434
 -70.225 -70.741 -71.131 -71.386 -71.501 -71.472 -71.301 -70.991 -70.549 -69.986 -69.313 -68.541 -67.683 -66.751 -65.754 -64.703 -63.606
 -70.582 -71.116 -71.521 -71.787 -71.907 -71.877 -71.699 -71.377 -70.919 -70.336 -69.640 -68.843 -67.959 -66.999 -65.975 -64.897 -63.774
 -70.936 -71.491 -71.911 -72.188 -72.312 -72.281 -72.096 -71.762 -71.287 -70.683 -69.963 -69.141 -68.230 -67.243 -66.191 -65.086 -63.936
 -71.288 -71.864 -72.301 -72.588 -72.718 -72.686 -72.494 -72.147 -71.654 -71.029 -70.284 -69.436 -68.497 -67.482 -66.403 -65.269 -64.092
 -71.639 -72.235 -72.689 -72.988 -73.124 -73.091 -72.891 -72.530 -72.019 -71.372 -70.602 -69.727 -68.760 -67.717 -66.609 -65.448 -64.243
 -71.986 -72.605 -73.077 -73.388 -73.530 -73.496 -73.288 -72.913 -72.383 -71.712 -70.917 -70.014 -69.019 -67.947 -66.810 -65.621 -64.389
 -72.331 -72.973 -73.464 -73.788 -73.936 -73.901 -73.685 -73.295 -72.745 -72.051 -71.229 -70.297 -69.273 -68.171 -67.006 -65.788 -64.529
 -72.674 -73.340 -73.850 -74.188 -74.342 -74.306 -74.081 -73.677 -73.106 -72.386 -71.537 -70.576 -69.522 -68.391 -67.196 -65.950 -64.663
 -73.014 -73.705 -74.235 -74.588 -74.748 -74.711 -74.477 -74.057 -73.464 -72.719 -71.841 -70.850 -69.766 -68.605 -67.381 -66.106 -64.791
 -73.350 -74.068 -74.620 -74.987 -75.155 -75.116 -74.873 -74.436 -73.821 -73.048 -72.141 -71.120 -70.005 -68.814 -67.560 -66.256 -64.913
 -73.684 -74.428 -75.003 -75.386 -75.562 -75.522 -75.269 -74.814 -74.175 -73.375 -72.438 -71.385 -70.239 -69.016 -67.733 -66.400 -65.030
 -74.014 -74.787 -75.385 -75.785 -75.968 -75.928 -75.664 -75.190 -74.527 -73.698 -72.730 -71.646 -70.467 -69.213 -67.899 -66.538 -65.140
 -74.340 -75.142 -75.765 -76.183 -76.376 -76.333 -76.059 -75.565 -74.876 -74.018 -73.017 -71.900 -70.690 -69.404 -68.060 -66.669 -65.243
 -74.662 -75.496 -76.145 -76.581 -76.783 -76.739 -76.453 -75.939 -75.223 -74.333 -73.300 -72.150 -70.906 -69.589 -68.214 -66.794 -65.341
 -74.980 -75.846 -76.522 -76.979 -77.190 -77.145 -76.847 -76.311 -75.567 -74.645 -73.577 -72.393 -71.116 -69.767 -68.362 -66.913 -65.431
 -75.294 -76.193 -76.898 -77.376 -77.598 -77.552 -77.240 -76.681 -75.907 -74.952 -73.850 -72.631 -71.320 -69.939 -68.502 -67.025 -65.516
 -75.603 -76.537 -77.272 -77.772 -78.006 -77.958 -77.632 -77.050 -76.244 -75.255 -74.117 -72.862 -71.518 -70.103 -68.636 -67.130 -65.593
 -75.906 -76.877 -77.644 -78.168 -78.414 -78.365 -78.024 -77.416 -76.578 -75.552 -74.377 -73.087 -71.708 -70.261 -68.764 -67.228 -65.664
 -76.204 -77.213 -78.014 -78.563 -78.822 -78.771 -78.414 -77.779 -76.907 -75.845 -74.632 -73.305 -71.891 -70.412 -68.883 -67.319 -65.728
 -76.496 -77.544 -78.381 -78.957 -79.231 -79.178 -78.804 -78.140 -77.233 -76.131 -74.880 -73.516 -72.067 -70.555 -68.996 -67.403 -65.786
 -76.782 -77.871 -78.745 -79.351 -79.640 -79.585 -79.193 -78.498 -77.553 -76.412 -75.121 -73.720 -72.235 -70.691 -69.101 -67.480 -65.836
 -77.061 -78.193 -79.106 -79.743 -80.049 -79.992 -79.580 -78.853 -77.869 -76.686 -75.355 -73.915 -72.396 -70.818 -69.199 -67.549 -65.879
