 -158.049 -157.969 -157.879 -157.782 -157.676 -157.564 -157.447 -157.323 -157.195 -157.062 -156.926 -156.786 -156.643 -156.496 -156.348 -156.196 -156.041
 -158.721 -158.603 -158.475 -158.338 -158.194 -158.041 -157.882 -157.716 -157.545 -157.369 -157.189 -157.005 -156.817 -156.627 -156.436 -156.243 -156.048
 -159.378 -159.225 -159.062 -158.889 -158.705 -158.515 -158.314 -158.106 -157.891 -157.670 -157.444 -157.214 -156.980 -156.744 -156.506 -156.267 -156.028
 -160.017 -159.835 -159.638 -159.428 -159.207 -158.975 -158.732 -158.481 -158.221 -157.955 -157.682 -157.404 -157.122 -156.838 -156.551 -156.264 -155.977
 -160.657 -160.441 -160.211 -159.965 -159.705 -159.433 -159.149 -158.853 -158.549 -158.235 -157.915 -157.588 -157.257 -156.922 -156.586 -156.249 -155.912
 -161.298 -161.051 -160.787 -160.505 -160.208 -159.895 -159.568 -159.228 -158.877 -158.516 -158.147 -157.770 -157.388 -157.002 -156.614 -156.226 -155.838
 -161.944 -161.668 -161.370 -161.052 -160.716 -160.363 -159.993 -159.608 -159.210 -158.800 -158.381 -157.953 -157.519 -157.080 -156.639 -156.197 -155.757
 -162.599 -162.292 -161.961 -161.608 -161.233 -160.838 -160.424 -159.994 -159.548 -159.088 -158.618 -158.137 -157.650 -157.157 -156.661 -156.165 -155.671
 -163.261 -162.925 -162.561 -162.172 -161.758 -161.322 -160.864 -160.387 -159.892 -159.382 -158.859 -158.324 -157.782 -157.233 -156.682 -156.129 -155.579
 -163.933 -163.567 -163.171 -162.746 -162.294 -161.815 -161.313 -160.788 -160.244 -159.682 -159.105 -158.515 -157.916 -157.310 -156.701 -156.091 -155.483
 -164.615 -164.220 -163.792 -163.331 -162.840 -162.319 -161.771 -161.199 -160.603 -159.988 -159.356 -158.710 -158.053 -157.388 -156.719 -156.050 -155.383
 -165.134 -164.716 -164.262 -163.772 -163.248 -162.692 -162.106 -161.492 -160.852 -160.191 -159.510 -158.814 -158.105 -157.388 -156.666 -155.944 -155.224
 -165.572 -165.135 -164.659 -164.143 -163.589 -163.000 -162.378 -161.725 -161.044 -160.339 -159.612 -158.868 -158.110 -157.342 -156.569 -155.795 -155.024
 -165.963 -165.510 -165.013 -164.473 -163.891 -163.271 -162.614 -161.924 -161.202 -160.454 -159.682 -158.890 -158.084 -157.267 -156.443 -155.618 -154.797
 -166.310 -165.843 -165.327 -164.765 -164.158 -163.508 -162.818 -162.091 -161.330 -160.540 -159.723 -158.885 -158.031 -157.164 -156.291 -155.416 -154.544
 -166.795 -166.309 -165.771 -165.182 -164.544 -163.861 -163.133 -162.365 -161.560 -160.723 -159.857 -158.967 -158.059 -157.139 -156.210 -155.280 -154.353
 -167.551 -167.039 -166.470 -165.846 -165.170 -164.443 -163.669 -162.851 -161.992 -161.097 -160.171 -159.219 -158.248 -157.262 -156.268 -155.272 -154.280
 -168.314 -167.776 -167.177 -166.519 -165.804 -165.035 -164.214 -163.344 -162.430 -161.477 -160.490 -159.474 -158.436 -157.383 -156.321 -155.257 -154.198
 -169.085 -168.521 -167.893 -167.202 -166.449 -165.637 -164.768 -163.847 -162.877 -161.864 -160.813 -159.732 -158.626 -157.503 -156.371 -155.237 -154.109
 -169.864 -169.276 -168.620 -167.895 -167.104 -166.249 -165.333 -164.359 -163.332 -162.258 -161.143 -159.994 -158.818 -157.623 -156.418 -155.211 -154.011
 -170.651 -170.041 -169.357 -168.600 -167.772 -166.874 -165.909 -164.883 -163.798 -162.662 -161.480 -160.261 -159.012 -157.743 -156.463 -155.181 -153.907
 -171.448 -170.816 -170.106 -169.317 -168.452 -167.511 -166.499 -165.418 -164.275 -163.075 -161.825 -160.534 -159.210 -157.865 -156.506 -155.147 -153.796
 -172.255 -171.603 -170.867 -170.047 -169.145 -168.162 -167.101 -165.966 -164.763 -163.498 -162.178 -160.813 -159.413 -157.987 -156.548 -155.108 -153.677
 -173.072 -172.401 -171.640 -170.790 -169.852 -168.827 -167.718 -166.528 -165.264 -163.932 -162.541 -161.100 -159.619 -158.112 -156.589 -155.065 -153.552
 -173.900 -173.210 -172.427 -171.548 -170.574 -169.507 -168.349 -167.104 -165.779 -164.379 -162.914 -161.394 -159.831 -158.238 -156.629 -155.018 -153.419
 -174.738 -174.032 -173.226 -172.319 -171.311 -170.203 -168.996 -167.696 -166.307 -164.838 -163.297 -161.696 -160.048 -158.367 -156.668 -154.967 -153.279
 -175.588 -174.867 -174.040 -173.106 -172.064 -170.915 -169.660 -168.303 -166.851 -165.311 -163.692 -162.008 -160.272 -158.499 -156.706 -154.911 -153.131
 -176.448 -175.713 -174.868 -173.908 -172.833 -171.644 -170.341 -168.928 -167.411 -165.798 -164.100 -162.330 -160.502 -158.634 -156.744 -154.852 -152.976
 -177.319 -176.573 -175.710 -174.726 -173.620 -172.390 -171.039 -169.570 -167.988 -166.301 -164.521 -162.662 -160.739 -158.773 -156.782 -154.788 -152.813
 -178.202 -177.446 -176.566 -175.560 -174.423 -173.155 -171.757 -170.230 -168.582 -166.820 -164.956 -163.005 -160.985 -158.915 -156.820 -154.720 -152.641
 -179.095 -178.331 -177.438 -176.410 -175.244 -173.939 -172.493 -170.910 -169.195 -167.356 -165.406 -163.360 -161.238 -159.062 -156.857 -154.648 -152.461
 -180.000 -179.230 -178.324 -177.277 -176.084 -174.742 -173.250 -171.611 -169.828 -167.911 -165.872 -163.729 -161.501 -159.214 -156.894 -154.570 -152.271
  179.084  179.858 -179.226 -178.161 -176.942 -175.565 -174.028 -172.332 -170.481 -168.485 -166.355 -164.110 -161.773 -159.370 -156.931 -154.488 -152.071
  178.158  178.933  179.858 -179.062 -177.820 -176.409 -174.828 -173.076 -171.157 -169.079 -166.856 -164.507 -162.056 -159.532 -156.969 -154.400 -151.861
  177.220  177.995  178.925 -179.982 -178.717 -177.275 -175.650 -173.842 -171.855 -169.695 -167.376 -164.919 -162.350 -159.701 -157.006 -154.306 -151.639
  176.272  177.044  177.978  179.082 -179.634 -178.162 -176.496 -174.633 -172.577 -170.333 -167.917 -165.348 -162.656 -159.875 -157.044 -154.207 -151.406
  175.313  176.080  177.015  178.127  179.428 -179.072 -177.365 -175.449 -173.324 -170.996 -168.479 -165.795 -162.975 -160.056 -157.083 -154.101 -151.160
  174.344  175.104  176.036  177.154  178.470  179.996 -178.260 -176.291 -174.097 -171.684 -169.064 -166.261 -163.308 -160.245 -157.121 -153.989 -150.901
  173.365  174.114  175.042  176.163  177.491  179.039 -179.181 -177.161 -174.899 -172.399 -169.674 -166.748 -163.656 -160.442 -157.161 -153.869 -150.627
  172.376  173.113  174.033  175.154  176.490  178.059  179.872 -178.059 -175.729 -173.142 -170.310 -167.257 -164.020 -160.648 -157.200 -153.742 -150.338
  171.378  172.099  173.009  174.126  175.468  177.053  178.898 -178.986 -176.590 -173.916 -170.974 -167.789 -164.401 -160.864 -157.241 -153.606 -150.032
  170.370  171.073  171.970  173.080  174.425  176.023  177.895 -179.944 -177.483 -174.721 -171.667 -168.347 -164.802 -161.089 -157.282 -153.461 -149.708
  169.355  170.036  170.916  172.016  173.359  174.968  176.864  179.067 -178.409 -175.560 -172.393 -168.933 -165.223 -161.327 -157.324 -153.306 -149.365
  168.331  168.988  169.848  170.934  172.272  173.886  175.803  178.044 -179.371 -176.435 -173.152 -169.547 -165.666 -161.576 -157.367 -153.141 -149.000
  167.299  167.929  168.765  169.834  171.163  172.779  174.711  176.988  179.631 -177.347 -173.948 -170.194 -166.133 -161.839 -157.411 -152.964 -148.612
  166.260  166.859  167.670  168.717  170.032  171.645  173.589  175.896  178.594 -178.300 -174.783 -170.875 -166.626 -162.117 -157.457 -152.774 -148.199
  165.214  165.780  166.560  167.583  168.879  170.484  172.435  174.768  177.517 -179.294 -175.658 -171.593 -167.148 -162.410 -157.503 -152.570 -147.759
  164.162  164.692  165.438  166.431  167.705  169.297  171.249  173.603  176.399  179.667 -176.579 -172.351 -167.701 -162.722 -157.551 -152.351 -147.289
  163.104  163.595  164.304  165.263  166.509  168.083  170.030  172.399  175.236  178.580 -177.547 -173.153 -168.288 -163.053 -157.601 -152.115 -146.786
  162.041  162.490  163.159  164.080  165.293  166.842  168.779  171.156  174.028  177.444 -178.566 -174.002 -168.912 -163.406 -157.652 -151.860 -146.247
  160.974  161.378  162.002  162.881  164.056  165.575  167.494  169.872  172.773  176.255 -179.639 -174.902 -169.578 -163.783 -157.706 -151.585 -145.668
  159.902  160.259  160.835  161.667  162.799  164.282  166.176  168.548  171.470  175.011  179.229 -175.859 -170.290 -164.187 -157.761 -151.286 -145.045
  158.828  159.134  159.658  160.439  161.523  162.963  164.824  167.181  170.115  173.709  178.034 -176.876 -171.052 -164.621 -157.819 -150.961 -144.373
  157.751  158.003  158.473  159.199  160.228  161.619  163.439  165.772  168.708  172.346  176.772 -177.960 -171.869 -165.088 -157.880 -150.606 -143.646
  156.672  156.868  157.279  157.946  158.916  160.250  162.022  164.320  167.248  170.918  175.438 -179.117 -172.749 -165.594 -157.944 -150.219 -142.858
  155.592  155.729  156.079  156.681  157.586  158.857  160.571  162.825  165.732  169.423  174.027  179.647 -173.699 -166.142 -158.012 -149.794 -142.001
  154.512  154.588  154.872  155.406  156.241  157.441  159.089  161.287  164.161  167.858  172.534  178.323 -174.726 -166.740 -158.084 -149.326 -141.068
  153.431  153.444  153.660  154.122  154.881  156.003  157.575  159.706  162.532  166.220  170.953  176.904 -175.841 -167.393 -158.160 -148.808 -140.047
  152.352  152.299  152.444  152.829  153.507  154.545  156.032  158.083  160.846  164.506  169.279  175.381 -177.054 -168.111 -158.242 -148.233 -138.928
  151.274  151.153  151.225  151.530  152.121  153.067  154.459  156.418  159.102  162.714  167.506  173.743 -178.378 -168.904 -158.331 -147.591 -137.697
  150.198  150.008  150.003  150.224  150.724  151.571  152.859  154.713  157.299  160.843  165.628  171.979 -179.828 -169.785 -158.427 -146.872 -136.338
  149.126  148.863  148.780  148.914  149.317  150.059  151.234  152.968  155.440  158.890  163.639  170.079  178.578 -170.767 -158.532 -146.059 -134.831
  148.056  147.721  147.556  147.600  147.903  148.533  149.584  151.187  153.524  156.855  161.535  168.029  176.821 -171.872 -158.648 -145.137 -133.155
  146.992  146.582  146.334  146.284  146.481  146.993  147.913  149.370  151.554  154.737  159.312  165.817  174.878 -173.122 -158.777 -144.081 -131.284
  145.932  145.446  145.113  144.967  145.055  145.443  146.222  147.521  149.532  152.538  156.964  163.429  172.720 -174.548 -158.923 -142.863 -129.186
  144.877  144.315  143.894  143.650  143.626  143.884  144.514  145.642  147.460  150.258  154.490  160.853  170.319 -176.188 -159.090 -141.444 -126.827
  143.829  143.189  142.680  142.335  142.195  142.319  142.791  143.736  145.342  147.901  151.890  158.076  167.638 -178.094 -159.283 -139.774 -124.163
  142.788  142.068  141.470  141.022  140.764  140.749  141.057  141.808  143.182  145.471  149.162  155.087  164.639  179.671 -159.512 -137.786 -121.148
  141.753  140.955  140.267  139.714  139.334  139.176  139.315  139.860  140.985  142.973  146.312  151.880  161.280  177.017 -159.788 -135.388 -117.729
  140.727  139.849  139.069  138.412  137.908  137.604  137.566  137.897  138.757  140.414  143.345  148.451  157.519  173.831 -160.132 -132.451 -113.850
  139.709  138.751  137.880  137.116  136.487  136.034  135.815  135.923  136.502  137.801  140.271  144.802  153.316  169.956 -160.573 -128.796 -109.456
  138.700  137.662  136.699  135.828  135.073  134.468  134.065  133.943  134.229  135.144  137.100  140.943  148.641  165.191 -161.166 -124.174 -104.504
  137.700  136.582  135.527  134.548  133.666  132.909  132.318  131.960  131.942  132.453  133.848  136.891  143.481  159.278 -162.015 -118.237  -98.970
  136.710  135.512  134.365  133.279  132.270  131.358  130.578  129.980  129.650  129.738  130.534  132.675  137.850  151.922 -163.341 -110.537  -92.870
  135.730  134.453  133.214  132.021  130.884  129.818  128.847  128.007  127.359  127.012  127.177  128.332  131.802  142.863 -165.730 -100.598  -86.273
  134.761  133.405  132.075  130.775  129.511  128.291  127.129  126.046  125.077  124.286  123.799  123.905  125.433  132.046 -171.356  -88.190  -79.311
