  58.881  58.954  59.020  59.078  59.129  59.175  59.214  59.248  59.276  59.297  59.313  59.323  59.326  59.322  59.311  59.291  59.263
  59.285  59.364  59.437  59.504  59.565  59.620  59.669  59.712  59.748  59.778  59.801  59.818  59.828  59.831  59.826  59.814  59.794
  59.644  59.736  59.822  59.902  59.975  60.043  60.103  60.155  60.201  60.239  60.269  60.292  60.308  60.315  60.314  60.305  60.287
  59.964  60.073  60.174  60.267  60.354  60.432  60.503  60.566  60.621  60.667  60.705  60.734  60.753  60.764  60.765  60.758  60.740
  60.265  60.389  60.505  60.613  60.714  60.805  60.888  60.962  61.026  61.080  61.125  61.160  61.184  61.198  61.201  61.194  61.176
  60.552  60.692  60.825  60.948  61.063  61.168  61.263  61.348  61.422  61.485  61.537  61.577  61.606  61.623  61.628  61.620  61.601
  60.829  60.987  61.136  61.276  61.405  61.524  61.631  61.727  61.812  61.883  61.942  61.989  62.022  62.042  62.048  62.041  62.020
  61.100  61.276  61.442  61.597  61.742  61.874  61.995  62.103  62.197  62.278  62.344  62.397  62.434  62.457  62.465  62.458  62.435
  61.364  61.558  61.742  61.914  62.074  62.221  62.354  62.474  62.579  62.669  62.743  62.802  62.844  62.870  62.879  62.872  62.848
  61.622  61.835  62.037  62.226  62.402  62.563  62.711  62.842  62.958  63.057  63.140  63.204  63.251  63.280  63.291  63.283  63.257
  61.876  62.108  62.328  62.534  62.726  62.903  63.064  63.208  63.335  63.444  63.534  63.606  63.657  63.689  63.701  63.693  63.666
  62.015  62.266  62.504  62.727  62.934  63.125  63.299  63.455  63.591  63.708  63.805  63.881  63.936  63.969  63.981  63.970  63.938
  62.092  62.363  62.618  62.858  63.081  63.286  63.473  63.640  63.786  63.910  64.013  64.093  64.150  64.183  64.193  64.178  64.140
  62.131  62.422  62.696  62.954  63.193  63.412  63.611  63.789  63.944  64.076  64.184  64.268  64.326  64.359  64.365  64.346  64.299
  62.135  62.447  62.741  63.017  63.272  63.506  63.718  63.906  64.071  64.210  64.323  64.410  64.469  64.500  64.502  64.476  64.420
  62.236  62.568  62.881  63.174  63.445  63.694  63.919  64.120  64.294  64.442  64.561  64.652  64.714  64.745  64.746  64.716  64.654
  62.519  62.869  63.200  63.510  63.797  64.062  64.301  64.515  64.702  64.860  64.989  65.088  65.155  65.191  65.195  65.166  65.104
  62.792  63.160  63.509  63.836  64.141  64.421  64.676  64.903  65.102  65.272  65.410  65.517  65.591  65.631  65.638  65.610  65.547
  63.055  63.442  63.809  64.155  64.477  64.773  65.043  65.285  65.497  65.677  65.826  65.940  66.020  66.065  66.075  66.047  65.984
  63.309  63.716  64.102  64.466  64.806  65.119  65.405  65.661  65.886  66.078  66.236  66.359  66.446  66.495  66.507  66.481  66.416
  63.555  63.982  64.388  64.770  65.128  65.459  65.761  66.032  66.271  66.475  66.643  66.775  66.868  66.922  66.936  66.910  66.844
  63.793  64.241  64.666  65.069  65.445  65.794  66.112  66.399  66.651  66.868  67.047  67.187  67.286  67.345  67.361  67.336  67.268
  64.025  64.493  64.939  65.361  65.756  66.123  66.459  66.761  67.028  67.257  67.447  67.596  67.702  67.765  67.784  67.759  67.689
  64.249  64.738  65.205  65.647  66.062  66.448  66.801  67.119  67.401  67.643  67.844  68.002  68.116  68.184  68.205  68.180  68.108
  64.467  64.977  65.465  65.928  66.363  66.768  67.139  67.474  67.771  68.026  68.239  68.406  68.527  68.600  68.624  68.598  68.524
  64.678  65.210  65.720  66.203  66.659  67.083  67.473  67.825  68.137  68.407  68.631  68.808  68.936  69.014  69.041  69.015  68.938
  64.882  65.437  65.968  66.474  66.950  67.394  67.802  68.172  68.501  68.785  69.021  69.208  69.344  69.427  69.456  69.430  69.351
  65.081  65.658  66.211  66.738  67.236  67.700  68.128  68.516  68.861  69.160  69.409  69.607  69.750  69.839  69.870  69.844  69.761
  65.273  65.872  66.448  66.998  67.517  68.003  68.450  68.857  69.219  69.533  69.795  70.004  70.155  70.249  70.283  70.257  70.171
  65.458  66.081  66.680  67.252  67.794  68.300  68.769  69.194  69.574  69.903  70.179  70.399  70.559  70.658  70.695  70.668  70.579
  65.638  66.284  66.906  67.501  68.065  68.594  69.083  69.528  69.926  70.272  70.562  70.793  70.961  71.066  71.106  71.079  70.986
  65.811  66.480  67.126  67.745  68.332  68.882  69.393  69.859  70.275  70.637  70.942  71.185  71.363  71.474  71.516  71.488  71.392
  65.978  66.671  67.341  67.983  68.593  69.167  69.699  70.186  70.621  71.001  71.321  71.576  71.763  71.880  71.925  71.897  71.796
  66.138  66.856  67.549  68.215  68.850  69.447  70.002  70.509  70.965  71.362  71.697  71.965  72.163  72.286  72.334  72.305  72.200
  66.293  67.034  67.752  68.443  69.101  69.721  70.299  70.829  71.305  71.721  72.072  72.354  72.561  72.691  72.742  72.713  72.603
  66.440  67.206  67.949  68.664  69.347  69.992  70.593  71.145  71.642  72.077  72.445  72.741  72.959  73.096  73.150  73.119  73.005
  66.581  67.372  68.139  68.879  69.587  70.257  70.882  71.458  71.976  72.431  72.817  73.127  73.356  73.500  73.557  73.526  73.406
  66.716  67.531  68.324  69.089  69.822  70.517  71.167  71.766  72.307  72.783  73.186  73.511  73.752  73.904  73.964  73.932  73.807
  66.844  67.684  68.502  69.293  70.051  70.772  71.447  72.070  72.634  73.131  73.554  73.894  74.147  74.307  74.371  74.337  74.207
  66.965  67.830  68.673  69.490  70.275  71.021  71.722  72.371  72.958  73.477  73.919  74.276  74.541  74.710  74.777  74.742  74.606
  67.080  67.970  68.838  69.681  70.492  71.265  71.992  72.666  73.278  73.820  74.282  74.656  74.935  75.112  75.183  75.147  75.004
  67.188  68.102  68.997  69.866  70.703  71.503  72.257  72.957  73.595  74.160  74.643  75.035  75.328  75.514  75.589  75.551  75.401
  67.289  68.228  69.148  70.044  70.908  71.735  72.517  73.244  73.907  74.496  75.002  75.413  75.720  75.916  75.995  75.955  75.798
  67.382  68.347  69.293  70.215  71.107  71.961  72.770  73.525  74.215  74.830  75.358  75.789  76.111  76.317  76.401  76.359  76.194
  67.469  68.459  69.431  70.379  71.298  72.181  73.018  73.801  74.519  75.159  75.712  76.163  76.501  76.718  76.806  76.763  76.589
  67.549  68.563  69.561  70.536  71.483  72.394  73.260  74.071  74.817  75.485  76.062  76.535  76.891  77.119  77.211  77.166  76.984
  67.621  68.661  69.684  70.686  71.661  72.600  73.495  74.336  75.111  75.807  76.410  76.905  77.279  77.519  77.617  77.569  77.377
  67.687  68.751  69.800  70.829  71.831  72.799  73.724  74.595  75.400  76.125  76.755  77.274  77.666  77.919  78.022  77.972  77.770
  67.745  68.833  69.908  70.964  71.994  72.991  73.946  74.847  75.683  76.438  77.096  77.640  78.052  78.319  78.427  78.374  78.162
  67.795  68.908  70.009  71.091  72.149  73.176  74.161  75.093  75.960  76.746  77.433  78.004  78.437  78.718  78.833  78.777  78.552
  67.839  68.976  70.101  71.211  72.297  73.352  74.368  75.332  76.231  77.049  77.767  78.365  78.821  79.117  79.238  79.179  78.942
  67.874  69.035  70.186  71.322  72.436  73.521  74.567  75.563  76.495  77.346  78.096  78.723  79.203  79.515  79.643  79.580  79.330
  67.903  69.087  70.263  71.425  72.567  73.682  74.759  75.787  76.753  77.638  78.421  79.078  79.584  79.913  80.049  79.982  79.716
  67.923  69.131  70.332  71.520  72.690  73.834  74.942  76.003  77.003  77.923  78.740  79.430  79.962  80.311  80.454  80.383  80.101
  67.937  69.168  70.393  71.607  72.804  73.977  75.116  76.211  77.245  78.201  79.054  79.778  80.339  80.708  80.860  80.784  80.485
  67.942  69.196  70.445  71.685  72.909  74.111  75.282  76.409  77.479  78.472  79.362  80.121  80.714  81.104  81.266  81.184  80.866
  67.940  69.217  70.489  71.754  73.005  74.236  75.438  76.599  77.704  78.735  79.664  80.460  81.086  81.500  81.671  81.584  81.245
  67.931  69.229  70.525  71.815  73.092  74.352  75.584  76.779  77.920  78.989  79.959  80.794  81.455  81.895  82.077  81.983  81.622
  67.914  69.234  70.552  71.866  73.170  74.458  75.721  76.949  78.127  79.235  80.245  81.123  81.821  82.289  82.483  82.382  81.996
  67.889  69.230  70.571  71.909  73.239  74.554  75.848  77.109  78.323  79.470  80.524  81.444  82.183  82.682  82.890  82.780  82.366
  67.857  69.218  70.582  71.943  73.298  74.640  75.964  77.257  78.508  79.696  80.793  81.759  82.541  83.074  83.296  83.177  82.732
  67.817  69.199  70.583  71.967  73.347  74.716  76.069  77.395  78.682  79.910  81.051  82.066  82.894  83.464  83.703  83.572  83.094
  67.770  69.171  70.577  71.983  73.386  74.782  76.163  77.521  78.844  80.112  81.299  82.363  83.242  83.852  84.109  83.967  83.451
  67.715  69.135  70.561  71.989  73.416  74.837  76.246  77.636  78.993  80.302  81.535  82.650  83.582  84.238  84.516  84.360  83.801
  67.653  69.092  70.537  71.986  73.436  74.881  76.318  77.738  79.130  80.479  81.758  82.926  83.915  84.621  84.924  84.750  84.144
  67.583  69.040  70.505  71.974  73.445  74.915  76.378  77.827  79.253  80.641  81.967  83.190  84.239  85.001  85.331  85.138  84.478
  67.506  68.981  70.464  71.953  73.445  74.937  76.426  77.903  79.362  80.789  82.160  83.438  84.552  85.376  85.739  85.523  84.801
  67.421  68.913  70.414  71.922  73.435  74.949  76.462  77.967  79.457  80.920  82.337  83.671  84.852  85.746  86.146  85.903  85.112
  67.330  68.838  70.356  71.882  73.414  74.950  76.485  78.017  79.537  81.036  82.496  83.885  85.136  86.109  86.554  86.278  85.407
  67.231  68.755  70.290  71.833  73.384  74.940  76.497  78.053  79.601  81.134  82.637  84.080  85.402  86.461  86.963  86.644  85.683
  67.125  68.664  70.215  71.775  73.344  74.918  76.497  78.075  79.651  81.215  82.757  84.252  85.647  86.801  87.371  86.999  85.937
  67.012  68.566  70.132  71.708  73.294  74.886  76.484  78.084  79.684  81.277  82.856  84.400  85.866  87.124  87.780  87.339  86.163
  66.892  68.460  70.041  71.632  73.233  74.843  76.458  78.079  79.701  81.321  82.933  84.522  86.055  87.422  88.188  87.657  86.358
  66.765  68.347  69.942  71.547  73.163  74.788  76.421  78.060  79.702  81.346  82.987  84.615  86.209  87.686  88.596  87.942  86.514
  66.631  68.227  69.834  71.454  73.084  74.723  76.372  78.027  79.687  81.352  83.018  84.679  86.324  87.903  89.003  88.178  86.627
  66.491  68.099  69.719  71.351  72.995  74.648  76.310  77.980  79.656  81.339  83.025  84.713  86.397  88.058  89.407  88.345  86.692
