 -46.310 -46.394 -46.473 -46.548 -46.619 -46.686 -46.749 -46.808 -46.864 -46.915 -46.961 -47.003 -47.040 -47.072 -47.098 -47.118 -47.130
 -46.508 -46.607 -46.702 -46.793 -46.881 -46.966 -47.047 -47.124 -47.196 -47.264 -47.328 -47.386 -47.440 -47.488 -47.530 -47.566 -47.595
 -46.673 -46.790 -46.904 -47.015 -47.123 -47.226 -47.326 -47.421 -47.511 -47.597 -47.678 -47.753 -47.822 -47.884 -47.940 -47.990 -48.032
 -46.809 -46.946 -47.081 -47.212 -47.339 -47.463 -47.581 -47.696 -47.805 -47.908 -48.005 -48.095 -48.179 -48.255 -48.324 -48.386 -48.439
 -46.929 -47.088 -47.244 -47.395 -47.543 -47.687 -47.826 -47.958 -48.085 -48.205 -48.319 -48.425 -48.523 -48.614 -48.696 -48.769 -48.833
 -47.040 -47.220 -47.397 -47.570 -47.739 -47.902 -48.060 -48.212 -48.357 -48.495 -48.625 -48.747 -48.861 -48.965 -49.060 -49.145 -49.220
 -47.143 -47.345 -47.543 -47.738 -47.927 -48.111 -48.289 -48.460 -48.624 -48.779 -48.927 -49.065 -49.193 -49.312 -49.420 -49.517 -49.602
 -47.240 -47.464 -47.685 -47.900 -48.111 -48.315 -48.513 -48.703 -48.886 -49.059 -49.224 -49.378 -49.522 -49.655 -49.776 -49.885 -49.981
 -47.332 -47.578 -47.821 -48.058 -48.289 -48.514 -48.732 -48.942 -49.144 -49.336 -49.517 -49.688 -49.847 -49.995 -50.129 -50.250 -50.357
 -47.420 -47.688 -47.952 -48.211 -48.464 -48.710 -48.948 -49.178 -49.399 -49.609 -49.808 -49.995 -50.170 -50.332 -50.480 -50.613 -50.731
 -47.503 -47.794 -48.080 -48.360 -48.635 -48.902 -49.161 -49.411 -49.650 -49.879 -50.096 -50.300 -50.491 -50.667 -50.828 -50.974 -51.103
 -47.520 -47.832 -48.138 -48.439 -48.733 -49.019 -49.297 -49.564 -49.821 -50.066 -50.298 -50.516 -50.720 -50.908 -51.080 -51.235 -51.372
 -47.498 -47.831 -48.158 -48.479 -48.793 -49.097 -49.393 -49.678 -49.951 -50.211 -50.457 -50.689 -50.904 -51.103 -51.284 -51.447 -51.590
 -47.452 -47.807 -48.155 -48.496 -48.829 -49.152 -49.465 -49.767 -50.056 -50.331 -50.591 -50.835 -51.062 -51.271 -51.461 -51.630 -51.778
 -47.385 -47.762 -48.131 -48.493 -48.845 -49.187 -49.517 -49.835 -50.140 -50.429 -50.703 -50.959 -51.197 -51.415 -51.612 -51.787 -51.939
 -47.378 -47.776 -48.166 -48.548 -48.920 -49.281 -49.630 -49.966 -50.287 -50.593 -50.881 -51.151 -51.402 -51.631 -51.838 -52.022 -52.181
 -47.483 -47.901 -48.312 -48.713 -49.106 -49.487 -49.857 -50.212 -50.553 -50.877 -51.184 -51.472 -51.739 -51.984 -52.207 -52.404 -52.577
 -47.579 -48.018 -48.449 -48.872 -49.285 -49.687 -50.076 -50.452 -50.812 -51.156 -51.481 -51.787 -52.071 -52.332 -52.570 -52.781 -52.966
 -47.669 -48.128 -48.580 -49.023 -49.457 -49.880 -50.290 -50.686 -51.066 -51.429 -51.773 -52.096 -52.397 -52.675 -52.928 -53.154 -53.352
 -47.752 -48.231 -48.704 -49.169 -49.624 -50.068 -50.498 -50.915 -51.315 -51.697 -52.060 -52.401 -52.719 -53.013 -53.281 -53.521 -53.733
 -47.828 -48.329 -48.823 -49.309 -49.785 -50.250 -50.702 -51.138 -51.559 -51.960 -52.342 -52.702 -53.037 -53.348 -53.631 -53.886 -54.110
 -47.899 -48.421 -48.936 -49.444 -49.941 -50.427 -50.900 -51.357 -51.798 -52.219 -52.620 -52.998 -53.352 -53.679 -53.978 -54.247 -54.484
 -47.965 -48.508 -49.045 -49.573 -50.092 -50.600 -51.094 -51.572 -52.033 -52.475 -52.895 -53.291 -53.663 -54.007 -54.321 -54.605 -54.856
 -48.025 -48.590 -49.148 -49.698 -50.239 -50.768 -51.283 -51.783 -52.264 -52.726 -53.165 -53.581 -53.970 -54.331 -54.662 -54.960 -55.225
 -48.081 -48.667 -49.247 -49.819 -50.381 -50.932 -51.468 -51.989 -52.491 -52.973 -53.433 -53.867 -54.275 -54.653 -55.000 -55.314 -55.592
 -48.132 -48.740 -49.341 -49.935 -50.519 -51.091 -51.649 -52.191 -52.715 -53.217 -53.697 -54.151 -54.576 -54.972 -55.335 -55.664 -55.956
 -48.179 -48.808 -49.431 -50.047 -50.653 -51.247 -51.827 -52.390 -52.935 -53.458 -53.957 -54.431 -54.875 -55.289 -55.669 -56.013 -56.319
 -48.221 -48.872 -49.517 -50.154 -50.782 -51.398 -52.000 -52.585 -53.151 -53.695 -54.215 -54.708 -55.171 -55.603 -56.000 -56.359 -56.680
 -48.260 -48.931 -49.598 -50.258 -50.908 -51.546 -52.170 -52.776 -53.364 -53.929 -54.469 -54.982 -55.465 -55.914 -56.328 -56.704 -57.039
 -48.293 -48.987 -49.675 -50.357 -51.029 -51.689 -52.335 -52.964 -53.573 -54.160 -54.721 -55.254 -55.756 -56.224 -56.655 -57.047 -57.396
 -48.323 -49.038 -49.749 -50.452 -51.147 -51.829 -52.497 -53.148 -53.779 -54.387 -54.969 -55.522 -56.044 -56.530 -56.979 -57.387 -57.752
 -48.349 -49.086 -49.818 -50.544 -51.260 -51.965 -52.656 -53.329 -53.982 -54.611 -55.214 -55.788 -56.329 -56.835 -57.302 -57.726 -58.106
 -48.371 -49.129 -49.883 -50.631 -51.370 -52.097 -52.810 -53.506 -54.181 -54.832 -55.457 -56.051 -56.613 -57.137 -57.622 -58.064 -58.459
 -48.389 -49.169 -49.945 -50.715 -51.476 -52.226 -52.961 -53.679 -54.376 -55.050 -55.696 -56.312 -56.893 -57.437 -57.940 -58.399 -58.810
 -48.403 -49.204 -50.002 -50.795 -51.578 -52.351 -53.108 -53.849 -54.568 -55.264 -55.932 -56.569 -57.171 -57.735 -58.257 -58.733 -59.160
 -48.413 -49.236 -50.056 -50.870 -51.677 -52.471 -53.252 -54.015 -54.757 -55.475 -56.165 -56.824 -57.447 -58.030 -58.571 -59.065 -59.509
 -48.419 -49.264 -50.106 -50.942 -51.771 -52.589 -53.392 -54.178 -54.943 -55.683 -56.395 -57.075 -57.719 -58.323 -58.884 -59.396 -59.856
 -48.422 -49.288 -50.152 -51.011 -51.862 -52.702 -53.528 -54.337 -55.125 -55.888 -56.622 -57.324 -57.990 -58.614 -59.194 -59.724 -60.201
 -48.421 -49.308 -50.194 -51.075 -51.949 -52.812 -53.661 -54.492 -55.303 -56.089 -56.846 -57.570 -58.257 -58.903 -59.502 -60.051 -60.545
 -48.415 -49.324 -50.232 -51.135 -52.032 -52.917 -53.789 -54.644 -55.478 -56.287 -57.067 -57.813 -58.522 -59.189 -59.808 -60.376 -60.888
 -48.407 -49.337 -50.266 -51.192 -52.111 -53.019 -53.914 -54.792 -55.649 -56.482 -57.284 -58.054 -58.785 -59.472 -60.112 -60.700 -61.229
 -48.394 -49.346 -50.297 -51.245 -52.186 -53.117 -54.036 -54.937 -55.817 -56.673 -57.499 -58.291 -59.044 -59.754 -60.414 -61.021 -61.569
 -48.378 -49.351 -50.324 -51.294 -52.258 -53.212 -54.153 -55.078 -55.982 -56.860 -57.710 -58.525 -59.301 -60.032 -60.714 -61.341 -61.908
 -48.358 -49.352 -50.347 -51.339 -52.325 -53.302 -54.267 -55.215 -56.142 -57.045 -57.917 -58.756 -59.555 -60.309 -61.012 -61.659 -62.244
 -48.334 -49.350 -50.366 -51.380 -52.389 -53.389 -54.377 -55.348 -56.299 -57.225 -58.122 -58.984 -59.806 -60.582 -61.307 -61.975 -62.580
 -48.307 -49.344 -50.381 -51.418 -52.449 -53.472 -54.483 -55.478 -56.452 -57.402 -58.323 -59.208 -60.054 -60.853 -61.600 -62.289 -62.913
 -48.276 -49.334 -50.393 -51.451 -52.505 -53.551 -54.585 -55.603 -56.602 -57.576 -58.520 -59.430 -60.299 -61.121 -61.891 -62.601 -63.246
 -48.241 -49.320 -50.401 -51.481 -52.557 -53.626 -54.683 -55.725 -56.748 -57.746 -58.714 -59.648 -60.541 -61.387 -62.179 -62.911 -63.576
 -48.203 -49.303 -50.405 -51.507 -52.605 -53.697 -54.777 -55.843 -56.890 -57.912 -58.905 -59.863 -60.780 -61.650 -62.465 -63.219 -63.905
 -48.161 -49.281 -50.405 -51.529 -52.650 -53.764 -54.868 -55.957 -57.028 -58.074 -59.092 -60.074 -61.016 -61.909 -62.748 -63.525 -64.232
 -48.115 -49.256 -50.401 -51.547 -52.690 -53.827 -54.954 -56.067 -57.162 -58.233 -59.275 -60.282 -61.248 -62.166 -63.029 -63.829 -64.557
 -48.066 -49.228 -50.394 -51.561 -52.726 -53.886 -55.036 -56.173 -57.292 -58.387 -59.454 -60.486 -61.477 -62.420 -63.307 -64.130 -64.881
 -48.013 -49.196 -50.382 -51.571 -52.759 -53.941 -55.115 -56.275 -57.418 -58.538 -59.630 -60.687 -61.703 -62.671 -63.582 -64.429 -65.202
 -47.957 -49.159 -50.367 -51.578 -52.787 -53.992 -55.189 -56.373 -57.540 -58.685 -59.801 -60.884 -61.925 -62.918 -63.855 -64.725 -65.522
 -47.897 -49.120 -50.348 -51.580 -52.812 -54.039 -55.259 -56.467 -57.658 -58.827 -59.969 -61.077 -62.144 -63.162 -64.124 -65.020 -65.839
 -47.833 -49.076 -50.326 -51.579 -52.832 -54.082 -55.325 -56.557 -57.772 -58.966 -60.133 -61.266 -62.359 -63.403 -64.390 -65.311 -66.155
 -47.766 -49.029 -50.299 -51.573 -52.849 -54.121 -55.387 -56.642 -57.882 -59.100 -60.293 -61.452 -62.571 -63.641 -64.654 -65.600 -66.468
 -47.695 -48.978 -50.269 -51.564 -52.861 -54.156 -55.445 -56.723 -57.987 -59.231 -60.448 -61.633 -62.778 -63.875 -64.914 -65.886 -66.779
 -47.621 -48.924 -50.235 -51.551 -52.869 -54.186 -55.498 -56.800 -58.088 -59.357 -60.600 -61.811 -62.982 -64.105 -65.171 -66.169 -67.087
 -47.543 -48.865 -50.197 -51.534 -52.874 -54.213 -55.547 -56.873 -58.185 -59.478 -60.747 -61.984 -63.182 -64.332 -65.424 -66.449 -67.394
 -47.462 -48.803 -50.155 -51.513 -52.874 -54.235 -55.592 -56.941 -58.278 -59.596 -60.890 -62.153 -63.377 -64.555 -65.675 -66.726 -67.697
 -47.377 -48.738 -50.109 -51.488 -52.870 -54.253 -55.633 -57.006 -58.366 -59.709 -61.028 -62.317 -63.569 -64.773 -65.921 -67.000 -67.998
 -47.288 -48.669 -50.060 -51.459 -52.863 -54.268 -55.670 -57.065 -58.449 -59.817 -61.162 -62.478 -63.756 -64.988 -66.164 -67.271 -68.296
 -47.196 -48.596 -50.007 -51.426 -52.851 -54.277 -55.702 -57.121 -58.529 -59.921 -61.292 -62.634 -63.939 -65.199 -66.403 -67.538 -68.591
 -47.100 -48.519 -49.950 -51.390 -52.835 -54.283 -55.730 -57.171 -58.603 -60.020 -61.416 -62.785 -64.118 -65.405 -66.638 -67.802 -68.883
 -47.001 -48.439 -49.889 -51.349 -52.815 -54.284 -55.753 -57.218 -58.674 -60.115 -61.537 -62.932 -64.292 -65.608 -66.868 -68.062 -69.172
 -46.898 -48.355 -49.825 -51.304 -52.791 -54.282 -55.772 -57.260 -58.739 -60.205 -61.652 -63.073 -64.461 -65.805 -67.095 -68.318 -69.458
 -46.792 -48.268 -49.756 -51.256 -52.763 -54.275 -55.787 -57.297 -58.800 -60.290 -61.763 -63.211 -64.626 -65.998 -67.318 -68.570 -69.741
 -46.683 -48.177 -49.684 -51.203 -52.731 -54.263 -55.798 -57.330 -58.856 -60.371 -61.869 -63.343 -64.785 -66.187 -67.535 -68.818 -70.019
 -46.570 -48.082 -49.609 -51.147 -52.694 -54.248 -55.804 -57.358 -58.908 -60.447 -61.970 -63.470 -64.940 -66.370 -67.749 -69.062 -70.294
 -46.453 -47.984 -49.529 -51.087 -52.654 -54.228 -55.805 -57.382 -58.955 -60.518 -62.066 -63.593 -65.090 -66.549 -67.957 -69.302 -70.565
 -46.333 -47.882 -49.446 -51.023 -52.610 -54.204 -55.802 -57.401 -58.997 -60.584 -62.157 -63.710 -65.235 -66.722 -68.161 -69.537 -70.832
 -46.210 -47.776 -49.359 -50.954 -52.561 -54.176 -55.795 -57.416 -59.034 -60.645 -62.243 -63.822 -65.374 -66.891 -68.360 -69.767 -71.095
 -46.083 -47.667 -49.268 -50.882 -52.508 -54.143 -55.783 -57.426 -59.066 -60.701 -62.324 -63.929 -65.509 -67.054 -68.553 -69.992 -71.354
 -45.952 -47.555 -49.173 -50.807 -52.452 -54.106 -55.767 -57.431 -59.094 -60.752 -62.399 -64.030 -65.637 -67.212 -68.741 -70.213 -71.607
 -45.819 -47.439 -49.075 -50.727 -52.391 -54.065 -55.746 -57.431 -59.117 -60.798 -62.470 -64.126 -65.761 -67.364 -68.924 -70.427 -71.856
