  167.198  167.202  167.218  167.244  167.278  167.321  167.372  167.431  167.496  167.569  167.648  167.734  167.826  167.925  168.031  168.145  168.267
  166.484  166.509  166.544  166.588  166.641  166.704  166.774  166.853  166.940  167.035  167.136  167.245  167.360  167.482  167.611  167.745  167.886
  165.813  165.851  165.899  165.958  166.028  166.107  166.196  166.295  166.403  166.519  166.641  166.774  166.914  167.062  167.216  167.377  167.545
  165.182  165.230  165.289  165.361  165.445  165.541  165.648  165.763  165.891  166.030  166.178  166.335  166.502  166.677  166.859  167.049  167.246
  164.569  164.625  164.695  164.779  164.877  164.986  165.109  165.246  165.395  165.555  165.727  165.909  166.102  166.305  166.516  166.736  166.964
  163.965  164.029  164.108  164.204  164.312  164.438  164.579  164.734  164.903  165.085  165.281  165.489  165.708  165.939  166.180  166.430  166.689
  163.366  163.437  163.525  163.629  163.753  163.893  164.050  164.223  164.412  164.617  164.836  165.069  165.316  165.575  165.845  166.127  166.418
  162.770  162.847  162.942  163.058  163.193  163.348  163.521  163.712  163.921  164.148  164.390  164.649  164.923  165.210  165.511  165.824  166.148
  162.175  162.258  162.361  162.486  162.633  162.802  162.990  163.199  163.428  163.676  163.943  164.227  164.528  164.844  165.176  165.520  165.877
  161.581  161.667  161.779  161.914  162.072  162.253  162.458  162.684  162.933  163.202  163.492  163.802  164.130  164.476  164.838  165.215  165.606
  160.987  161.078  161.196  161.340  161.509  161.703  161.922  162.166  162.434  162.725  163.038  163.373  163.729  164.104  164.497  164.907  165.331
  160.574  160.666  160.787  160.937  161.114  161.318  161.550  161.808  162.093  162.403  162.738  163.096  163.477  163.880  164.302  164.743  165.201
  160.252  160.343  160.466  160.620  160.803  161.017  161.260  161.532  161.833  162.161  162.517  162.898  163.305  163.735  164.187  164.660  165.152
  159.985  160.073  160.197  160.354  160.543  160.764  161.018  161.303  161.619  161.966  162.342  162.747  163.179  163.637  164.120  164.625  165.152
  159.768  159.852  159.975  160.133  160.327  160.556  160.819  161.117  161.449  161.813  162.210  162.638  163.096  163.582  164.096  164.635  165.199
  159.404  159.486  159.610  159.772  159.972  160.210  160.484  160.796  161.143  161.526  161.944  162.396  162.879  163.394  163.938  164.511  165.109
  158.756  158.842  158.972  159.141  159.350  159.599  159.887  160.213  160.578  160.981  161.420  161.895  162.405  162.947  163.521  164.124  164.755
  158.114  158.204  158.339  158.515  158.732  158.991  159.292  159.633  160.015  160.437  160.898  161.396  161.931  162.502  163.105  163.741  164.405
  157.475  157.570  157.709  157.891  158.117  158.386  158.698  159.054  159.452  159.893  160.375  160.897  161.458  162.057  162.691  163.358  164.056
  156.842  156.940  157.082  157.269  157.502  157.781  158.105  158.474  158.889  159.348  159.851  160.397  160.984  161.611  162.276  162.976  163.709
  156.214  156.312  156.457  156.649  156.888  157.176  157.511  157.894  158.324  158.802  159.326  159.895  160.508  161.164  161.859  162.593  163.361
  155.587  155.686  155.833  156.029  156.275  156.570  156.916  157.311  157.758  158.253  158.798  159.391  160.030  160.714  161.441  162.207  163.012
  154.963  155.062  155.210  155.410  155.660  155.963  156.319  156.727  157.188  157.702  158.267  158.883  159.548  160.261  161.019  161.820  162.660
  154.341  154.439  154.588  154.790  155.045  155.355  155.720  156.141  156.616  157.147  157.733  158.372  159.063  159.804  160.594  161.429  162.307
  153.720  153.816  153.965  154.169  154.429  154.746  155.120  155.551  156.041  156.589  157.194  157.856  158.573  159.344  160.165  161.035  161.950
  153.100  153.194  153.343  153.548  153.812  154.134  154.516  154.959  155.462  156.027  156.651  157.336  158.079  158.878  159.732  160.637  161.590
  152.482  152.572  152.720  152.927  153.193  153.520  153.910  154.363  154.880  155.460  156.104  156.811  157.580  158.408  159.294  160.235  161.226
  151.864  151.951  152.097  152.304  152.572  152.904  153.301  153.764  154.293  154.889  155.552  156.281  157.075  157.933  158.851  159.827  160.857
  151.247  151.330  151.473  151.679  151.950  152.285  152.689  153.161  153.702  154.313  154.994  155.745  156.565  157.452  158.402  159.415  160.484
  150.630  150.709  150.849  151.054  151.325  151.664  152.073  152.554  153.106  153.732  154.432  155.204  156.049  156.964  157.948  158.997  160.106
  150.014  150.087  150.224  150.427  150.699  151.040  151.455  151.943  152.507  153.147  153.863  154.657  155.527  156.471  157.487  158.573  159.722
  149.399  149.466  149.598  149.799  150.070  150.414  150.832  151.328  151.902  152.555  153.289  154.104  154.998  155.971  157.020  158.142  159.333
  148.784  148.844  148.972  149.169  149.439  149.784  150.207  150.709  151.292  151.959  152.709  153.544  154.463  155.465  156.547  157.706  158.938
  148.169  148.223  148.345  148.538  148.807  149.152  149.578  150.085  150.678  151.357  152.123  152.978  153.921  154.951  156.066  157.262  158.536
  147.555  147.601  147.717  147.906  148.172  148.517  148.945  149.458  150.059  150.749  151.531  152.405  153.372  154.430  155.578  156.812  158.127
  146.942  146.979  147.088  147.272  147.535  147.879  148.308  148.826  149.434  150.136  150.932  151.826  152.816  153.902  155.082  156.354  157.712
  146.328  146.357  146.458  146.637  146.895  147.238  147.668  148.189  148.804  149.516  150.327  151.239  152.252  153.366  154.579  155.888  157.290
  145.716  145.734  145.828  146.000  146.254  146.594  147.025  147.548  148.170  148.891  149.715  150.645  151.680  152.821  154.067  155.415  156.859
  145.103  145.112  145.197  145.362  145.611  145.948  146.377  146.903  147.530  148.260  149.097  150.043  151.101  152.269  153.547  154.933  156.421
  144.492  144.490  144.565  144.722  144.965  145.298  145.726  146.253  146.884  147.622  148.472  149.434  150.513  151.708  153.019  154.443  155.975
  143.880  143.867  143.933  144.081  144.317  144.646  145.072  145.599  146.233  146.979  147.839  148.818  149.917  151.139  152.481  153.943  155.520
  143.270  143.245  143.300  143.439  143.668  143.991  144.413  144.940  145.577  146.329  147.200  148.194  149.313  150.560  151.935  153.435  155.057
  142.660  142.623  142.667  142.796  143.016  143.333  143.752  144.277  144.916  145.673  146.553  147.561  148.700  149.973  151.379  152.917  154.584
  142.051  142.001  142.033  142.152  142.363  142.673  143.086  143.610  144.249  145.011  145.900  146.921  148.079  149.376  150.813  152.390  154.102
  141.442  141.379  141.398  141.506  141.708  142.009  142.417  142.938  143.577  144.342  145.239  146.273  147.448  148.769  150.237  151.852  153.610
  140.834  140.757  140.764  140.859  141.051  141.344  141.745  142.261  142.900  143.667  144.571  145.616  146.809  148.153  149.651  151.304  153.107
  140.227  140.136  140.129  140.212  140.392  140.676  141.069  141.581  142.217  142.986  143.895  144.951  146.160  147.527  149.055  150.745  152.594
  139.621  139.515  139.493  139.564  139.732  140.005  140.390  140.896  141.529  142.298  143.212  144.277  145.501  146.890  148.447  150.175  152.070
  139.016  138.894  138.858  138.915  139.070  139.332  139.708  140.207  140.836  141.604  142.521  143.595  144.833  146.243  147.829  149.593  151.535
  138.412  138.274  138.223  138.265  138.407  138.657  139.023  139.513  140.137  140.904  141.823  142.904  144.156  145.585  147.199  149.000  150.988
  137.809  137.655  137.587  137.614  137.742  137.980  138.334  138.816  139.434  140.197  141.118  142.205  143.468  144.917  146.558  148.394  150.428
  137.208  137.036  136.952  136.963  137.076  137.300  137.643  138.114  138.725  139.484  140.405  141.497  142.771  144.237  145.904  147.776  149.856
  136.607  136.418  136.317  136.312  136.409  136.619  136.948  137.409  138.011  138.765  139.684  140.780  142.063  143.547  145.238  147.146  149.271
  136.008  135.800  135.682  135.660  135.741  135.935  136.251  136.700  137.292  138.040  138.956  140.054  141.346  142.844  144.560  146.501  148.672
  135.410  135.184  135.048  135.008  135.072  135.250  135.551  135.987  136.568  137.308  138.220  139.319  140.618  142.130  143.869  145.844  148.060
  134.813  134.569  134.414  134.355  134.402  134.563  134.849  135.270  135.839  136.570  137.477  138.575  139.879  141.404  143.165  145.172  147.432
  134.218  133.954  133.780  133.703  133.731  133.875  134.144  134.550  135.106  135.827  136.727  137.822  139.130  140.666  142.447  144.485  146.790
  133.624  133.341  133.147  133.050  133.060  133.185  133.436  133.826  134.368  135.077  135.968  137.060  138.370  139.916  141.716  143.784  146.132
  133.034  132.729  132.515  132.398  132.388  132.493  132.726  133.099  133.625  134.321  135.203  136.289  137.600  139.154  140.971  143.068  145.458
  132.444  132.118  131.883  131.746  131.715  131.801  132.014  132.369  132.878  133.559  134.430  135.509  136.818  138.379  140.211  142.336  144.768
  131.855  131.508  131.252  131.094  131.042  131.107  131.300  131.635  132.127  132.792  133.650  134.721  136.026  137.591  139.437  141.587  144.060
  131.267  130.900  130.623  130.443  130.369  130.412  130.584  130.899  131.371  132.019  132.863  133.923  135.223  136.790  138.648  140.822  143.334
  130.682  130.293  129.994  129.792  129.696  129.717  129.867  130.160  130.612  131.241  132.068  133.116  134.410  135.976  137.844  140.041  142.590
  130.098  129.687  129.366  129.141  129.022  129.020  129.147  129.418  129.848  130.458  131.267  132.300  133.585  135.149  137.025  139.241  141.827
  129.517  129.083  128.739  128.492  128.349  128.323  128.427  128.674  129.081  129.669  130.458  131.476  132.749  134.309  136.190  138.425  141.045
  128.937  128.481  128.114  127.843  127.676  127.626  127.704  127.927  128.310  128.875  129.643  130.643  131.903  133.456  135.339  137.589  140.242
  128.359  127.881  127.490  127.195  127.003  126.928  126.981  127.178  127.536  128.076  128.822  129.801  131.045  132.589  134.473  136.735  139.418
  127.784  127.282  126.868  126.548  126.331  126.230  126.256  126.427  126.758  127.272  127.994  128.951  130.177  131.709  133.590  135.863  138.573
  127.210  126.686  126.247  125.902  125.659  125.531  125.531  125.673  125.977  126.464  127.159  128.092  129.298  130.816  132.690  134.970  137.705
  126.639  126.091  125.627  125.257  124.988  124.833  124.805  124.919  125.194  125.652  126.319  127.225  128.408  129.909  131.774  134.058  136.815
  126.070  125.498  125.010  124.613  124.318  124.135  124.078  124.162  124.407  124.835  125.472  126.350  127.508  128.988  130.842  133.126  135.901
  125.503  124.907  124.394  123.971  123.648  123.437  123.350  123.404  123.618  124.014  124.620  125.468  126.597  128.054  129.892  132.173  134.963
  124.939  124.318  123.780  123.330  122.980  122.740  122.623  122.645  122.826  123.189  123.762  124.577  125.676  127.106  128.926  131.199  134.000
  124.377  123.732  123.167  122.691  122.312  122.043  121.895  121.885  122.033  122.361  122.898  123.679  124.745  126.146  127.942  130.204  133.011
  123.817  123.150  122.557  122.053  121.646  121.346  121.167  121.124  121.237  121.530  122.030  122.774  123.804  125.172  126.941  129.188  131.997
  123.260  122.568  121.949  121.417  120.981  120.651  120.439  120.362  120.440  120.695  121.157  121.861  122.853  124.185  125.924  128.149  130.955
