   77.499   77.695   77.870   78.025   78.163   78.285   78.391   78.481   78.555   78.613   78.654   78.679   78.685   78.673   78.640   78.583   78.500
   78.635   78.844   79.037   79.215   79.377   79.525   79.656   79.772   79.872   79.956   80.022   80.071   80.101   80.113   80.105   80.076   80.025
   79.627   79.867   80.092   80.302   80.496   80.675   80.837   80.982   81.110   81.220   81.311   81.383   81.435   81.467   81.477   81.465   81.431
   80.496   80.773   81.034   81.280   81.509   81.722   81.916   82.093   82.250   82.387   82.504   82.600   82.673   82.724   82.751   82.754   82.731
   81.293   81.613   81.913   82.196   82.462   82.709   82.938   83.146   83.334   83.500   83.644   83.764   83.860   83.931   83.975   83.992   83.982
   82.049   82.404   82.743   83.069   83.372   83.655   83.918   84.160   84.380   84.576   84.747   84.894   85.013   85.105   85.169   85.202   85.205
   82.770   83.166   83.544   83.904   84.245   84.569   84.867   85.143   85.395   85.623   85.823   85.997   86.142   86.257   86.340   86.392   86.409
   83.464   83.899   84.317   84.716   85.094   85.452   85.790   86.100   86.386   86.645   86.877   87.079   87.250   87.390   87.495   87.566   87.601
   84.133   84.608   85.065   85.503   85.920   86.314   86.686   87.035   87.355   87.647   87.910   88.142   88.341   88.507   88.636   88.729   88.782
   84.780   85.295   85.792   86.268   86.723   87.155   87.563   87.946   88.303   88.629   88.924   89.187   89.416   89.609   89.764   89.880   89.954
   85.408   85.962   86.498   87.013   87.506   87.976   88.421   88.839   89.230   89.593   89.921   90.216   90.476   90.698   90.880   91.021   91.118
   85.747   86.341   86.914   87.466   87.995   88.500   88.978   89.429   89.850   90.243   90.599   90.920   91.203   91.447   91.648   91.805   91.915
   85.935   86.569   87.182   87.771   88.335   88.874   89.385   89.866   90.316   90.734   91.119   91.462   91.766   92.027   92.244   92.412   92.529
   86.032   86.709   87.361   87.987   88.588   89.160   89.703   90.215   90.693   91.137   91.547   91.912   92.234   92.511   92.740   92.916   93.037
   86.049   86.769   87.462   88.127   88.764   89.370   89.945   90.486   90.992   91.461   91.894   92.279   92.619   92.909   93.147   93.329   93.450
   86.299   87.058   87.788   88.490   89.162   89.802   90.410   90.983   91.520   92.018   92.480   92.891   93.254   93.567   93.825   94.023   94.157
   86.982   87.772   88.534   89.268   89.974   90.649   91.292   91.901   92.474   93.008   93.502   93.957   94.359   94.710   95.007   95.244   95.418
   87.633   88.454   89.248   90.015   90.754   91.464   92.142   92.787   93.396   93.968   94.499   94.992   95.433   95.823   96.158   96.436   96.649
   88.256   89.108   89.934   90.734   91.507   92.251   92.964   93.645   94.291   94.899   95.468   95.994   96.479   96.908   97.283   97.600   97.854
   88.854   89.737   90.595   91.428   92.235   93.013   93.761   94.478   95.160   95.805   96.412   96.976   97.499   97.968   98.383   98.740   99.035
   89.430   90.344   91.234   92.100   92.939   93.752   94.535   95.287   96.005   96.688   97.332   97.934   98.492   99.005   99.460   99.858  100.194
   89.986   90.930   91.852   92.750   93.623   94.469   95.287   96.074   96.829   97.548   98.230   98.871   99.467  100.020  100.516  100.955  101.333
   90.523   91.498   92.451   93.381   94.287   95.167   96.019   96.841   97.632   98.388   99.107   99.786  100.422  101.010  101.551  102.032  102.453
   91.043   92.048   93.032   93.994   94.933   95.846   96.732   97.590   98.416   99.208   99.965  100.682  101.357  101.985  102.567  103.090  103.553
   91.547   92.582   93.597   94.590   95.561   96.507   97.428   98.319   99.181  100.010  100.804  101.559  102.273  102.942  103.565  104.130  104.637
   92.036   93.101   94.146   95.171   96.173   97.152   98.106   99.032   99.929  100.794  101.625  102.418  103.171  103.880  104.541  105.152  105.702
   92.511   93.605   94.681   95.736   96.770   97.782   98.768   99.728  100.660  101.561  102.428  103.259  104.051  104.800  105.503  106.157  106.751
   92.973   94.096   95.202   96.287   97.353   98.396   99.415  100.409  101.375  102.312  103.216  104.084  104.915  105.704  106.448  107.145  107.783
   93.423   94.575   95.709   96.825   97.921   98.996  100.048  101.075  102.075  103.047  103.987  104.893  105.762  106.591  107.376  108.117  108.799
   93.861   95.041   96.204   97.350   98.476   99.582  100.666  101.726  102.760  103.766  104.743  105.686  106.594  107.462  108.289  109.068  109.799
   94.288   95.496   96.687   97.862   99.019  100.155  101.271  102.363  103.431  104.472  105.484  106.464  107.410  108.318  109.185  110.008  110.784
   94.704   95.939   97.159   98.363   99.549  100.716  101.862  102.987  104.088  105.163  106.210  107.227  108.210  109.158  110.066  110.931  111.752
   95.110   96.372   97.620   98.852  100.067  101.264  102.442  103.598  104.731  105.840  106.922  107.975  108.997  109.983  110.932  111.840  112.702
   95.506   96.795   98.070   99.330  100.574  101.801  103.009  104.196  105.362  106.504  107.621  108.710  109.768  110.794  111.783  112.733  113.639
   95.893   97.209   98.511   99.798  101.071  102.326  103.564  104.783  105.980  107.156  108.306  109.431  110.526  111.590  112.620  113.612  114.562
   96.271   97.613   98.941  100.256  101.556  102.841  104.108  105.357  106.587  107.794  108.979  110.138  111.270  112.372  113.442  114.476  115.470
   96.641   98.008   99.363  100.704  102.032  103.345  104.642  105.921  107.181  108.421  109.639  110.833  112.001  113.141  114.250  115.325  116.363
   97.002   98.394   99.775  101.143  102.498  103.839  105.164  106.473  107.764  109.036  110.286  111.515  112.719  113.896  115.044  116.160  117.242
   97.355   98.773  100.179  101.573  102.955  104.323  105.677  107.015  108.336  109.639  110.922  112.184  113.423  114.638  115.825  116.982  118.106
   97.701   99.143  100.574  101.994  103.402  104.798  106.179  107.546  108.897  110.231  111.546  112.842  114.116  115.367  116.592  117.789  118.956
   98.040   99.505  100.961  102.407  103.841  105.263  106.672  108.067  109.448  110.812  112.159  113.488  114.796  116.083  117.346  118.583  119.792
   98.371   99.860  101.341  102.811  104.271  105.719  107.156  108.579  109.988  111.383  112.761  114.122  115.464  116.787  118.087  119.364  120.615
   98.695  100.208  101.713  103.208  104.693  106.167  107.630  109.081  110.519  111.943  113.352  114.745  116.121  117.478  118.816  120.132  121.424
   99.013  100.549  102.077  103.597  105.107  106.607  108.096  109.574  111.040  112.493  113.932  115.357  116.766  118.158  119.532  120.886  122.219
   99.324  100.883  102.435  103.978  105.513  107.038  108.553  110.058  111.552  113.033  114.503  115.959  117.400  118.826  120.236  121.629  123.002
   99.629  101.211  102.786  104.353  105.911  107.461  109.002  110.533  112.054  113.564  115.063  116.550  118.023  119.483  120.929  122.358  123.771
   99.928  101.532  103.130  104.720  106.302  107.877  109.443  111.000  112.548  114.086  115.614  117.131  118.636  120.129  121.609  123.076  124.528
  100.221  101.847  103.467  105.080  106.686  108.285  109.876  111.459  113.033  114.599  116.155  117.702  119.238  120.764  122.279  123.782  125.272
  100.509  102.157  103.799  105.434  107.064  108.686  110.301  111.909  113.510  115.102  116.687  118.263  119.830  121.388  122.937  124.475  126.004
  100.791  102.460  104.124  105.782  107.434  109.080  110.719  112.352  113.979  115.598  117.210  118.815  120.412  122.002  123.584  125.158  126.724
  101.067  102.758  104.443  106.123  107.798  109.467  111.130  112.788  114.439  116.085  117.724  119.357  120.984  122.605  124.220  125.829  127.432
  101.339  103.050  104.757  106.459  108.155  109.847  111.534  113.216  114.892  116.563  118.230  119.891  121.547  123.199  124.846  126.489  128.128
  101.605  103.337  105.065  106.788  108.507  110.221  111.931  113.636  115.337  117.034  118.727  120.416  122.101  123.783  125.462  127.138  128.813
  101.867  103.619  105.367  107.112  108.852  110.589  112.321  114.050  115.775  117.497  119.216  120.932  122.645  124.357  126.067  127.777  129.487
  102.123  103.896  105.665  107.430  109.192  110.950  112.705  114.457  116.206  117.953  119.697  121.440  123.181  124.922  126.663  128.406  130.150
  102.375  104.168  105.957  107.743  109.526  111.306  113.083  114.858  116.630  118.401  120.171  121.939  123.708  125.478  127.250  129.024  130.802
  102.623  104.435  106.244  108.050  109.854  111.655  113.454  115.251  117.047  118.842  120.636  122.431  124.227  126.025  127.826  129.632  131.444
  102.866  104.698  106.526  108.353  110.177  111.999  113.820  115.639  117.458  119.276  121.095  122.915  124.738  126.564  128.394  130.231  132.075
  103.105  104.956  106.804  108.650  110.495  112.338  114.179  116.021  117.862  119.703  121.546  123.392  125.240  127.094  128.953  130.820  132.696
  103.340  105.209  107.077  108.943  110.807  112.671  114.533  116.396  118.259  120.124  121.991  123.861  125.735  127.615  129.503  131.399  133.307
  103.570  105.459  107.346  109.231  111.115  112.999  114.882  116.766  118.651  120.538  122.428  124.322  126.222  128.129  130.044  131.970  133.909
  103.797  105.704  107.610  109.514  111.418  113.321  115.225  117.130  119.036  120.946  122.859  124.777  126.702  128.635  130.577  132.532  134.501
  104.020  105.945  107.869  109.793  111.716  113.639  115.563  117.488  119.416  121.347  123.283  125.225  127.174  129.133  131.102  133.085  135.085
  104.238  106.182  108.125  110.067  112.009  113.952  115.896  117.841  119.790  121.743  123.701  125.666  127.640  129.623  131.619  133.630  135.659
  104.454  106.416  108.377  110.337  112.298  114.260  116.223  118.189  120.159  122.133  124.113  126.101  128.098  130.106  132.128  134.166  136.224
  104.665  106.645  108.624  110.603  112.583  114.564  116.546  118.532  120.522  122.517  124.519  126.529  128.550  130.582  132.630  134.695  136.781
  104.873  106.871  108.868  110.865  112.863  114.863  116.865  118.870  120.880  122.896  124.919  126.951  128.995  131.051  133.124  135.215  137.329
  105.078  107.093  109.108  111.123  113.139  115.157  117.178  119.203  121.232  123.269  125.313  127.367  129.433  131.514  133.611  135.728  137.869
  105.279  107.312  109.344  111.377  113.411  115.448  117.487  119.531  121.580  123.637  125.702  127.777  129.866  131.969  134.091  136.233  138.401
  105.477  107.527  109.577  111.627  113.679  115.734  117.792  119.854  121.923  123.999  126.085  128.182  130.292  132.418  134.564  136.731  138.925
  105.672  107.739  109.806  111.874  113.944  116.016  118.092  120.173  122.261  124.357  126.463  128.580  130.712  132.861  135.030  137.222  139.442
  105.864  107.948  110.032  112.117  114.204  116.294  118.388  120.488  122.594  124.710  126.835  128.973  131.127  133.298  135.490  137.706  139.951
  106.052  108.153  110.254  112.356  114.461  116.568  118.680  120.798  122.923  125.058  127.203  129.361  131.535  133.728  135.943  138.183  140.453
  106.238  108.355  110.473  112.592  114.714  116.839  118.968  121.104  123.248  125.401  127.565  129.744  131.939  134.153  136.390  138.654  140.948
  106.420  108.554  110.689  112.825  114.963  117.106  119.253  121.406  123.568  125.739  127.923  130.121  132.336  134.572  136.831  139.118  141.436
  106.600  108.751  110.902  113.054  115.210  117.369  119.533  121.704  123.884  126.074  128.276  130.494  132.729  134.985  137.266  139.575  141.918
