 -78.407 -78.346 -78.282 -78.216 -78.149 -78.081 -78.011 -77.940 -77.869 -77.798 -77.726 -77.655 -77.584 -77.513 -77.443 -77.374 -77.306
 -78.605 -78.521 -78.434 -78.346 -78.255 -78.164 -78.071 -77.978 -77.884 -77.790 -77.696 -77.603 -77.511 -77.420 -77.330 -77.241 -77.155
 -78.783 -78.676 -78.566 -78.455 -78.341 -78.227 -78.111 -77.995 -77.878 -77.762 -77.647 -77.532 -77.419 -77.307 -77.197 -77.089 -76.984
 -78.944 -78.814 -78.681 -78.547 -78.410 -78.272 -78.134 -77.995 -77.856 -77.718 -77.581 -77.445 -77.311 -77.178 -77.049 -76.922 -76.798
 -79.090 -78.937 -78.781 -78.623 -78.464 -78.303 -78.141 -77.980 -77.819 -77.659 -77.500 -77.344 -77.189 -77.037 -76.889 -76.743 -76.602
 -79.222 -79.046 -78.867 -78.685 -78.502 -78.319 -78.135 -77.951 -77.768 -77.587 -77.407 -77.230 -77.056 -76.885 -76.717 -76.554 -76.395
 -79.340 -79.140 -78.938 -78.733 -78.527 -78.320 -78.114 -77.908 -77.704 -77.501 -77.301 -77.104 -76.911 -76.721 -76.536 -76.355 -76.180
 -79.444 -79.220 -78.994 -78.766 -78.537 -78.308 -78.079 -77.852 -77.626 -77.403 -77.183 -76.967 -76.755 -76.547 -76.344 -76.147 -75.955
 -79.533 -79.285 -79.035 -78.784 -78.532 -78.281 -78.031 -77.782 -77.536 -77.293 -77.054 -76.819 -76.588 -76.363 -76.143 -75.930 -75.723
 -79.607 -79.336 -79.062 -78.788 -78.514 -78.241 -77.969 -77.700 -77.434 -77.171 -76.913 -76.660 -76.412 -76.170 -75.934 -75.705 -75.483
 -79.667 -79.371 -79.075 -78.778 -78.482 -78.187 -77.894 -77.605 -77.319 -77.038 -76.762 -76.491 -76.226 -75.968 -75.716 -75.472 -75.236
 -79.738 -79.422 -79.104 -78.787 -78.471 -78.157 -77.846 -77.539 -77.236 -76.938 -76.645 -76.359 -76.079 -75.806 -75.540 -75.283 -75.034
 -79.822 -79.484 -79.147 -78.810 -78.475 -78.142 -77.814 -77.489 -77.169 -76.855 -76.547 -76.245 -75.951 -75.664 -75.385 -75.115 -74.854
 -79.915 -79.557 -79.199 -78.842 -78.488 -78.137 -77.791 -77.449 -77.113 -76.782 -76.459 -76.143 -75.834 -75.534 -75.242 -74.959 -74.686
 -80.018 -79.638 -79.260 -78.884 -78.511 -78.142 -77.778 -77.419 -77.066 -76.720 -76.382 -76.051 -75.728 -75.414 -75.110 -74.815 -74.530
 -80.081 -79.680 -79.281 -78.885 -78.493 -78.106 -77.724 -77.348 -76.980 -76.618 -76.265 -75.920 -75.583 -75.256 -74.939 -74.633 -74.336
 -80.057 -79.634 -79.215 -78.800 -78.390 -77.985 -77.586 -77.194 -76.810 -76.434 -76.066 -75.707 -75.358 -75.018 -74.690 -74.371 -74.063
 -80.016 -79.574 -79.135 -78.701 -78.273 -77.852 -77.437 -77.029 -76.630 -76.240 -75.858 -75.486 -75.124 -74.774 -74.433 -74.104 -73.785
 -79.960 -79.498 -79.041 -78.590 -78.145 -77.707 -77.277 -76.854 -76.441 -76.037 -75.642 -75.258 -74.884 -74.522 -74.171 -73.830 -73.502
 -79.888 -79.408 -78.933 -78.465 -78.004 -77.551 -77.106 -76.670 -76.243 -75.826 -75.419 -75.022 -74.638 -74.264 -73.902 -73.552 -73.214
 -79.801 -79.303 -78.812 -78.328 -77.852 -77.384 -76.925 -76.476 -76.036 -75.607 -75.188 -74.781 -74.385 -74.000 -73.628 -73.268 -72.921
 -79.700 -79.186 -78.679 -78.180 -77.689 -77.208 -76.736 -76.273 -75.821 -75.380 -74.949 -74.532 -74.125 -73.731 -73.349 -72.980 -72.624
 -79.584 -79.055 -78.533 -78.020 -77.516 -77.021 -76.537 -76.062 -75.598 -75.146 -74.706 -74.277 -73.860 -73.456 -73.065 -72.687 -72.323
 -79.455 -78.911 -78.376 -77.849 -77.332 -76.826 -76.329 -75.843 -75.368 -74.905 -74.455 -74.016 -73.590 -73.176 -72.776 -72.390 -72.017
 -79.313 -78.755 -78.207 -77.668 -77.139 -76.621 -76.113 -75.616 -75.131 -74.659 -74.198 -73.749 -73.314 -72.892 -72.483 -72.089 -71.708
 -79.158 -78.588 -78.028 -77.477 -76.937 -76.408 -75.889 -75.382 -74.887 -74.405 -73.935 -73.478 -73.033 -72.603 -72.186 -71.784 -71.396
 -78.991 -78.410 -77.838 -77.277 -76.727 -76.187 -75.658 -75.142 -74.638 -74.146 -73.667 -73.201 -72.748 -72.310 -71.885 -71.475 -71.080
 -78.813 -78.221 -77.639 -77.068 -76.507 -75.958 -75.420 -74.894 -74.382 -73.881 -73.393 -72.919 -72.459 -72.012 -71.580 -71.163 -70.761
 -78.624 -78.022 -77.431 -76.850 -76.280 -75.722 -75.175 -74.642 -74.120 -73.611 -73.115 -72.633 -72.165 -71.711 -71.272 -70.848 -70.439
 -78.424 -77.814 -77.214 -76.624 -76.046 -75.479 -74.924 -74.382 -73.853 -73.336 -72.832 -72.342 -71.867 -71.406 -70.960 -70.530 -70.115
 -78.215 -77.597 -76.988 -76.391 -75.804 -75.229 -74.668 -74.117 -73.580 -73.055 -72.545 -72.048 -71.565 -71.098 -70.645 -70.208 -69.787
 -77.997 -77.371 -76.755 -76.150 -75.556 -74.974 -74.405 -73.847 -73.302 -72.771 -72.253 -71.749 -71.260 -70.786 -70.327 -69.884 -69.457
 -77.769 -77.137 -76.514 -75.902 -75.301 -74.713 -74.136 -73.571 -73.020 -72.482 -71.957 -71.447 -70.952 -70.471 -70.006 -69.557 -69.124
 -77.534 -76.895 -76.266 -75.648 -75.040 -74.446 -73.862 -73.291 -72.733 -72.188 -71.658 -71.141 -70.640 -70.153 -69.682 -69.228 -68.789
 -77.290 -76.646 -76.011 -75.387 -74.775 -74.173 -73.583 -73.006 -72.442 -71.891 -71.354 -70.832 -70.324 -69.832 -69.356 -68.896 -68.452
 -77.039 -76.390 -75.750 -75.120 -74.503 -73.895 -73.300 -72.717 -72.147 -71.590 -71.047 -70.519 -70.006 -69.509 -69.027 -68.561 -68.112
 -76.781 -76.128 -75.483 -74.849 -74.225 -73.613 -73.012 -72.423 -71.847 -71.285 -70.737 -70.204 -69.685 -69.182 -68.695 -68.225 -67.771
 -76.517 -75.859 -75.210 -74.572 -73.943 -73.325 -72.719 -72.125 -71.545 -70.977 -70.424 -69.885 -69.361 -68.853 -68.361 -67.886 -67.427
 -76.246 -75.585 -74.932 -74.289 -73.656 -73.034 -72.423 -71.824 -71.238 -70.666 -70.107 -69.564 -69.035 -68.522 -68.025 -67.545 -67.082
 -75.970 -75.305 -74.649 -74.002 -73.365 -72.738 -72.122 -71.519 -70.928 -70.351 -69.788 -69.239 -68.706 -68.188 -67.687 -67.202 -66.734
 -75.687 -75.020 -74.361 -73.710 -73.069 -72.438 -71.818 -71.210 -70.615 -70.033 -69.466 -68.912 -68.374 -67.852 -67.346 -66.857 -66.385
 -75.400 -74.731 -74.068 -73.414 -72.769 -72.134 -71.510 -70.898 -70.299 -69.713 -69.141 -68.583 -68.041 -67.514 -67.003 -66.510 -66.034
 -75.108 -74.436 -73.771 -73.114 -72.465 -71.827 -71.199 -70.583 -69.980 -69.390 -68.813 -68.251 -67.705 -67.174 -66.659 -66.161 -65.681
 -74.812 -74.138 -73.470 -72.809 -72.158 -71.516 -70.885 -70.265 -69.658 -69.064 -68.483 -67.917 -67.366 -66.831 -66.313 -65.811 -65.327
 -74.510 -73.834 -73.164 -72.502 -71.847 -71.202 -70.567 -69.944 -69.333 -68.735 -68.151 -67.581 -67.026 -66.487 -65.964 -65.459 -64.971
 -74.205 -73.527 -72.855 -72.190 -71.533 -70.885 -70.247 -69.620 -69.006 -68.404 -67.816 -67.242 -66.684 -66.141 -65.614 -65.105 -64.613
 -73.896 -73.217 -72.543 -71.875 -71.215 -70.565 -69.924 -69.294 -68.676 -68.071 -67.479 -66.902 -66.339 -65.793 -65.263 -64.750 -64.254
 -73.582 -72.902 -72.227 -71.557 -70.895 -70.242 -69.598 -68.965 -68.344 -67.735 -67.140 -66.559 -65.993 -65.443 -64.909 -64.393 -63.894
 -73.266 -72.584 -71.907 -71.236 -70.572 -69.916 -69.269 -68.633 -68.009 -67.397 -66.799 -66.214 -65.645 -65.092 -64.554 -64.034 -63.532
 -72.945 -72.263 -71.585 -70.912 -70.246 -69.587 -68.938 -68.300 -67.672 -67.057 -66.456 -65.868 -65.295 -64.739 -64.198 -63.675 -63.169
 -72.622 -71.939 -71.260 -70.585 -69.917 -69.256 -68.605 -67.963 -67.333 -66.715 -66.111 -65.520 -64.944 -64.384 -63.840 -63.313 -62.804
 -72.296 -71.612 -70.932 -70.256 -69.586 -68.923 -68.269 -67.625 -66.992 -66.371 -65.764 -65.170 -64.591 -64.028 -63.481 -62.951 -62.439
 -71.967 -71.283 -70.601 -69.924 -69.252 -68.587 -67.931 -67.285 -66.649 -66.026 -65.415 -64.818 -64.236 -63.670 -63.120 -62.587 -62.072
 -71.635 -70.950 -70.268 -69.589 -68.916 -68.249 -67.591 -66.942 -66.304 -65.678 -65.065 -64.465 -63.880 -63.311 -62.758 -62.222 -61.703
 -71.300 -70.615 -69.932 -69.252 -68.577 -67.909 -67.249 -66.598 -65.957 -65.329 -64.713 -64.110 -63.522 -62.950 -62.394 -61.855 -61.334
 -70.963 -70.278 -69.594 -68.913 -68.237 -67.567 -66.905 -66.252 -65.609 -64.978 -64.359 -63.754 -63.163 -62.588 -62.029 -61.487 -60.963
 -70.624 -69.938 -69.254 -68.572 -67.894 -67.223 -66.559 -65.904 -65.259 -64.625 -64.004 -63.396 -62.803 -62.225 -61.663 -61.118 -60.592
 -70.282 -69.597 -68.911 -68.228 -67.550 -66.877 -66.211 -65.554 -64.907 -64.271 -63.647 -63.037 -62.441 -61.860 -61.296 -60.748 -60.219
 -69.938 -69.253 -68.567 -67.883 -67.203 -66.529 -65.861 -65.202 -64.553 -63.915 -63.289 -62.676 -62.077 -61.494 -60.927 -60.377 -59.845
 -69.592 -68.907 -68.220 -67.536 -66.855 -66.179 -65.510 -64.849 -64.198 -63.557 -62.929 -62.314 -61.713 -61.127 -60.557 -60.005 -59.470
 -69.244 -68.559 -67.872 -67.187 -66.505 -65.828 -65.157 -64.494 -63.841 -63.198 -62.568 -61.950 -61.347 -60.759 -60.186 -59.631 -59.094
 -68.894 -68.209 -67.522 -66.836 -66.153 -65.474 -64.802 -64.138 -63.483 -62.838 -62.205 -61.586 -60.980 -60.389 -59.814 -59.256 -58.716
 -68.543 -67.857 -67.170 -66.483 -65.799 -65.120 -64.446 -63.780 -63.123 -62.477 -61.842 -61.220 -60.611 -60.018 -59.441 -58.881 -58.338
 -68.189 -67.504 -66.816 -66.129 -65.444 -64.763 -64.088 -63.421 -62.762 -62.114 -61.477 -60.852 -60.242 -59.646 -59.067 -58.504 -57.959
 -67.834 -67.149 -66.461 -65.773 -65.088 -64.406 -63.729 -63.060 -62.400 -61.749 -61.110 -60.484 -59.871 -59.273 -58.691 -58.126 -57.579
 -67.477 -66.792 -66.104 -65.416 -64.729 -64.046 -63.369 -62.698 -62.036 -61.384 -60.743 -60.114 -59.499 -58.899 -58.315 -57.748 -57.198
 -67.119 -66.434 -65.746 -65.057 -64.370 -63.686 -63.007 -62.335 -61.671 -61.017 -60.374 -59.743 -59.126 -58.524 -57.937 -57.368 -56.816
 -66.759 -66.074 -65.386 -64.697 -64.009 -63.324 -62.643 -61.970 -61.304 -60.649 -60.004 -59.371 -58.752 -58.148 -57.559 -56.987 -56.433
 -66.398 -65.713 -65.025 -64.335 -63.646 -62.960 -62.279 -61.604 -60.937 -60.279 -59.633 -58.998 -58.377 -57.770 -57.179 -56.605 -56.049
 -66.035 -65.351 -64.662 -63.972 -63.282 -62.595 -61.913 -61.236 -60.568 -59.909 -59.260 -58.624 -58.001 -57.392 -56.799 -56.223 -55.664
 -65.671 -64.987 -64.298 -63.607 -62.917 -62.229 -61.546 -60.868 -60.198 -59.537 -58.887 -58.249 -57.623 -57.013 -56.418 -55.839 -55.278
 -65.306 -64.621 -63.933 -63.242 -62.551 -61.862 -61.177 -60.498 -59.827 -59.164 -58.512 -57.872 -57.245 -56.632 -56.035 -55.454 -54.891
 -64.939 -64.255 -63.566 -62.875 -62.183 -61.493 -60.808 -60.127 -59.455 -58.790 -58.137 -57.495 -56.866 -56.251 -55.652 -55.069 -54.504
 -64.571 -63.887 -63.198 -62.506 -61.814 -61.124 -60.437 -59.755 -59.081 -58.415 -57.760 -57.116 -56.485 -55.869 -55.267 -54.682 -54.115
 -64.202 -63.518 -62.829 -62.137 -61.444 -60.753 -60.065 -59.382 -58.707 -58.039 -57.382 -56.737 -56.104 -55.485 -54.882 -54.295 -53.726
 -63.832 -63.148 -62.459 -61.766 -61.073 -60.381 -59.692 -59.008 -58.331 -57.662 -57.004 -56.356 -55.722 -55.101 -54.496 -53.907 -53.335
