 -52.261 -52.313 -52.355 -52.390 -52.418 -52.438 -52.452 -52.459 -52.460 -52.455 -52.443 -52.425 -52.401 -52.369 -52.330 -52.284 -52.228
 -52.765 -52.815 -52.858 -52.893 -52.921 -52.942 -52.957 -52.964 -52.965 -52.958 -52.945 -52.925 -52.899 -52.865 -52.824 -52.776 -52.721
 -53.228 -53.283 -53.330 -53.370 -53.401 -53.425 -53.441 -53.449 -53.449 -53.442 -53.427 -53.404 -53.373 -53.334 -53.288 -53.235 -53.173
 -53.648 -53.711 -53.764 -53.809 -53.845 -53.872 -53.890 -53.899 -53.900 -53.891 -53.873 -53.846 -53.811 -53.766 -53.714 -53.652 -53.582
 -54.049 -54.120 -54.181 -54.232 -54.273 -54.303 -54.324 -54.334 -54.334 -54.324 -54.304 -54.273 -54.232 -54.182 -54.121 -54.051 -53.971
 -54.439 -54.518 -54.587 -54.645 -54.691 -54.726 -54.749 -54.760 -54.760 -54.749 -54.725 -54.691 -54.644 -54.587 -54.518 -54.439 -54.349
 -54.821 -54.910 -54.987 -55.051 -55.103 -55.142 -55.168 -55.181 -55.181 -55.167 -55.141 -55.102 -55.050 -54.986 -54.909 -54.820 -54.719
 -55.198 -55.297 -55.382 -55.453 -55.511 -55.554 -55.583 -55.597 -55.597 -55.582 -55.553 -55.510 -55.452 -55.380 -55.295 -55.196 -55.084
 -55.571 -55.680 -55.774 -55.852 -55.916 -55.963 -55.995 -56.011 -56.011 -55.994 -55.962 -55.914 -55.850 -55.771 -55.677 -55.568 -55.445
 -55.941 -56.060 -56.163 -56.249 -56.318 -56.370 -56.405 -56.423 -56.422 -56.404 -56.369 -56.316 -56.246 -56.160 -56.056 -55.937 -55.802
 -56.308 -56.438 -56.550 -56.644 -56.719 -56.776 -56.814 -56.833 -56.832 -56.813 -56.774 -56.717 -56.640 -56.546 -56.433 -56.303 -56.157
 -56.539 -56.681 -56.803 -56.905 -56.988 -57.050 -57.091 -57.112 -57.112 -57.090 -57.048 -56.986 -56.903 -56.800 -56.678 -56.536 -56.376
 -56.698 -56.853 -56.986 -57.098 -57.188 -57.256 -57.301 -57.324 -57.324 -57.301 -57.256 -57.188 -57.098 -56.986 -56.853 -56.699 -56.525
 -56.813 -56.982 -57.128 -57.250 -57.348 -57.422 -57.472 -57.497 -57.497 -57.473 -57.424 -57.350 -57.253 -57.131 -56.987 -56.819 -56.630
 -56.889 -57.073 -57.232 -57.366 -57.473 -57.553 -57.608 -57.635 -57.636 -57.610 -57.557 -57.477 -57.372 -57.241 -57.084 -56.902 -56.695
 -57.079 -57.277 -57.448 -57.591 -57.705 -57.792 -57.850 -57.880 -57.881 -57.853 -57.796 -57.712 -57.599 -57.458 -57.290 -57.096 -56.875
 -57.489 -57.696 -57.874 -58.024 -58.145 -58.236 -58.297 -58.327 -58.328 -58.299 -58.239 -58.150 -58.031 -57.883 -57.707 -57.502 -57.271
 -57.890 -58.107 -58.294 -58.451 -58.577 -58.673 -58.737 -58.769 -58.769 -58.738 -58.675 -58.581 -58.456 -58.300 -58.115 -57.901 -57.658
 -58.284 -58.511 -58.707 -58.872 -59.004 -59.104 -59.171 -59.205 -59.205 -59.172 -59.106 -59.007 -58.875 -58.712 -58.517 -58.292 -58.038
 -58.672 -58.909 -59.115 -59.287 -59.426 -59.531 -59.602 -59.637 -59.637 -59.602 -59.532 -59.428 -59.289 -59.118 -58.914 -58.678 -58.412
 -59.054 -59.303 -59.518 -59.699 -59.844 -59.954 -60.028 -60.065 -60.065 -60.028 -59.955 -59.845 -59.700 -59.519 -59.305 -59.058 -58.779
 -59.432 -59.692 -59.917 -60.106 -60.259 -60.374 -60.452 -60.490 -60.490 -60.451 -60.374 -60.259 -60.106 -59.917 -59.692 -59.434 -59.142
 -59.805 -60.077 -60.312 -60.511 -60.671 -60.791 -60.872 -60.913 -60.913 -60.872 -60.791 -60.669 -60.509 -60.311 -60.076 -59.805 -59.500
 -60.174 -60.458 -60.704 -60.912 -61.080 -61.206 -61.291 -61.333 -61.333 -61.290 -61.205 -61.078 -60.910 -60.702 -60.456 -60.172 -59.853
 -60.540 -60.836 -61.094 -61.311 -61.486 -61.618 -61.707 -61.751 -61.751 -61.706 -61.616 -61.483 -61.307 -61.090 -60.832 -60.536 -60.203
 -60.902 -61.212 -61.480 -61.707 -61.891 -62.029 -62.122 -62.168 -62.167 -62.120 -62.026 -61.887 -61.703 -61.475 -61.206 -60.897 -60.549
 -61.261 -61.584 -61.865 -62.102 -62.293 -62.438 -62.535 -62.583 -62.582 -62.533 -62.435 -62.289 -62.096 -61.858 -61.577 -61.254 -60.891
 -61.617 -61.954 -62.247 -62.494 -62.694 -62.845 -62.946 -62.997 -62.996 -62.944 -62.841 -62.689 -62.488 -62.239 -61.945 -61.608 -61.230
 -61.970 -62.321 -62.626 -62.884 -63.093 -63.251 -63.357 -63.409 -63.408 -63.354 -63.247 -63.087 -62.877 -62.618 -62.311 -61.960 -61.566
 -62.321 -62.686 -63.004 -63.273 -63.491 -63.656 -63.766 -63.821 -63.820 -63.763 -63.651 -63.484 -63.265 -62.994 -62.675 -62.308 -61.899
 -62.668 -63.048 -63.379 -63.660 -63.887 -64.059 -64.174 -64.232 -64.230 -64.171 -64.054 -63.880 -63.651 -63.369 -63.036 -62.654 -62.228
 -63.013 -63.408 -63.753 -64.045 -64.282 -64.462 -64.582 -64.641 -64.640 -64.578 -64.456 -64.274 -64.035 -63.741 -63.394 -62.998 -62.554
 -63.355 -63.766 -64.125 -64.429 -64.676 -64.863 -64.988 -65.051 -65.049 -64.984 -64.857 -64.667 -64.418 -64.112 -63.751 -63.338 -62.878
 -63.694 -64.121 -64.495 -64.812 -65.069 -65.264 -65.394 -65.459 -65.458 -65.390 -65.257 -65.059 -64.800 -64.481 -64.105 -63.676 -63.198
 -64.031 -64.475 -64.863 -65.193 -65.460 -65.663 -65.799 -65.867 -65.866 -65.795 -65.656 -65.450 -65.180 -64.848 -64.457 -64.012 -63.515
 -64.365 -64.826 -65.230 -65.572 -65.851 -66.062 -66.204 -66.275 -66.273 -66.199 -66.055 -65.840 -65.559 -65.213 -64.807 -64.344 -63.829
 -64.696 -65.175 -65.594 -65.951 -66.241 -66.461 -66.608 -66.682 -66.680 -66.603 -66.452 -66.229 -65.936 -65.577 -65.155 -64.674 -64.140
 -65.025 -65.521 -65.957 -66.328 -66.629 -66.858 -67.012 -67.088 -67.086 -67.006 -66.849 -66.617 -66.312 -65.939 -65.500 -65.001 -64.447
 -65.351 -65.866 -66.318 -66.703 -67.017 -67.255 -67.415 -67.495 -67.493 -67.409 -67.246 -67.004 -66.687 -66.298 -65.843 -65.326 -64.752
 -65.674 -66.208 -66.677 -67.077 -67.403 -67.651 -67.818 -67.901 -67.899 -67.812 -67.641 -67.390 -67.060 -66.656 -66.184 -65.648 -65.053
 -65.994 -66.547 -67.034 -67.450 -67.789 -68.047 -68.220 -68.306 -68.304 -68.214 -68.036 -67.774 -67.432 -67.013 -66.522 -65.966 -65.351
 -66.311 -66.884 -67.390 -67.821 -68.173 -68.442 -68.622 -68.712 -68.710 -68.615 -68.431 -68.158 -67.802 -67.367 -66.858 -66.282 -65.645
 -66.625 -67.219 -67.743 -68.191 -68.557 -68.836 -69.024 -69.117 -69.115 -69.017 -68.825 -68.541 -68.171 -67.719 -67.192 -66.595 -65.936
 -66.937 -67.551 -68.094 -68.559 -68.940 -69.230 -69.425 -69.522 -69.520 -69.418 -69.218 -68.923 -68.538 -68.070 -67.523 -66.905 -66.223
 -67.244 -67.880 -68.443 -68.926 -69.321 -69.623 -69.826 -69.928 -69.925 -69.819 -69.611 -69.304 -68.904 -68.418 -67.851 -67.211 -66.507
 -67.549 -68.207 -68.791 -69.291 -69.702 -70.016 -70.227 -70.333 -70.330 -70.219 -70.003 -69.684 -69.269 -68.764 -68.176 -67.515 -66.786
 -67.850 -68.531 -69.135 -69.655 -70.081 -70.408 -70.628 -70.737 -70.735 -70.619 -70.394 -70.063 -69.631 -69.108 -68.499 -67.814 -67.062
 -68.147 -68.852 -69.478 -70.017 -70.460 -70.799 -71.028 -71.142 -71.139 -71.019 -70.785 -70.440 -69.992 -69.449 -68.819 -68.111 -67.334
 -68.441 -69.170 -69.818 -70.377 -70.837 -71.190 -71.428 -71.547 -71.544 -71.419 -71.175 -70.817 -70.352 -69.788 -69.135 -68.403 -67.602
 -68.731 -69.484 -70.156 -70.735 -71.213 -71.580 -71.828 -71.952 -71.949 -71.819 -71.564 -71.192 -70.709 -70.125 -69.449 -68.692 -67.865
 -69.017 -69.795 -70.490 -71.092 -71.588 -71.969 -72.228 -72.357 -72.353 -72.218 -71.953 -71.566 -71.064 -70.458 -69.759 -68.977 -68.123
 -69.299 -70.103 -70.823 -71.446 -71.961 -72.358 -72.627 -72.761 -72.758 -72.617 -72.341 -71.939 -71.418 -70.790 -70.066 -69.258 -68.378
 -69.577 -70.407 -71.152 -71.798 -72.333 -72.746 -73.026 -73.166 -73.163 -73.016 -72.729 -72.310 -71.769 -71.118 -70.369 -69.534 -68.627
 -69.850 -70.708 -71.478 -72.148 -72.704 -73.133 -73.425 -73.571 -73.567 -73.414 -73.115 -72.680 -72.118 -71.443 -70.668 -69.807 -68.871
 -70.119 -71.004 -71.801 -72.495 -73.073 -73.520 -73.824 -73.976 -73.972 -73.812 -73.501 -73.048 -72.464 -71.765 -70.963 -70.074 -69.111
 -70.382 -71.296 -72.120 -72.840 -73.440 -73.905 -74.222 -74.381 -74.377 -74.210 -73.886 -73.414 -72.808 -72.083 -71.254 -70.337 -69.344
 -70.641 -71.584 -72.436 -73.183 -73.806 -74.290 -74.620 -74.786 -74.782 -74.608 -74.270 -73.779 -73.150 -72.398 -71.541 -70.595 -69.573
 -70.895 -71.867 -72.749 -73.522 -74.169 -74.673 -75.018 -75.191 -75.187 -75.005 -74.653 -74.142 -73.488 -72.709 -71.824 -70.847 -69.796
 -71.143 -72.146 -73.057 -73.858 -74.531 -75.056 -75.415 -75.597 -75.592 -75.402 -75.035 -74.503 -73.824 -73.017 -72.101 -71.094 -70.013
 -71.385 -72.419 -73.361 -74.192 -74.890 -75.437 -75.812 -76.002 -75.997 -75.799 -75.415 -74.861 -74.156 -73.320 -72.374 -71.336 -70.224
 -71.622 -72.687 -73.661 -74.521 -75.248 -75.817 -76.209 -76.407 -76.403 -76.195 -75.795 -75.218 -74.485 -73.618 -72.641 -71.572 -70.428
 -71.852 -72.950 -73.955 -74.847 -75.602 -76.196 -76.606 -76.813 -76.808 -76.591 -76.173 -75.571 -74.810 -73.912 -72.903 -71.801 -70.626
 -72.076 -73.207 -74.245 -75.169 -75.954 -76.573 -77.001 -77.219 -77.214 -76.987 -76.549 -75.922 -75.131 -74.202 -73.159 -72.025 -70.818
 -72.294 -73.458 -74.530 -75.487 -76.303 -76.949 -77.397 -77.625 -77.619 -77.381 -76.924 -76.270 -75.448 -74.485 -73.409 -72.242 -71.002
 -72.504 -73.702 -74.809 -75.801 -76.649 -77.323 -77.792 -78.031 -78.025 -77.776 -77.297 -76.615 -75.761 -74.764 -73.653 -72.451 -71.180
 -72.708 -73.940 -75.082 -76.109 -76.991 -77.695 -78.186 -78.437 -78.431 -78.169 -77.668 -76.957 -76.068 -75.036 -73.890 -72.654 -71.350
 -72.904 -74.171 -75.349 -76.413 -77.330 -78.064 -78.579 -78.843 -78.837 -78.562 -78.037 -77.295 -76.371 -75.302 -74.120 -72.850 -71.513
 -73.092 -74.394 -75.610 -76.711 -77.664 -78.432 -78.972 -79.249 -79.243 -78.954 -78.404 -77.628 -76.668 -75.562 -74.343 -73.038 -71.667
 -73.272 -74.610 -75.863 -77.003 -77.995 -78.796 -79.363 -79.656 -79.649 -79.345 -78.768 -77.958 -76.959 -75.815 -74.558 -73.218 -71.814
 -73.444 -74.818 -76.109 -77.289 -78.320 -79.158 -79.754 -80.062 -80.056 -79.735 -79.129 -78.282 -77.244 -76.060 -74.766 -73.390 -71.953
 -73.608 -75.018 -76.347 -77.568 -78.640 -79.517 -80.143 -80.469 -80.462 -80.124 -79.486 -78.601 -77.522 -76.298 -74.965 -73.553 -72.083
 -73.762 -75.209 -76.577 -77.839 -78.954 -79.872 -80.531 -80.876 -80.869 -80.511 -79.840 -78.915 -77.793 -76.527 -75.156 -73.708 -72.205
 -73.908 -75.390 -76.799 -78.103 -79.262 -80.222 -80.918 -81.283 -81.275 -80.897 -80.190 -79.222 -78.057 -76.748 -75.337 -73.853 -72.317
 -74.044 -75.563 -77.011 -78.358 -79.564 -80.569 -81.302 -81.690 -81.682 -81.281 -80.536 -79.522 -78.311 -76.960 -75.510 -73.990 -72.421
 -74.170 -75.725 -77.213 -78.605 -79.857 -80.910 -81.684 -82.096 -82.089 -81.662 -80.876 -79.815 -78.557 -77.162 -75.672 -74.117 -72.516
 -74.287 -75.877 -77.405 -78.842 -80.143 -81.246 -82.064 -82.503 -82.495 -82.041 -81.211 -80.100 -78.794 -77.354 -75.825 -74.234 -72.601
