  -59.848  -59.740  -59.630  -59.518  -59.404  -59.289  -59.173  -59.056  -58.939  -58.823  -58.707  -58.593  -58.480  -58.369  -58.261  -58.155  -58.053
  -60.120  -59.977  -59.832  -59.683  -59.532  -59.379  -59.224  -59.069  -58.914  -58.759  -58.605  -58.453  -58.302  -58.154  -58.009  -57.868  -57.731
  -60.400  -60.222  -60.040  -59.853  -59.664  -59.472  -59.279  -59.084  -58.889  -58.695  -58.501  -58.310  -58.121  -57.935  -57.754  -57.577  -57.405
  -60.687  -60.473  -60.253  -60.029  -59.800  -59.569  -59.336  -59.101  -58.866  -58.631  -58.398  -58.167  -57.939  -57.715  -57.496  -57.283  -57.076
  -60.979  -60.729  -60.471  -60.208  -59.940  -59.668  -59.394  -59.119  -58.842  -58.567  -58.293  -58.021  -57.754  -57.491  -57.234  -56.984  -56.742
  -61.278  -60.990  -60.694  -60.391  -60.083  -59.770  -59.455  -59.137  -58.819  -58.501  -58.186  -57.874  -57.566  -57.264  -56.968  -56.681  -56.403
  -61.582  -61.256  -60.921  -60.578  -60.229  -59.875  -59.517  -59.156  -58.795  -58.435  -58.077  -57.723  -57.374  -57.032  -56.698  -56.373  -56.058
  -61.892  -61.528  -61.153  -60.770  -60.378  -59.981  -59.580  -59.176  -58.772  -58.368  -57.967  -57.570  -57.179  -56.796  -56.422  -56.059  -55.708
  -62.208  -61.805  -61.390  -60.965  -60.531  -60.090  -59.645  -59.197  -58.748  -58.299  -57.854  -57.414  -56.981  -56.556  -56.141  -55.739  -55.351
  -62.530  -62.088  -61.632  -61.164  -60.687  -60.202  -59.711  -59.218  -58.723  -58.229  -57.739  -57.255  -56.778  -56.311  -55.855  -55.414  -54.988
  -62.859  -62.377  -61.879  -61.368  -60.846  -60.316  -59.780  -59.239  -58.698  -58.158  -57.622  -57.092  -56.571  -56.061  -55.564  -55.082  -54.618
  -63.149  -62.632  -62.098  -61.550  -60.990  -60.420  -59.843  -59.263  -58.681  -58.100  -57.524  -56.955  -56.395  -55.848  -55.315  -54.799  -54.303
  -63.425  -62.876  -62.308  -61.725  -61.128  -60.521  -59.907  -59.288  -58.668  -58.049  -57.435  -56.828  -56.233  -55.650  -55.084  -54.536  -54.009
  -63.695  -63.115  -62.515  -61.897  -61.265  -60.622  -59.971  -59.314  -58.657  -58.001  -57.350  -56.707  -56.076  -55.460  -54.861  -54.283  -53.727
  -63.959  -63.349  -62.717  -62.067  -61.401  -60.722  -60.035  -59.342  -58.648  -57.955  -57.269  -56.591  -55.926  -55.277  -54.647  -54.039  -53.456
  -64.250  -63.607  -62.939  -62.252  -61.547  -60.829  -60.101  -59.368  -58.632  -57.899  -57.172  -56.454  -55.751  -55.065  -54.400  -53.758  -53.144
  -64.598  -63.913  -63.202  -62.468  -61.716  -60.950  -60.172  -59.388  -58.603  -57.819  -57.042  -56.276  -55.525  -54.794  -54.085  -53.402  -52.748
  -64.953  -64.226  -63.470  -62.690  -61.890  -61.073  -60.245  -59.410  -58.573  -57.738  -56.910  -56.095  -55.295  -54.517  -53.763  -53.038  -52.345
  -65.316  -64.546  -63.745  -62.918  -62.068  -61.201  -60.320  -59.433  -58.542  -57.655  -56.775  -55.909  -55.060  -54.235  -53.436  -52.668  -51.934
  -65.686  -64.873  -64.026  -63.151  -62.250  -61.331  -60.398  -59.456  -58.512  -57.570  -56.638  -55.719  -54.820  -53.946  -53.101  -52.290  -51.516
  -66.065  -65.208  -64.314  -63.389  -62.437  -61.465  -60.477  -59.480  -58.480  -57.484  -56.497  -55.525  -54.575  -53.651  -52.759  -51.904  -51.089
  -66.452  -65.550  -64.609  -63.634  -62.629  -61.602  -60.559  -59.505  -58.449  -57.395  -56.353  -55.326  -54.324  -53.350  -52.410  -51.511  -50.655
  -66.848  -65.901  -64.911  -63.884  -62.826  -61.744  -60.643  -59.531  -58.416  -57.305  -56.205  -55.123  -54.066  -53.041  -52.054  -51.109  -50.211
  -67.253  -66.260  -65.221  -64.141  -63.028  -61.889  -60.729  -59.558  -58.383  -57.212  -56.053  -54.915  -53.803  -52.726  -51.689  -50.698  -49.758
  -67.667  -66.627  -65.538  -64.405  -63.236  -62.038  -60.818  -59.586  -58.349  -57.117  -55.898  -54.701  -53.533  -52.403  -51.316  -50.278  -49.296
  -68.090  -67.003  -65.863  -64.676  -63.449  -62.191  -60.909  -59.614  -58.314  -57.019  -55.739  -54.482  -53.257  -52.072  -50.934  -49.850  -48.824
  -68.523  -67.388  -66.196  -64.953  -63.668  -62.348  -61.003  -59.643  -58.279  -56.919  -55.575  -54.257  -52.973  -51.733  -50.543  -49.411  -48.342
  -68.966  -67.783  -66.538  -65.239  -63.893  -62.510  -61.100  -59.674  -58.242  -56.816  -55.407  -54.026  -52.682  -51.385  -50.143  -48.963  -47.850
  -69.420  -68.188  -66.889  -65.532  -64.124  -62.677  -61.200  -59.705  -58.205  -56.711  -55.235  -53.789  -52.384  -51.029  -49.733  -48.504  -47.348
  -69.885  -68.603  -67.249  -65.833  -64.362  -62.848  -61.303  -59.738  -58.166  -56.602  -55.057  -53.545  -52.077  -50.663  -49.313  -48.035  -46.834
  -70.360  -69.028  -67.619  -66.142  -64.607  -63.025  -61.409  -59.771  -58.127  -56.490  -54.875  -53.295  -51.762  -50.288  -48.883  -47.554  -46.309
  -70.847  -69.464  -67.999  -66.461  -64.859  -63.207  -61.518  -59.806  -58.086  -56.375  -54.687  -53.037  -51.438  -49.903  -48.441  -47.062  -45.773
  -71.347  -69.912  -68.390  -66.788  -65.119  -63.395  -61.631  -59.842  -58.045  -56.256  -54.494  -52.772  -51.105  -49.507  -47.989  -46.559  -45.224
  -71.858  -70.372  -68.791  -67.125  -65.387  -63.589  -61.747  -59.879  -58.002  -56.134  -54.294  -52.499  -50.763  -49.101  -47.525  -46.043  -44.663
  -72.382  -70.844  -69.204  -67.473  -65.663  -63.788  -61.867  -59.917  -57.957  -56.008  -54.089  -52.217  -50.411  -48.684  -47.048  -45.514  -44.089
  -72.920  -71.328  -69.628  -67.830  -65.947  -63.995  -61.991  -59.957  -57.912  -55.878  -53.877  -51.927  -50.048  -48.254  -46.559  -44.973  -43.503
  -73.471  -71.826  -70.065  -68.199  -66.241  -64.208  -62.120  -59.998  -57.865  -55.744  -53.658  -51.628  -49.674  -47.813  -46.057  -44.418  -42.902
  -74.036  -72.337  -70.515  -68.579  -66.544  -64.428  -62.253  -60.040  -57.816  -55.605  -53.432  -51.319  -49.289  -47.358  -45.541  -43.849  -42.288
  -74.616  -72.863  -70.978  -68.971  -66.857  -64.656  -62.390  -60.085  -57.766  -55.461  -53.198  -51.001  -48.892  -46.890  -45.011  -43.265  -41.659
  -75.211  -73.404  -71.455  -69.375  -67.181  -64.892  -62.533  -60.130  -57.714  -55.313  -52.956  -50.672  -48.482  -46.409  -44.466  -42.666  -41.016
  -75.821  -73.960  -71.946  -69.793  -67.516  -65.136  -62.681  -60.178  -57.660  -55.159  -52.706  -50.331  -48.060  -45.913  -43.906  -42.052  -40.358
  -76.448  -74.532  -72.453  -70.224  -67.862  -65.390  -62.834  -60.228  -57.604  -54.999  -52.447  -49.980  -47.623  -45.401  -43.331  -41.423  -39.684
  -77.091  -75.120  -72.976  -70.670  -68.221  -65.652  -62.993  -60.279  -57.547  -54.834  -52.179  -49.615  -47.173  -44.874  -42.738  -40.776  -38.994
  -77.751  -75.726  -73.515  -71.131  -68.592  -65.924  -63.159  -60.333  -57.487  -54.663  -51.901  -49.238  -46.707  -44.331  -42.129  -40.113  -38.288
  -78.430  -76.350  -74.072  -71.608  -68.978  -66.207  -63.331  -60.388  -57.424  -54.484  -51.612  -48.848  -46.225  -43.770  -41.502  -39.432  -37.565
  -79.126  -76.992  -74.647  -72.102  -69.377  -66.501  -63.510  -60.446  -57.360  -54.299  -51.312  -48.443  -45.726  -43.191  -40.856  -38.733  -36.825
  -79.841  -77.653  -75.240  -72.613  -69.792  -66.807  -63.696  -60.507  -57.293  -54.106  -51.001  -48.023  -45.211  -42.594  -40.191  -38.015  -36.067
  -80.576  -78.335  -75.854  -73.143  -70.223  -67.124  -63.890  -60.570  -57.223  -53.906  -50.677  -47.587  -44.676  -41.976  -39.507  -37.278  -35.291
  -81.331  -79.037  -76.488  -73.692  -70.670  -67.456  -64.093  -60.637  -57.150  -53.697  -50.340  -47.134  -44.122  -41.338  -38.801  -36.521  -34.496
  -82.106  -79.761  -77.144  -74.262  -71.136  -67.801  -64.304  -60.706  -57.073  -53.478  -49.988  -46.663  -43.548  -40.679  -38.075  -35.743  -33.683
  -82.903  -80.508  -77.822  -74.853  -71.621  -68.161  -64.525  -60.778  -56.994  -53.251  -49.622  -46.173  -42.953  -39.997  -37.326  -34.944  -32.850
  -83.722  -81.277  -78.524  -75.466  -72.125  -68.537  -64.757  -60.854  -56.911  -53.012  -49.240  -45.663  -42.335  -39.292  -36.554  -34.124  -31.998
  -84.563  -82.071  -79.250  -76.104  -72.651  -68.930  -64.999  -60.934  -56.824  -52.763  -48.840  -45.131  -41.693  -38.562  -35.758  -33.281  -31.125
  -85.428  -82.890  -80.003  -76.767  -73.200  -69.342  -65.253  -61.017  -56.733  -52.502  -48.423  -44.577  -41.026  -37.807  -34.937  -32.416  -30.232
  -86.316  -83.734  -80.782  -77.456  -73.773  -69.772  -65.520  -61.105  -56.637  -52.228  -47.986  -44.000  -40.333  -37.025  -34.091  -31.527  -29.319
  -87.228  -84.606  -81.589  -78.173  -74.371  -70.224  -65.800  -61.198  -56.536  -51.941  -47.528  -43.396  -39.612  -36.215  -33.218  -30.614  -28.384
  -88.165  -85.505  -82.426  -78.920  -74.997  -70.697  -66.095  -61.296  -56.431  -51.638  -47.048  -42.765  -38.862  -35.376  -32.318  -29.677  -27.428
  -89.128  -86.433  -83.294  -79.698  -75.652  -71.195  -66.406  -61.399  -56.319  -51.320  -46.544  -42.106  -38.080  -34.506  -31.389  -28.714  -26.451
  -90.117  -87.390  -84.194  -80.509  -76.337  -71.718  -66.733  -61.508  -56.202  -50.984  -46.014  -41.415  -37.266  -33.604  -30.431  -27.725  -25.451
  -91.132  -88.377  -85.127  -81.354  -77.056  -72.269  -67.080  -61.624  -56.077  -50.630  -45.457  -40.692  -36.418  -32.670  -29.443  -26.711  -24.430
  -92.174  -89.396  -86.095  -82.236  -77.810  -72.850  -67.446  -61.747  -55.946  -50.256  -44.870  -39.933  -35.533  -31.700  -28.424  -25.670  -23.387
  -93.244  -90.447  -87.100  -83.156  -78.601  -73.463  -67.835  -61.877  -55.806  -49.859  -44.250  -39.138  -34.610  -30.695  -27.374  -24.601  -22.321
  -94.341  -91.532  -88.142  -84.117  -79.433  -74.111  -68.247  -62.016  -55.658  -49.438  -43.596  -38.302  -33.647  -29.652  -26.290  -23.506  -21.234
  -95.466  -92.650  -89.223  -85.122  -80.308  -74.797  -68.686  -62.164  -55.500  -48.991  -42.903  -37.423  -32.641  -28.571  -25.173  -22.383  -20.125
  -96.619  -93.802  -90.345  -86.171  -81.228  -75.524  -69.154  -62.323  -55.331  -48.515  -42.170  -36.498  -31.590  -27.449  -24.022  -21.232  -18.993
  -97.801  -94.990  -91.510  -87.268  -82.198  -76.295  -69.653  -62.492  -55.150  -48.007  -41.393  -35.525  -30.492  -26.285  -22.836  -20.053  -17.840
  -99.011  -96.214  -92.718  -88.415  -83.221  -77.115  -70.186  -62.675  -54.957  -47.464  -40.567  -34.499  -29.345  -25.078  -21.615  -18.846  -16.666
 -100.249  -97.475  -93.971  -89.615  -84.301  -77.988  -70.759  -62.871  -54.749  -46.882  -39.688  -33.417  -28.145  -23.827  -20.357  -17.611  -15.470
 -101.515  -98.772  -95.271  -90.870  -85.441  -78.918  -71.374  -63.084  -54.524  -46.257  -38.752  -32.275  -26.890  -22.529  -19.063  -16.348  -14.254
 -102.810 -100.107  -96.619  -92.183  -86.646  -79.912  -72.036  -63.314  -54.282  -45.585  -37.753  -31.068  -25.578  -21.185  -17.732  -15.058  -13.018
 -104.132 -101.478  -98.015  -93.557  -87.920  -80.974  -72.752  -63.564  -54.019  -44.859  -36.685  -29.793  -24.206  -19.792  -16.364  -13.740  -11.762
 -105.480 -102.888  -99.461  -94.994  -89.268  -82.112  -73.527  -63.836  -53.732  -44.074  -35.541  -28.444  -22.771  -18.350  -14.960  -12.396  -10.488
 -106.855 -104.334 -100.958  -96.497  -90.696  -83.334  -74.369  -64.135  -53.419  -43.221  -34.315  -27.016  -21.272  -16.858  -13.519  -11.026   -9.196
 -108.256 -105.817 -102.506  -98.069  -92.209  -84.647  -75.287  -64.463  -53.074  -42.293  -32.998  -25.505  -19.704  -15.315  -12.041   -9.630   -7.887
 -109.681 -107.336 -104.105  -99.711  -93.811  -86.061  -76.290  -64.825  -52.695  -41.279  -31.581  -23.904  -18.067  -13.722  -10.528   -8.211   -6.562
 -111.129 -108.890 -105.756 -101.425  -95.510  -87.585  -77.390  -65.228  -52.274  -40.168  -30.055  -22.209  -16.358  -12.077   -8.980   -6.768   -5.222
