  151.340  157.223  162.814  168.199  173.437  178.571 -176.367 -171.349 -166.350 -161.349 -156.323 -151.248 -146.096 -140.833 -135.418 -129.790 -123.862
  160.578  164.895  169.136  173.319  177.458 -178.435 -174.352 -170.283 -166.220 -162.156 -158.084 -153.995 -149.881 -145.732 -141.537 -137.282 -132.949
  163.975  167.782  171.556  175.304  179.032 -177.255 -173.552 -169.857 -166.164 -162.470 -158.772 -155.067 -151.349 -147.615 -143.860 -140.077 -136.261
  165.466  169.059  172.633  176.192  179.740 -176.721 -173.189 -169.660 -166.133 -162.605 -159.075 -155.540 -151.998 -148.446 -144.882 -141.301 -137.702
  166.277  169.756  173.223  176.680 -179.870 -176.426 -172.987 -169.549 -166.113 -162.676 -159.237 -155.796 -152.349 -148.896 -145.435 -141.963 -138.479
  166.774  170.184  173.585  176.980 -179.630 -176.244 -172.861 -169.479 -166.098 -162.717 -159.335 -155.950 -152.562 -149.170 -145.771 -142.366 -138.951
  167.102  170.467  173.826  177.180 -179.470 -176.122 -172.776 -169.432 -166.088 -162.743 -159.398 -156.051 -152.702 -149.349 -145.992 -142.629 -139.260
  167.330  170.664  173.993  177.319 -179.358 -176.036 -172.717 -169.398 -166.079 -162.761 -159.441 -156.120 -152.798 -149.472 -146.144 -142.811 -139.474
  167.495  170.807  174.115  177.421 -179.276 -175.974 -172.673 -169.373 -166.073 -162.773 -159.472 -156.170 -152.866 -149.561 -146.253 -142.942 -139.628
  167.619  170.914  174.206  177.497 -179.215 -175.927 -172.640 -169.354 -166.067 -162.781 -159.494 -156.206 -152.917 -149.626 -146.334 -143.039 -139.741
  167.713  170.995  174.276  177.555 -179.168 -175.891 -172.614 -169.339 -166.063 -162.787 -159.510 -156.233 -152.955 -149.676 -146.395 -143.112 -139.827
  167.346  170.680  174.010  177.337 -179.339 -176.018 -172.698 -169.379 -166.060 -162.741 -159.421 -156.100 -152.778 -149.453 -146.124 -142.792 -139.455
  166.745  170.165  173.576  176.981 -179.621 -176.227 -172.836 -169.446 -166.058 -162.669 -159.280 -155.888 -152.492 -149.092 -145.686 -142.273 -138.850
  166.014  169.540  173.050  176.548 -179.962 -176.480 -173.003 -169.529 -166.057 -162.584 -159.109 -155.631 -152.148 -148.657 -145.157 -141.644 -138.116
  165.169  168.817  172.443  176.051  179.645 -176.772 -173.196 -169.624 -166.055 -162.486 -158.915 -155.338 -151.753 -148.157 -144.547 -140.919 -137.269
  164.822  168.521  172.195  175.848  179.485 -176.890 -173.273 -169.662 -166.054 -162.445 -158.833 -155.216 -151.589 -147.951 -144.296 -140.620 -136.918
  165.315  168.943  172.549  176.139  179.715 -176.718 -173.158 -169.603 -166.051 -162.498 -158.942 -155.382 -151.814 -148.236 -144.644 -141.036 -137.406
  165.716  169.285  172.837  176.376  179.903 -176.578 -173.065 -169.555 -166.048 -162.540 -159.031 -155.517 -151.997 -148.468 -144.928 -141.374 -137.802
  166.046  169.568  173.076  176.572 -179.942 -176.462 -172.987 -169.516 -166.046 -162.576 -159.104 -155.628 -152.148 -148.660 -145.163 -141.653 -138.129
  166.322  169.805  173.275  176.736 -179.811 -176.365 -172.922 -169.482 -166.044 -162.605 -159.165 -155.722 -152.274 -148.820 -145.358 -141.886 -138.402
  166.555  170.005  173.444  176.875 -179.701 -176.282 -172.867 -169.454 -166.042 -162.630 -159.216 -155.800 -152.381 -148.956 -145.524 -142.083 -138.632
  166.749  170.171  173.584  176.990 -179.610 -176.214 -172.821 -169.430 -166.040 -162.650 -159.259 -155.866 -152.469 -149.068 -145.661 -142.246 -138.823
  166.919  170.317  173.708  177.092 -179.529 -176.153 -172.780 -169.409 -166.039 -162.668 -159.297 -155.924 -152.547 -149.167 -145.782 -142.390 -138.990
  167.066  170.444  173.815  177.180 -179.459 -176.101 -172.745 -169.391 -166.038 -162.684 -159.330 -155.973 -152.615 -149.253 -145.886 -142.514 -139.135
  167.194  170.554  173.908  177.257 -179.398 -176.055 -172.715 -169.375 -166.036 -162.697 -159.358 -156.017 -152.673 -149.327 -145.977 -142.622 -139.261
  167.306  170.650  173.989  177.323 -179.345 -176.015 -172.688 -169.361 -166.035 -162.709 -159.382 -156.054 -152.724 -149.392 -146.056 -142.716 -139.371
  167.404  170.734  174.060  177.382 -179.298 -175.980 -172.664 -169.349 -166.034 -162.719 -159.404 -156.087 -152.769 -149.448 -146.125 -142.798 -139.467
  167.489  170.808  174.122  177.434 -179.257 -175.950 -172.644 -169.338 -166.033 -162.728 -159.423 -156.116 -152.808 -149.498 -146.186 -142.870 -139.551
  167.565  170.873  174.177  177.479 -179.221 -175.923 -172.625 -169.329 -166.032 -162.736 -159.439 -156.142 -152.843 -149.542 -146.239 -142.934 -139.625
  167.632  170.930  174.226  177.519 -179.189 -175.899 -172.609 -169.320 -166.032 -162.743 -159.454 -156.164 -152.873 -149.581 -146.286 -142.990 -139.690
  167.691  170.981  174.269  177.555 -179.161 -175.877 -172.595 -169.313 -166.031 -162.749 -159.467 -156.184 -152.900 -149.615 -146.328 -143.039 -139.748
  167.743  171.026  174.307  177.586 -179.136 -175.858 -172.582 -169.306 -166.030 -162.754 -159.478 -156.201 -152.924 -149.645 -146.365 -143.083 -139.799
  167.790  171.066  174.341  177.614 -179.113 -175.842 -172.571 -169.300 -166.029 -162.759 -159.488 -156.217 -152.945 -149.672 -146.397 -143.122 -139.844
  167.830  171.101  174.371  177.639 -179.094 -175.827 -172.561 -169.295 -166.029 -162.763 -159.497 -156.230 -152.963 -149.695 -146.426 -143.156 -139.884
  167.867  171.132  174.397  177.661 -179.076 -175.814 -172.552 -169.290 -166.028 -162.766 -159.504 -156.242 -152.979 -149.716 -146.451 -143.186 -139.919
  167.899  171.160  174.420  177.680 -179.061 -175.802 -172.544 -169.286 -166.028 -162.770 -159.511 -156.253 -152.994 -149.734 -146.474 -143.212 -139.950
  167.927  171.184  174.441  177.697 -179.047 -175.792 -172.537 -169.282 -166.027 -162.772 -159.517 -156.262 -153.006 -149.750 -146.493 -143.236 -139.977
  167.951  171.205  174.459  177.712 -179.035 -175.783 -172.531 -169.279 -166.027 -162.775 -159.522 -156.270 -153.017 -149.764 -146.510 -143.256 -140.001
  167.973  171.224  174.475  177.725 -179.025 -175.775 -172.525 -169.276 -166.026 -162.776 -159.527 -156.277 -153.027 -149.776 -146.525 -143.273 -140.021
  167.991  171.240  174.488  177.736 -179.016 -175.768 -172.521 -169.273 -166.026 -162.778 -159.530 -156.283 -153.035 -149.786 -146.538 -143.289 -140.039
  168.007  171.254  174.500  177.746 -179.008 -175.762 -172.517 -169.271 -166.025 -162.780 -159.534 -156.288 -153.042 -149.795 -146.549 -143.302 -140.054
  168.020  171.265  174.510  177.754 -179.002 -175.757 -172.513 -169.269 -166.025 -162.781 -159.536 -156.292 -153.047 -149.803 -146.558 -143.312 -140.067
  168.032  171.275  174.518  177.761 -178.996 -175.753 -172.510 -169.267 -166.024 -162.782 -159.538 -156.295 -153.052 -149.809 -146.565 -143.321 -140.077
  168.041  171.283  174.525  177.767 -178.992 -175.750 -172.508 -169.266 -166.024 -162.782 -159.540 -156.298 -153.056 -149.814 -146.571 -143.329 -140.086
  168.048  171.289  174.530  177.771 -178.988 -175.747 -172.506 -169.265 -166.024 -162.783 -159.541 -156.300 -153.059 -149.817 -146.576 -143.334 -140.093
  168.054  171.294  174.534  177.775 -178.985 -175.745 -172.504 -169.264 -166.023 -162.783 -159.542 -156.302 -153.061 -149.820 -146.579 -143.338 -140.097
  168.057  171.297  174.537  177.777 -178.983 -175.743 -172.503 -169.263 -166.023 -162.783 -159.543 -156.303 -153.062 -149.822 -146.582 -143.341 -140.101
  168.060  171.299  174.539  177.778 -178.982 -175.742 -172.502 -169.263 -166.023 -162.783 -159.543 -156.303 -153.063 -149.823 -146.583 -143.343 -140.102
  168.060  171.300  174.539  177.779 -178.981 -175.742 -172.502 -169.262 -166.022 -162.783 -159.543 -156.303 -153.063 -149.823 -146.583 -143.343 -140.103
  168.060  171.299  174.539  177.779 -178.981 -175.742 -172.502 -169.262 -166.022 -162.782 -159.542 -156.302 -153.062 -149.822 -146.582 -143.342 -140.101
  168.058  171.298  174.538  177.778 -178.982 -175.742 -172.502 -169.262 -166.022 -162.782 -159.541 -156.301 -153.061 -149.821 -146.580 -143.340 -140.099
  168.055  171.295  174.536  177.776 -178.984 -175.743 -172.503 -169.262 -166.022 -162.781 -159.540 -156.300 -153.059 -149.818 -146.577 -143.336 -140.095
  168.050  171.292  174.533  177.774 -178.985 -175.744 -172.503 -169.262 -166.021 -162.780 -159.539 -156.298 -153.057 -149.815 -146.574 -143.332 -140.091
  168.045  171.287  174.529  177.770 -178.988 -175.746 -172.505 -169.263 -166.021 -162.779 -159.538 -156.296 -153.054 -149.812 -146.570 -143.327 -140.085
  168.039  171.281  174.524  177.767 -178.991 -175.748 -172.506 -169.263 -166.021 -162.778 -159.536 -156.293 -153.050 -149.807 -146.564 -143.321 -140.078
  168.031  171.275  174.519  177.762 -178.994 -175.751 -172.507 -169.264 -166.021 -162.777 -159.534 -156.290 -153.046 -149.803 -146.559 -143.314 -140.070
  168.023  171.268  174.513  177.757 -178.998 -175.754 -172.509 -169.265 -166.020 -162.776 -159.531 -156.287 -153.042 -149.797 -146.552 -143.307 -140.061
  168.013  171.260  174.506  177.752 -179.002 -175.757 -172.511 -169.266 -166.020 -162.775 -159.529 -156.283 -153.037 -149.791 -146.545 -143.298 -140.051
  168.003  171.251  174.498  177.746 -179.007 -175.760 -172.513 -169.267 -166.020 -162.773 -159.526 -156.279 -153.032 -149.785 -146.537 -143.289 -140.041
  167.992  171.241  174.490  177.739 -179.012 -175.764 -172.516 -169.268 -166.020 -162.772 -159.523 -156.275 -153.027 -149.778 -146.529 -143.279 -140.029
  167.980  171.231  174.482  177.732 -179.018 -175.768 -172.519 -169.269 -166.020 -162.770 -159.520 -156.271 -153.021 -149.770 -146.520 -143.268 -140.017
  167.967  171.220  174.472  177.724 -179.024 -175.773 -172.521 -169.270 -166.019 -162.768 -159.517 -156.266 -153.014 -149.762 -146.510 -143.257 -140.003
  167.953  171.208  174.463  177.716 -179.030 -175.777 -172.524 -169.272 -166.019 -162.767 -159.514 -156.261 -153.008 -149.754 -146.500 -143.245 -139.989
  167.939  171.196  174.452  177.708 -179.037 -175.782 -172.528 -169.273 -166.019 -162.765 -159.510 -156.255 -153.000 -149.745 -146.489 -143.232 -139.975
  167.924  171.183  174.441  177.699 -179.044 -175.787 -172.531 -169.275 -166.019 -162.763 -159.506 -156.250 -152.993 -149.736 -146.478 -143.219 -139.959
  167.908  171.169  174.430  177.689 -179.052 -175.793 -172.535 -169.277 -166.019 -162.761 -159.503 -156.244 -152.985 -149.726 -146.466 -143.205 -139.943
  167.891  171.155  174.418  177.680 -179.059 -175.799 -172.538 -169.278 -166.018 -162.759 -159.498 -156.238 -152.977 -149.716 -146.454 -143.190 -139.926
  167.874  171.140  174.405  177.669 -179.067 -175.805 -172.542 -169.280 -166.018 -162.756 -159.494 -156.232 -152.969 -149.705 -146.441 -143.175 -139.909
  167.856  171.125  174.392  177.659 -179.076 -175.811 -172.546 -169.282 -166.018 -162.754 -159.490 -156.225 -152.960 -149.694 -146.427 -143.160 -139.890
  167.837  171.109  174.379  177.647 -179.085 -175.817 -172.551 -169.284 -166.018 -162.752 -159.485 -156.218 -152.951 -149.683 -146.414 -143.143 -139.871
  167.818  171.092  174.365  177.636 -179.094 -175.824 -172.555 -169.286 -166.018 -162.749 -159.481 -156.211 -152.942 -149.671 -146.399 -143.126 -139.852
  167.798  171.075  174.350  177.624 -179.103 -175.831 -172.560 -169.289 -166.018 -162.747 -159.476 -156.204 -152.932 -149.659 -146.385 -143.109 -139.831
  167.777  171.057  174.335  177.612 -179.113 -175.838 -172.564 -169.291 -166.018 -162.744 -159.471 -156.197 -152.922 -149.646 -146.369 -143.091 -139.810
  167.756  171.039  174.320  177.599 -179.123 -175.846 -172.569 -169.293 -166.017 -162.742 -159.466 -156.189 -152.912 -149.633 -146.354 -143.072 -139.789
  167.734  171.020  174.304  177.586 -179.133 -175.853 -172.574 -169.296 -166.017 -162.739 -159.460 -156.181 -152.901 -149.620 -146.338 -143.053 -139.767
  167.711  171.001  174.288  177.573 -179.144 -175.861 -172.579 -169.298 -166.017 -162.736 -159.455 -156.173 -152.890 -149.606 -146.321 -143.034 -139.744
