 -89.178 -89.178 -89.179 -89.179 -89.179 -89.180 -89.180 -89.181 -89.181 -89.182 -89.182 -89.182 -89.183 -89.183 -89.184 -89.184 -89.185
 -88.673 -88.674 -88.674 -88.674 -88.674 -88.675 -88.675 -88.675 -88.676 -88.676 -88.677 -88.677 -88.677 -88.678 -88.678 -88.678 -88.679
 -88.191 -88.192 -88.192 -88.192 -88.192 -88.193 -88.193 -88.193 -88.194 -88.194 -88.194 -88.195 -88.195 -88.195 -88.196 -88.196 -88.196
 -87.740 -87.741 -87.741 -87.741 -87.741 -87.742 -87.742 -87.742 -87.743 -87.743 -87.743 -87.744 -87.744 -87.744 -87.744 -87.745 -87.745
 -87.305 -87.305 -87.305 -87.306 -87.306 -87.306 -87.306 -87.307 -87.307 -87.307 -87.308 -87.308 -87.308 -87.309 -87.309 -87.309 -87.309
 -86.878 -86.879 -86.879 -86.879 -86.879 -86.880 -86.880 -86.880 -86.880 -86.881 -86.881 -86.881 -86.882 -86.882 -86.882 -86.882 -86.883
 -86.457 -86.458 -86.458 -86.458 -86.458 -86.459 -86.459 -86.459 -86.459 -86.460 -86.460 -86.460 -86.461 -86.461 -86.461 -86.461 -86.462
 -86.040 -86.041 -86.041 -86.041 -86.041 -86.042 -86.042 -86.042 -86.042 -86.043 -86.043 -86.043 -86.044 -86.044 -86.044 -86.044 -86.045
 -85.626 -85.626 -85.626 -85.627 -85.627 -85.627 -85.627 -85.628 -85.628 -85.628 -85.629 -85.629 -85.629 -85.629 -85.630 -85.630 -85.630
 -85.214 -85.214 -85.214 -85.214 -85.215 -85.215 -85.215 -85.215 -85.216 -85.216 -85.216 -85.217 -85.217 -85.217 -85.217 -85.218 -85.218
 -84.803 -84.803 -84.803 -84.804 -84.804 -84.804 -84.804 -84.805 -84.805 -84.805 -84.805 -84.806 -84.806 -84.806 -84.807 -84.807 -84.807
 -84.525 -84.525 -84.525 -84.525 -84.526 -84.526 -84.526 -84.527 -84.527 -84.527 -84.527 -84.528 -84.528 -84.528 -84.529 -84.529 -84.529
 -84.314 -84.314 -84.314 -84.315 -84.315 -84.315 -84.315 -84.316 -84.316 -84.316 -84.317 -84.317 -84.317 -84.317 -84.318 -84.318 -84.318
 -84.142 -84.142 -84.142 -84.143 -84.143 -84.143 -84.143 -84.144 -84.144 -84.144 -84.145 -84.145 -84.145 -84.146 -84.146 -84.146 -84.146
 -84.005 -84.005 -84.005 -84.006 -84.006 -84.006 -84.006 -84.007 -84.007 -84.007 -84.008 -84.008 -84.008 -84.009 -84.009 -84.009 -84.009
 -83.760 -83.761 -83.761 -83.761 -83.761 -83.762 -83.762 -83.762 -83.763 -83.763 -83.763 -83.764 -83.764 -83.764 -83.765 -83.765 -83.765
 -83.312 -83.313 -83.313 -83.313 -83.313 -83.314 -83.314 -83.314 -83.314 -83.315 -83.315 -83.315 -83.316 -83.316 -83.316 -83.317 -83.317
 -82.870 -82.871 -82.871 -82.871 -82.871 -82.872 -82.872 -82.872 -82.873 -82.873 -82.873 -82.874 -82.874 -82.874 -82.874 -82.875 -82.875
 -82.434 -82.434 -82.434 -82.434 -82.435 -82.435 -82.435 -82.436 -82.436 -82.436 -82.436 -82.437 -82.437 -82.437 -82.438 -82.438 -82.438
 -82.001 -82.002 -82.002 -82.002 -82.002 -82.003 -82.003 -82.003 -82.003 -82.004 -82.004 -82.004 -82.005 -82.005 -82.005 -82.006 -82.006
 -81.573 -81.573 -81.573 -81.573 -81.574 -81.574 -81.574 -81.574 -81.575 -81.575 -81.575 -81.576 -81.576 -81.576 -81.576 -81.577 -81.577
 -81.149 -81.149 -81.149 -81.150 -81.150 -81.150 -81.150 -81.151 -81.151 -81.151 -81.152 -81.152 -81.152 -81.153 -81.153 -81.153 -81.153
 -80.726 -80.726 -80.726 -80.727 -80.727 -80.727 -80.728 -80.728 -80.728 -80.728 -80.729 -80.729 -80.729 -80.730 -80.730 -80.730 -80.730
 -80.305 -80.306 -80.306 -80.306 -80.306 -80.307 -80.307 -80.307 -80.307 -80.308 -80.308 -80.308 -80.309 -80.309 -80.309 -80.309 -80.310
 -79.887 -79.887 -79.887 -79.887 -79.888 -79.888 -79.888 -79.888 -79.889 -79.889 -79.889 -79.890 -79.890 -79.890 -79.890 -79.891 -79.891
 -79.470 -79.470 -79.470 -79.470 -79.471 -79.471 -79.471 -79.471 -79.472 -79.472 -79.472 -79.473 -79.473 -79.473 -79.473 -79.474 -79.474
 -79.054 -79.054 -79.055 -79.055 -79.055 -79.055 -79.056 -79.056 -79.056 -79.057 -79.057 -79.057 -79.057 -79.058 -79.058 -79.058 -79.059
 -78.640 -78.640 -78.640 -78.641 -78.641 -78.641 -78.641 -78.642 -78.642 -78.642 -78.643 -78.643 -78.643 -78.643 -78.644 -78.644 -78.644
 -78.227 -78.227 -78.227 -78.228 -78.228 -78.228 -78.228 -78.229 -78.229 -78.229 -78.230 -78.230 -78.230 -78.230 -78.231 -78.231 -78.231
 -77.815 -77.815 -77.815 -77.816 -77.816 -77.816 -77.817 -77.817 -77.817 -77.817 -77.818 -77.818 -77.818 -77.818 -77.819 -77.819 -77.819
 -77.404 -77.404 -77.404 -77.405 -77.405 -77.405 -77.405 -77.406 -77.406 -77.406 -77.407 -77.407 -77.407 -77.407 -77.408 -77.408 -77.408
 -76.994 -76.994 -76.994 -76.994 -76.995 -76.995 -76.995 -76.995 -76.996 -76.996 -76.996 -76.997 -76.997 -76.997 -76.997 -76.998 -76.998
 -76.584 -76.584 -76.585 -76.585 -76.585 -76.585 -76.586 -76.586 -76.586 -76.586 -76.587 -76.587 -76.587 -76.588 -76.588 -76.588 -76.588
 -76.175 -76.175 -76.176 -76.176 -76.176 -76.176 -76.177 -76.177 -76.177 -76.177 -76.178 -76.178 -76.178 -76.179 -76.179 -76.179 -76.179
 -75.767 -75.767 -75.767 -75.768 -75.768 -75.768 -75.768 -75.769 -75.769 -75.769 -75.769 -75.770 -75.770 -75.770 -75.771 -75.771 -75.771
 -75.359 -75.359 -75.359 -75.360 -75.360 -75.360 -75.360 -75.361 -75.361 -75.361 -75.362 -75.362 -75.362 -75.362 -75.363 -75.363 -75.363
 -74.951 -74.952 -74.952 -74.952 -74.952 -74.953 -74.953 -74.953 -74.953 -74.954 -74.954 -74.954 -74.955 -74.955 -74.955 -74.955 -74.956
 -74.544 -74.545 -74.545 -74.545 -74.545 -74.546 -74.546 -74.546 -74.546 -74.547 -74.547 -74.547 -74.548 -74.548 -74.548 -74.548 -74.549
 -74.138 -74.138 -74.138 -74.138 -74.139 -74.139 -74.139 -74.139 -74.140 -74.140 -74.140 -74.141 -74.141 -74.141 -74.141 -74.142 -74.142
 -73.731 -73.731 -73.732 -73.732 -73.732 -73.732 -73.733 -73.733 -73.733 -73.734 -73.734 -73.734 -73.734 -73.735 -73.735 -73.735 -73.735
 -73.325 -73.325 -73.325 -73.326 -73.326 -73.326 -73.326 -73.327 -73.327 -73.327 -73.328 -73.328 -73.328 -73.328 -73.329 -73.329 -73.329
 -72.919 -72.919 -72.919 -72.920 -72.920 -72.920 -72.920 -72.921 -72.921 -72.921 -72.922 -72.922 -72.922 -72.922 -72.923 -72.923 -72.923
 -72.513 -72.513 -72.514 -72.514 -72.514 -72.514 -72.515 -72.515 -72.515 -72.516 -72.516 -72.516 -72.516 -72.517 -72.517 -72.517 -72.517
 -72.108 -72.108 -72.108 -72.108 -72.109 -72.109 -72.109 -72.109 -72.110 -72.110 -72.110 -72.110 -72.111 -72.111 -72.111 -72.112 -72.112
 -71.702 -71.702 -71.702 -71.703 -71.703 -71.703 -71.703 -71.704 -71.704 -71.704 -71.705 -71.705 -71.705 -71.705 -71.706 -71.706 -71.706
 -71.297 -71.297 -71.297 -71.297 -71.298 -71.298 -71.298 -71.298 -71.299 -71.299 -71.299 -71.299 -71.300 -71.300 -71.300 -71.301 -71.301
 -70.891 -70.891 -70.892 -70.892 -70.892 -70.892 -70.893 -70.893 -70.893 -70.893 -70.894 -70.894 -70.894 -70.895 -70.895 -70.895 -70.895
 -70.486 -70.486 -70.486 -70.487 -70.487 -70.487 -70.487 -70.488 -70.488 -70.488 -70.488 -70.489 -70.489 -70.489 -70.490 -70.490 -70.490
 -70.081 -70.081 -70.081 -70.081 -70.081 -70.082 -70.082 -70.082 -70.083 -70.083 -70.083 -70.083 -70.084 -70.084 -70.084 -70.085 -70.085
 -69.675 -69.675 -69.676 -69.676 -69.676 -69.676 -69.677 -69.677 -69.677 -69.678 -69.678 -69.678 -69.678 -69.679 -69.679 -69.679 -69.679
 -69.270 -69.270 -69.270 -69.271 -69.271 -69.271 -69.271 -69.272 -69.272 -69.272 -69.272 -69.273 -69.273 -69.273 -69.274 -69.274 -69.274
 -68.865 -68.865 -68.865 -68.865 -68.866 -68.866 -68.866 -68.866 -68.867 -68.867 -68.867 -68.867 -68.868 -68.868 -68.868 -68.869 -68.869
 -68.459 -68.459 -68.460 -68.460 -68.460 -68.460 -68.461 -68.461 -68.461 -68.461 -68.462 -68.462 -68.462 -68.463 -68.463 -68.463 -68.463
 -68.054 -68.054 -68.054 -68.054 -68.055 -68.055 -68.055 -68.055 -68.056 -68.056 -68.056 -68.057 -68.057 -68.057 -68.057 -68.058 -68.058
 -67.648 -67.648 -67.649 -67.649 -67.649 -67.649 -67.650 -67.650 -67.650 -67.650 -67.651 -67.651 -67.651 -67.652 -67.652 -67.652 -67.652
 -67.242 -67.243 -67.243 -67.243 -67.243 -67.244 -67.244 -67.244 -67.244 -67.245 -67.245 -67.245 -67.246 -67.246 -67.246 -67.246 -67.247
 -66.837 -66.837 -66.837 -66.837 -66.838 -66.838 -66.838 -66.838 -66.839 -66.839 -66.839 -66.840 -66.840 -66.840 -66.840 -66.841 -66.841
 -66.431 -66.431 -66.431 -66.431 -66.432 -66.432 -66.432 -66.432 -66.433 -66.433 -66.433 -66.434 -66.434 -66.434 -66.434 -66.435 -66.435
 -66.025 -66.025 -66.025 -66.025 -66.026 -66.026 -66.026 -66.026 -66.027 -66.027 -66.027 -66.028 -66.028 -66.028 -66.028 -66.029 -66.029
 -65.619 -65.619 -65.619 -65.619 -65.619 -65.620 -65.620 -65.620 -65.621 -65.621 -65.621 -65.621 -65.622 -65.622 -65.622 -65.623 -65.623
 -65.212 -65.212 -65.213 -65.213 -65.213 -65.213 -65.214 -65.214 -65.214 -65.214 -65.215 -65.215 -65.215 -65.216 -65.216 -65.216 -65.216
 -64.806 -64.806 -64.806 -64.806 -64.807 -64.807 -64.807 -64.807 -64.808 -64.808 -64.808 -64.808 -64.809 -64.809 -64.809 -64.810 -64.810
 -64.399 -64.399 -64.399 -64.400 -64.400 -64.400 -64.400 -64.401 -64.401 -64.401 -64.401 -64.402 -64.402 -64.402 -64.403 -64.403 -64.403
 -63.992 -63.992 -63.992 -63.993 -63.993 -63.993 -63.993 -63.994 -63.994 -63.994 -63.995 -63.995 -63.995 -63.995 -63.996 -63.996 -63.996
 -63.585 -63.585 -63.585 -63.586 -63.586 -63.586 -63.586 -63.587 -63.587 -63.587 -63.587 -63.588 -63.588 -63.588 -63.589 -63.589 -63.589
 -63.177 -63.178 -63.178 -63.178 -63.178 -63.179 -63.179 -63.179 -63.179 -63.180 -63.180 -63.180 -63.181 -63.181 -63.181 -63.181 -63.182
 -62.770 -62.770 -62.770 -62.771 -62.771 -62.771 -62.771 -62.772 -62.772 -62.772 -62.772 -62.773 -62.773 -62.773 -62.774 -62.774 -62.774
 -62.362 -62.362 -62.362 -62.363 -62.363 -62.363 -62.364 -62.364 -62.364 -62.364 -62.365 -62.365 -62.365 -62.365 -62.366 -62.366 -62.366
 -61.954 -61.954 -61.954 -61.955 -61.955 -61.955 -61.955 -61.956 -61.956 -61.956 -61.957 -61.957 -61.957 -61.957 -61.958 -61.958 -61.958
 -61.546 -61.546 -61.546 -61.546 -61.547 -61.547 -61.547 -61.547 -61.548 -61.548 -61.548 -61.548 -61.549 -61.549 -61.549 -61.550 -61.550
 -61.137 -61.137 -61.137 -61.138 -61.138 -61.138 -61.138 -61.139 -61.139 -61.139 -61.140 -61.140 -61.140 -61.140 -61.141 -61.141 -61.141
 -60.728 -60.728 -60.729 -60.729 -60.729 -60.729 -60.730 -60.730 -60.730 -60.730 -60.731 -60.731 -60.731 -60.732 -60.732 -60.732 -60.732
 -60.319 -60.319 -60.319 -60.320 -60.320 -60.320 -60.320 -60.321 -60.321 -60.321 -60.321 -60.322 -60.322 -60.322 -60.323 -60.323 -60.323
 -59.909 -59.910 -59.910 -59.910 -59.910 -59.911 -59.911 -59.911 -59.911 -59.912 -59.912 -59.912 -59.913 -59.913 -59.913 -59.913 -59.914
 -59.500 -59.500 -59.500 -59.500 -59.501 -59.501 -59.501 -59.501 -59.502 -59.502 -59.502 -59.502 -59.503 -59.503 -59.503 -59.504 -59.504
 -59.089 -59.090 -59.090 -59.090 -59.090 -59.091 -59.091 -59.091 -59.091 -59.092 -59.092 -59.092 -59.093 -59.093 -59.093 -59.093 -59.094
