  137.953  138.082  138.197  138.305  138.407  138.505  138.598  138.688  138.774  138.856  138.934  139.009  139.079  139.144  139.205  139.261  139.311  139.355  139.392  139.421  139.441  139.449  139.440
  138.082  138.213  138.341  138.467  138.589  138.709  138.825  138.938  139.048  139.154  139.256  139.353  139.446  139.534  139.617  139.694  139.765  139.830  139.888  139.939  139.982  140.016  140.042
  138.147  138.301  138.452  138.602  138.750  138.895  139.037  139.175  139.310  139.441  139.567  139.688  139.804  139.912  140.016  140.113  140.204  140.287  140.362  140.430  140.490  140.540  140.581
  138.175  138.355  138.533  138.710  138.885  139.056  139.225  139.390  139.551  139.706  139.857  140.002  140.140  140.272  140.397  140.514  140.622  140.723  140.815  140.898  140.971  141.035  141.088
  138.187  138.395  138.601  138.806  139.008  139.208  139.404  139.596  139.782  139.964  140.139  140.308  140.469  140.623  140.769  140.906  141.033  141.151  141.258  141.355  141.442  141.517  141.581
  138.192  138.428  138.663  138.896  139.127  139.354  139.578  139.797  140.010  140.217  140.418  140.611  140.795  140.971  141.137  141.293  141.439  141.574  141.697  141.809  141.907  141.994  142.068
  138.190  138.455  138.720  138.982  139.242  139.498  139.749  139.996  140.236  140.469  140.695  140.912  141.120  141.317  141.504  141.680  141.844  141.995  142.134  142.259  142.371  142.468  142.551
  138.186  138.480  138.774  139.066  139.355  139.640  139.920  140.194  140.462  140.721  140.972  141.213  141.444  141.664  141.871  142.066  142.248  142.416  142.570  142.709  142.833  142.941  143.032
  138.178  138.502  138.826  139.148  139.467  139.781  140.090  140.393  140.687  140.973  141.250  141.515  141.769  142.011  142.239  142.454  142.653  142.838  143.006  143.159  143.294  143.413  143.513
  138.168  138.523  138.877  139.230  139.578  139.923  140.261  140.591  140.914  141.227  141.529  141.819  142.096  142.360  142.609  142.842  143.060  143.260  143.444  143.609  143.756  143.885  143.994
  138.157  138.543  138.928  139.311  139.690  140.064  140.432  140.791  141.142  141.481  141.809  142.124  142.425  142.710  142.980  143.233  143.468  143.685  143.882  144.061  144.219  144.357  144.475
  138.072  138.488  138.903  139.315  139.723  140.125  140.520  140.905  141.281  141.645  141.996  142.332  142.653  142.958  143.245  143.514  143.764  143.993  144.202  144.390  144.556  144.701  144.822
  137.942  138.389  138.833  139.275  139.711  140.141  140.562  140.973  141.373  141.761  142.134  142.491  142.832  143.154  143.458  143.742  144.004  144.245  144.464  144.659  144.831  144.979  145.102
  137.781  138.259  138.734  139.205  139.671  140.128  140.576  141.013  141.438  141.848  142.243  142.621  142.981  143.321  143.640  143.938  144.213  144.464  144.691  144.893  145.069  145.219  145.342
  137.591  138.102  138.609  139.110  139.605  140.090  140.565  141.028  141.477  141.911  142.327  142.725  143.103  143.460  143.795  144.106  144.392  144.653  144.887  145.094  145.273  145.423  145.544
  137.477  138.020  138.558  139.090  139.614  140.128  140.631  141.121  141.595  142.053  142.492  142.912  143.310  143.685  144.036  144.362  144.662  144.934  145.178  145.393  145.578  145.731  145.853
  137.513  138.085  138.653  139.214  139.768  140.312  140.843  141.361  141.863  142.348  142.812  143.256  143.677  144.074  144.445  144.790  145.107  145.395  145.653  145.881  146.077  146.241  146.372
  137.543  138.144  138.742  139.334  139.918  140.492  141.053  141.600  142.130  142.641  143.131  143.599  144.043  144.462  144.853  145.217  145.550  145.854  146.126  146.366  146.574  146.747  146.887
  137.566  138.199  138.828  139.451  140.066  140.670  141.261  141.837  142.395  142.933  143.449  143.942  144.409  144.849  145.261  145.642  145.993  146.312  146.597  146.850  147.068  147.250  147.398
  137.586  138.250  138.911  139.565  140.212  140.847  141.468  142.074  142.660  143.225  143.768  144.285  144.775  145.237  145.668  146.068  146.435  146.769  147.068  147.332  147.560  147.752  147.906
  137.601  138.297  138.990  139.678  140.356  141.023  141.675  142.310  142.925  143.518  144.087  144.628  145.142  145.625  146.076  146.494  146.878  147.226  147.538  147.813  148.051  148.251  148.413
  137.613  138.342  139.068  139.788  140.499  141.198  141.881  142.547  143.191  143.812  144.407  144.973  145.510  146.014  146.485  146.921  147.321  147.684  148.009  148.295  148.542  148.750  148.918
  137.622  138.385  139.144  139.898  140.642  141.373  142.088  142.784  143.458  144.106  144.728  145.319  145.879  146.405  146.896  147.350  147.765  148.142  148.480  148.777  149.033  149.248  149.422
  137.628  138.425  139.219  140.006  140.784  141.548  142.295  143.022  143.726  144.403  145.051  145.667  146.250  146.798  147.308  147.779  148.211  148.602  148.952  149.259  149.524  149.746  149.926
  137.632  138.464  139.292  140.115  140.926  141.724  142.503  143.262  143.995  144.701  145.376  146.017  146.624  147.192  147.722  148.211  148.659  149.063  149.425  149.742  150.015  150.244  150.429
  137.634  138.501  139.365  140.222  141.069  141.900  142.713  143.502  144.266  145.001  145.703  146.370  146.999  147.589  148.138  148.645  149.108  149.526  149.899  150.226  150.507  150.743  150.932
  137.633  138.536  139.436  140.330  141.211  142.077  142.923  143.745  144.539  145.303  146.032  146.724  147.377  147.989  148.557  149.081  149.559  149.990  150.375  150.711  151.000  151.241  151.435
  137.631  138.571  139.507  140.437  141.354  142.255  143.135  143.989  144.815  145.607  146.364  147.082  147.758  148.391  148.978  149.519  150.012  150.457  150.852  151.198  151.494  151.741  151.938
  137.627  138.604  139.578  140.544  141.498  142.435  143.349  144.236  145.093  145.915  146.699  147.442  148.142  148.796  149.402  149.960  150.468  150.925  151.331  151.686  151.989  152.241  152.442
  137.621  138.636  139.648  140.652  141.643  142.615  143.564  144.485  145.373  146.224  147.036  147.805  148.528  149.204  149.829  150.404  150.926  151.396  151.812  152.175  152.485  152.742  152.946
  137.614  138.667  139.718  140.760  141.789  142.797  143.781  144.736  145.656  146.537  147.377  148.171  148.918  149.614  150.259  150.850  151.387  151.869  152.295  152.666  152.982  153.244  153.451
  137.605  138.697  139.787  140.869  141.935  142.981  144.001  144.989  145.941  146.853  147.721  148.541  149.311  150.029  150.692  151.299  151.850  152.344  152.780  153.159  153.481  153.746  153.956
  137.594  138.727  139.857  140.978  142.083  143.166  144.222  145.245  146.230  147.172  148.068  148.914  149.708  150.446  151.128  151.751  152.316  152.821  153.267  153.654  153.981  154.250  154.462
  137.582  138.755  139.926  141.087  142.232  143.354  144.446  145.504  146.522  147.495  148.419  149.291  150.108  150.867  151.567  152.207  152.785  153.301  153.756  154.150  154.483  154.755  154.968
  137.568  138.783  139.995  141.197  142.382  143.543  144.673  145.766  146.817  147.821  148.773  149.671  150.511  151.291  152.010  152.665  153.257  153.784  154.248  154.648  154.986  155.261  155.476
  137.553  138.810  140.065  141.308  142.534  143.734  144.902  146.031  147.115  148.150  149.131  150.055  150.919  151.719  152.456  153.126  153.731  154.269  154.742  155.148  155.490  155.768  155.984
  137.536  138.837  140.134  141.420  142.687  143.927  145.133  146.299  147.417  148.483  149.493  150.443  151.330  152.151  152.905  153.591  154.209  154.757  155.238  155.650  155.996  156.277  156.493
  137.518  138.862  140.204  141.533  142.842  144.123  145.368  146.570  147.722  148.821  149.859  150.835  151.745  152.587  153.359  154.060  154.689  155.248  155.736  156.154  156.504  156.786  157.003
  137.498  138.887  140.273  141.647  142.999  144.321  145.605  146.844  148.032  149.162  150.230  151.232  152.165  153.026  153.816  154.531  155.173  155.741  156.237  156.660  157.013  157.297  157.513
  137.477  138.912  140.343  141.762  143.158  144.522  145.846  147.122  148.345  149.507  150.604  151.632  152.588  153.470  154.276  155.006  155.660  156.238  156.740  157.168  157.524  157.809  158.025
  137.454  138.935  140.413  141.878  143.318  144.725  146.090  147.404  148.662  149.856  150.982  152.037  153.016  153.918  154.741  155.485  156.150  156.737  157.246  157.678  158.037  158.322  158.537
  137.429  138.958  140.484  141.995  143.480  144.931  146.337  147.690  148.983  150.210  151.366  152.446  153.448  154.369  155.209  155.967  156.644  157.239  157.754  158.191  158.551  158.837  159.050
  137.403  138.981  140.555  142.113  143.645  145.139  146.587  147.979  149.308  150.568  151.753  152.860  153.884  154.826  155.682  156.453  157.140  157.743  158.264  158.705  159.067  159.352  159.564
  137.375  139.003  140.626  142.233  143.811  145.351  146.841  148.273  149.638  150.931  152.146  153.278  154.326  155.286  156.158  156.943  157.640  158.251  158.777  159.221  159.584  159.869  160.079
  137.346  139.024  140.697  142.353  143.980  145.565  147.098  148.570  149.973  151.299  152.543  153.701  154.771  155.751  156.639  157.436  158.143  158.762  159.293  159.739  160.103  160.387  160.594
  137.315  139.044  140.769  142.476  144.151  145.783  147.360  148.872  150.312  151.671  152.945  154.130  155.222  156.220  157.124  157.934  158.650  159.275  159.811  160.260  160.624  160.907  161.111
  137.282  139.064  140.842  142.600  144.325  146.004  147.625  149.179  150.656  152.049  153.352  154.563  155.677  156.694  157.613  158.435  159.160  159.792  160.332  160.782  161.146  161.427  161.628
  137.247  139.083  140.914  142.725  144.501  146.228  147.894  149.490  151.004  152.431  153.765  155.001  156.137  157.172  158.106  158.939  159.674  160.311  160.855  161.307  161.670  161.949  162.146
  137.211  139.102  140.988  142.852  144.679  146.455  148.168  149.805  151.358  152.819  154.183  155.444  156.602  157.656  158.604  159.448  160.191  160.834  161.380  161.833  162.196  162.472  162.665
  137.172  139.120  141.061  142.980  144.860  146.687  148.446  150.126  151.717  153.212  154.606  155.893  157.073  158.143  159.106  159.961  160.711  161.359  161.909  162.362  162.723  162.996  163.184
  137.132  139.137  141.136  143.111  145.045  146.922  148.728  150.451  152.082  153.611  155.034  156.347  157.548  158.636  159.612  160.478  161.235  161.888  162.439  162.893  163.252  163.521  163.704
  137.089  139.153  141.211  143.243  145.232  147.161  149.015  150.782  152.452  154.016  155.469  156.807  158.029  159.134  160.123  160.998  161.763  162.419  162.972  163.425  163.782  164.048  164.225
  137.044  139.169  141.286  143.377  145.422  147.403  149.306  151.118  152.827  154.426  155.909  157.273  158.515  159.637  160.638  161.523  162.294  162.954  163.508  163.960  164.314  164.575  164.747
  136.997  139.183  141.362  143.513  145.615  147.650  149.603  151.459  153.209  154.842  156.355  157.744  159.007  160.144  161.158  162.052  162.828  163.492  164.046  164.496  164.847  165.103  165.269
  136.948  139.197  141.439  143.651  145.811  147.902  149.905  151.807  153.596  155.265  156.807  158.221  159.504  160.657  161.683  162.585  163.366  164.032  164.587  165.035  165.382  165.633  165.792
  136.896  139.210  141.516  143.791  146.011  148.157  150.212  152.160  153.990  155.694  157.266  158.704  160.006  161.175  162.212  163.122  163.908  164.575  165.130  165.576  165.918  166.163  166.315
  136.842  139.223  141.594  143.933  146.214  148.417  150.524  152.519  154.390  156.129  157.731  159.193  160.515  161.698  162.746  163.663  164.453  165.122  165.675  166.118  166.456  166.695  166.839
  136.785  139.234  141.673  144.077  146.421  148.682  150.842  152.884  154.796  156.571  158.202  159.688  161.029  162.226  163.285  164.208  165.002  165.671  166.223  166.662  166.995  167.227  167.363
  136.726  139.244  141.753  144.224  146.632  148.952  151.166  153.255  155.209  157.019  158.680  160.189  161.549  162.760  163.828  164.757  165.554  166.224  166.773  167.208  167.535  167.760  167.888
  136.664  139.253  141.833  144.373  146.846  149.227  151.495  153.634  155.629  157.475  159.164  160.697  162.075  163.299  164.376  165.311  166.110  166.779  167.326  167.756  168.077  168.294  168.414
  136.598  139.261  141.914  144.525  147.065  149.508  151.831  154.019  156.057  157.937  159.656  161.212  162.606  163.844  164.929  165.869  166.669  167.337  167.881  168.306  168.620  168.829  168.939
  136.530  139.269  141.996  144.680  147.288  149.794  152.174  154.411  156.491  158.407  160.154  161.733  163.144  164.394  165.487  166.430  167.232  167.898  168.438  168.857  169.164  169.365  169.466
  136.458  139.274  142.079  144.837  147.515  150.085  152.523  154.810  156.933  158.884  160.660  162.260  163.689  164.949  166.050  166.996  167.798  168.462  168.997  169.411  169.710  169.901  169.992
  136.383  139.279  142.163  144.997  147.747  150.383  152.879  155.217  157.383  159.369  161.173  162.795  164.239  165.511  166.617  167.567  168.368  169.029  169.559  169.966  170.256  170.439  170.519
  136.305  139.283  142.247  145.160  147.983  150.686  153.242  155.631  157.840  159.862  161.693  163.337  164.796  166.077  167.189  168.141  168.941  169.599  170.123  170.522  170.804  170.976  171.046
  136.223  139.285  142.333  145.326  148.225  150.996  153.612  156.053  158.306  160.362  162.222  163.885  165.359  166.650  167.767  168.720  169.518  170.171  170.689  171.080  171.353  171.515  171.573
  136.137  139.285  142.420  145.495  148.471  151.312  153.990  156.484  158.780  160.871  162.757  164.441  165.928  167.228  168.349  169.302  170.098  170.746  171.257  171.640  171.903  172.054  172.100
  136.047  139.284  142.507  145.668  148.723  151.636  154.376  156.922  159.262  161.388  163.301  165.004  166.505  167.812  168.936  169.889  170.681  171.324  171.827  172.201  172.453  172.593  172.628
  135.952  139.282  142.596  145.844  148.981  151.966  154.770  157.370  159.753  161.914  163.853  165.575  167.087  168.401  169.528  170.480  171.268  171.904  172.400  172.763  173.005  173.133  173.155
  135.854  139.278  142.686  146.024  149.244  152.304  155.172  157.827  160.254  162.449  164.413  166.152  167.677  168.997  170.125  171.075  171.858  172.488  172.974  173.327  173.558  173.674  173.683
  135.750  139.272  142.777  146.208  149.513  152.650  155.583  158.292  160.763  162.992  164.981  166.738  168.273  169.598  170.727  171.674  172.452  173.073  173.550  173.893  174.111  174.215  174.211
  135.642  139.264  142.869  146.396  149.789  153.003  156.004  158.768  161.283  163.545  165.558  167.331  168.875  170.205  171.334  172.277  173.049  173.662  174.128  174.459  174.666  174.756  174.738
  135.528  139.255  142.963  146.588  150.071  153.365  156.433  159.253  161.811  164.107  166.144  167.932  169.485  170.818  171.946  172.884  173.649  174.252  174.708  175.027  175.221  175.297  175.266
  135.409  139.243  143.057  146.784  150.360  153.735  156.873  159.748  162.351  164.678  166.738  168.541  170.102  171.436  172.562  173.496  174.252  174.845  175.290  175.596  175.776  175.839  175.793
  135.285  139.229  143.154  146.985  150.656  154.115  157.322  160.254  162.900  165.260  167.341  169.157  170.725  172.061  173.184  174.111  174.858  175.441  175.873  176.167  176.333  176.381  176.320
  135.154  139.213  143.251  147.190  150.960  154.504  157.782  160.771  163.460  165.851  167.953  169.782  171.355  172.692  173.810  174.730  175.468  176.039  176.458  176.738  176.890  176.923  176.847
  135.017  139.194  143.350  147.401  151.271  154.903  158.253  161.299  164.031  166.452  168.575  170.415  171.993  173.328  174.442  175.353  176.080  176.639  177.045  177.310  177.447  177.465  177.374
  134.873  139.173  143.451  147.617  151.591  155.312  158.735  161.838  164.613  167.064  169.206  171.056  172.637  173.970  175.078  175.980  176.695  177.241  177.633  177.884  178.005  178.008  177.900
  134.723  139.149  143.553  147.838  151.919  155.731  159.229  162.390  165.207  167.687  169.846  171.706  173.288  174.618  175.719  176.610  177.314  177.846  178.223  178.458  178.564  178.550  178.426
  134.564  139.123  143.657  148.065  152.257  156.162  159.735  162.953  165.812  168.320  170.496  172.363  173.947  175.272  176.364  177.245  177.935  178.452  178.814  179.033  179.122  179.092  178.952
  134.398  139.093  143.763  148.299  152.604  156.604  160.254  163.530  166.430  168.965  171.156  173.030  174.613  175.932  177.014  177.883  178.559  179.061  179.406  179.609  179.681  179.634  179.477
  134.223  139.059  143.871  148.539  152.960  157.059  160.786  164.119  167.059  169.620  171.826  173.704  175.285  176.598  177.669  178.525  179.185  179.672 -180.000 -179.814 -179.759 -179.824 -179.999
  134.040  139.023  143.980  148.785  153.327  157.526  161.331  164.722  167.702  170.288  172.506  174.388  175.965  177.269  178.329  179.170  179.815 -179.716 -179.405 -179.237 -179.200 -179.282 -179.475
  133.847  138.982  144.092  149.039  153.705  158.006  161.890  165.339  168.358  170.967  173.196  175.079  176.652  177.946  178.993  179.818 -179.553 -179.102 -178.809 -178.659 -178.640 -178.741 -178.951
  133.644  138.938  144.206  149.300  154.095  158.500  162.465  165.971  169.027  171.657  173.896  175.780  177.346  178.629  179.661 -179.529 -178.919 -178.486 -178.212 -178.081 -178.081 -178.200 -178.429
  133.430  138.889  144.322  149.569  154.497  159.009  163.054  166.617  169.710  172.360  174.607  176.489  178.047  179.318 -179.666 -178.874 -178.282 -177.868 -177.613 -177.502 -177.521 -177.659 -177.907
  133.205  138.836  144.441  149.847  154.911  159.533  163.660  167.279  170.407  173.076  175.328  177.207  178.755 -179.988 -178.988 -178.215 -177.643 -177.249 -177.014 -176.923 -176.961 -177.119 -177.385
  132.968  138.778  144.562  150.134  155.339  160.072  164.282  167.957  171.118  173.803  176.060  177.933  179.471 -179.288 -178.307 -177.553 -177.001 -176.628 -176.414 -176.343 -176.402 -176.579 -176.865
  132.718  138.714  144.686  150.430  155.781  160.629  164.921  168.651  171.844  174.544  176.802  178.669 -179.807 -178.583 -177.621 -176.888 -176.358 -176.006 -175.813 -175.763 -175.843 -176.040 -176.345
  132.454  138.645  144.812  150.736  156.238  161.203  165.578  169.361  172.585  175.297  177.555  179.413 -179.078 -177.872 -176.931 -176.220 -175.712 -175.382 -175.212 -175.183 -175.283 -175.501 -175.826
  132.176  138.570  144.942  151.053  156.711  161.795  166.253  170.089  173.341  176.064  178.319 -179.834 -178.342 -177.157 -176.237 -175.549 -175.064 -174.758 -174.610 -174.603 -174.725 -174.963 -175.308
  131.882  138.489  145.075  151.381  157.201  162.406  166.948  170.836  174.113  176.844  179.094 -179.073 -177.599 -176.435 -175.539 -174.876 -174.415 -174.132 -174.007 -174.023 -174.166 -174.425 -174.791
  131.571  138.400  145.212  151.722  157.708  163.038  167.663  171.600  174.901  177.637  179.880 -178.302 -176.849 -175.709 -174.838 -174.199 -173.763 -173.505 -173.404 -173.443 -173.608 -173.889 -174.275
  131.241  138.305  145.352  152.075  158.235  163.691  168.399  172.383  175.706  178.444 -179.323 -177.524 -176.093 -174.978 -174.133 -173.520 -173.110 -172.877 -172.800 -172.863 -173.051 -173.353 -173.761
  130.893  138.200  145.496  152.442  158.781  164.366  169.157  173.187  176.527  179.265 -178.516 -176.736 -175.330 -174.241 -173.424 -172.839 -172.456 -172.248 -172.196 -172.283 -172.494 -172.818 -173.247
  130.523  138.087  145.644  152.824  159.348  165.064  169.937  174.010  177.365 -179.901 -177.697 -175.940 -174.560 -173.500 -172.711 -172.155 -171.799 -171.619 -171.592 -171.703 -171.937 -172.284 -172.734
  130.131  137.965  145.796  153.222  159.938  165.787  170.741  174.854  178.221 -179.053 -176.867 -175.135 -173.785 -172.754 -171.996 -171.469 -171.142 -170.988 -170.988 -171.123 -171.381 -171.751 -172.223
  129.715  137.832  145.954  153.637  160.552  166.536  171.569  175.719  179.094 -178.190 -176.026 -174.322 -173.002 -172.004 -171.277 -170.780 -170.483 -170.357 -170.384 -170.544 -170.826 -171.218 -171.713
  129.272  137.688  146.117  154.071  161.192  167.313  172.422  176.605  179.985 -177.313 -175.174 -173.501 -172.214 -171.249 -170.555 -170.090 -169.823 -169.726 -169.779 -169.966 -170.272 -170.687 -171.204
  128.801  137.531  146.285  154.524  161.859  168.117  173.302  177.515 -179.106 -176.423 -174.312 -172.672 -171.420 -170.490 -169.830 -169.398 -169.161 -169.094 -169.175 -169.388 -169.719 -170.157 -170.696
  128.300  137.361  146.460  154.998  162.555  168.952  174.209  178.447 -178.179 -175.518 -173.438 -171.834 -170.619 -169.726 -169.102 -168.704 -168.499 -168.462 -168.571 -168.810 -169.166 -169.628 -170.190
  127.764  137.176  146.641  155.496  163.282  169.819  175.145  179.402 -177.233 -174.598 -172.554 -170.989 -169.813 -168.959 -168.371 -168.008 -167.836 -167.830 -167.967 -168.233 -168.614 -169.101 -169.685
  127.192  136.975  146.830  156.019  164.042  170.719  176.109 -179.618 -176.268 -173.664 -171.659 -170.135 -169.002 -168.188 -167.638 -167.311 -167.173 -167.197 -167.364 -167.657 -168.064 -168.574 -169.182
  126.581  136.755  147.026  156.569  164.838  171.655  177.105 -178.614 -175.285 -172.717 -170.754 -169.274 -168.185 -167.413 -166.903 -166.612 -166.508 -166.564 -166.761 -167.082 -167.514 -168.049 -168.680
  125.926  136.516  147.231  157.149  165.672  172.627  178.131 -177.585 -174.282 -171.755 -169.838 -168.406 -167.362 -166.634 -166.165 -165.912 -165.843 -165.932 -166.158 -166.507 -166.966 -167.526 -168.179
  125.224  136.255  147.446  157.761  166.546  173.638  179.191 -176.530 -173.260 -170.778 -168.912 -167.531 -166.535 -165.852 -165.425 -165.211 -165.178 -165.300 -165.556 -165.933 -166.419 -167.003 -167.681
  124.470  135.969  147.671  158.409  167.465  174.690 -179.716 -175.450 -172.219 -169.788 -167.976 -166.648 -165.703 -165.067 -164.683 -164.509 -164.512 -164.667 -164.955 -165.361 -165.872 -166.482 -167.183
  123.658  135.657  147.908  159.095  168.430  175.786 -178.589 -174.343 -171.159 -168.784 -167.030 -165.759 -164.867 -164.279 -163.940 -163.807 -163.847 -164.036 -164.355 -164.789 -165.328 -165.963 -166.688
  122.784  135.313  148.158  159.825  169.447  176.926 -177.425 -173.210 -170.079 -167.767 -166.075 -164.863 -164.026 -163.489 -163.195 -163.103 -163.181 -163.404 -163.755 -164.218 -164.784 -165.445 -166.194
  121.841  134.935  148.422  160.601  170.517  178.114 -176.225 -172.050 -168.981 -166.736 -165.111 -163.960 -163.181 -162.695 -162.449 -162.399 -162.515 -162.774 -163.156 -163.649 -164.242 -164.928 -165.704
  120.821  134.518  148.703  161.429  171.647  179.352 -174.988 -170.863 -167.863 -165.691 -164.137 -163.052 -162.332 -161.900 -161.701 -161.694 -161.850 -162.143 -162.558 -163.081 -163.702 -164.413 -165.213
