 -35.142 -35.195 -35.227 -35.246 -35.255 -35.255 -35.248 -35.234 -35.214 -35.188 -35.157 -35.120 -35.078 -35.031 -34.979 -34.922 -34.859 -34.792 -34.718 -34.637 -34.549 -34.449 -34.331
 -35.723 -35.745 -35.757 -35.760 -35.756 -35.744 -35.726 -35.701 -35.669 -35.632 -35.588 -35.539 -35.484 -35.423 -35.358 -35.287 -35.211 -35.131 -35.045 -34.955 -34.859 -34.758 -34.651
 -36.226 -36.240 -36.245 -36.241 -36.229 -36.209 -36.182 -36.147 -36.106 -36.057 -36.001 -35.939 -35.871 -35.795 -35.714 -35.629 -35.537 -35.441 -35.340 -35.233 -35.122 -35.007 -34.887
 -36.683 -36.693 -36.694 -36.685 -36.668 -36.642 -36.607 -36.564 -36.512 -36.453 -36.386 -36.311 -36.229 -36.141 -36.045 -35.943 -35.834 -35.721 -35.602 -35.478 -35.349 -35.215 -35.077
 -37.120 -37.129 -37.127 -37.115 -37.092 -37.060 -37.018 -36.966 -36.905 -36.835 -36.757 -36.669 -36.574 -36.471 -36.360 -36.242 -36.117 -35.986 -35.848 -35.705 -35.557 -35.404 -35.247
 -37.548 -37.555 -37.551 -37.535 -37.508 -37.470 -37.421 -37.361 -37.290 -37.210 -37.119 -37.019 -36.910 -36.792 -36.666 -36.532 -36.390 -36.241 -36.085 -35.924 -35.755 -35.582 -35.405
 -37.968 -37.975 -37.969 -37.950 -37.918 -37.874 -37.818 -37.750 -37.670 -37.579 -37.477 -37.364 -37.241 -37.108 -36.966 -36.815 -36.656 -36.489 -36.315 -36.134 -35.946 -35.752 -35.555
 -38.385 -38.391 -38.383 -38.361 -38.325 -38.275 -38.212 -38.136 -38.047 -37.945 -37.831 -37.705 -37.568 -37.420 -37.262 -37.094 -36.917 -36.732 -36.539 -36.338 -36.131 -35.918 -35.698
 -38.799 -38.805 -38.795 -38.770 -38.729 -38.674 -38.604 -38.519 -38.420 -38.307 -38.182 -38.043 -37.892 -37.729 -37.555 -37.370 -37.175 -36.971 -36.759 -36.539 -36.311 -36.077 -35.837
 -39.211 -39.216 -39.205 -39.177 -39.132 -39.071 -38.993 -38.900 -38.792 -38.668 -38.530 -38.378 -38.213 -38.034 -37.844 -37.642 -37.430 -37.207 -36.975 -36.735 -36.487 -36.233 -35.972
 -39.621 -39.626 -39.613 -39.582 -39.533 -39.466 -39.381 -39.280 -39.161 -39.027 -38.877 -38.711 -38.532 -38.338 -38.131 -37.912 -37.682 -37.440 -37.189 -36.929 -36.660 -36.385 -36.103
 -39.897 -39.905 -39.894 -39.863 -39.812 -39.742 -39.653 -39.545 -39.419 -39.275 -39.115 -38.938 -38.746 -38.538 -38.316 -38.081 -37.834 -37.574 -37.304 -37.025 -36.736 -36.439 -36.135
 -40.103 -40.117 -40.110 -40.081 -40.030 -39.958 -39.865 -39.752 -39.620 -39.468 -39.298 -39.110 -38.906 -38.685 -38.448 -38.197 -37.933 -37.656 -37.367 -37.066 -36.756 -36.437 -36.109
 -40.266 -40.289 -40.287 -40.261 -40.211 -40.139 -40.043 -39.926 -39.788 -39.628 -39.449 -39.251 -39.034 -38.800 -38.549 -38.282 -38.000 -37.705 -37.396 -37.075 -36.743 -36.400 -36.047
 -40.390 -40.423 -40.428 -40.407 -40.360 -40.288 -40.191 -40.070 -39.926 -39.760 -39.572 -39.363 -39.135 -38.887 -38.622 -38.339 -38.040 -37.725 -37.396 -37.054 -36.699 -36.331 -35.952
 -40.626 -40.665 -40.674 -40.655 -40.607 -40.532 -40.432 -40.305 -40.154 -39.979 -39.781 -39.561 -39.320 -39.059 -38.778 -38.479 -38.162 -37.830 -37.481 -37.119 -36.742 -36.352 -35.949
 -41.080 -41.115 -41.120 -41.095 -41.041 -40.959 -40.850 -40.714 -40.553 -40.366 -40.155 -39.922 -39.666 -39.389 -39.093 -38.777 -38.444 -38.093 -37.727 -37.347 -36.952 -36.544 -36.124
 -41.526 -41.559 -41.560 -41.530 -41.470 -41.381 -41.263 -41.117 -40.945 -40.747 -40.523 -40.276 -40.006 -39.714 -39.401 -39.069 -38.718 -38.350 -37.966 -37.566 -37.153 -36.727 -36.289
 -41.966 -41.996 -41.993 -41.959 -41.893 -41.797 -41.671 -41.516 -41.333 -41.123 -40.887 -40.625 -40.340 -40.033 -39.704 -39.354 -38.986 -38.600 -38.197 -37.779 -37.347 -36.902 -36.445
 -42.401 -42.429 -42.423 -42.384 -42.312 -42.209 -42.074 -41.910 -41.716 -41.494 -41.245 -40.970 -40.670 -40.347 -40.001 -39.635 -39.248 -38.844 -38.423 -37.986 -37.535 -37.071 -36.595
 -42.832 -42.858 -42.848 -42.805 -42.728 -42.617 -42.475 -42.301 -42.096 -41.862 -41.600 -41.311 -40.996 -40.657 -40.294 -39.910 -39.506 -39.083 -38.643 -38.187 -37.717 -37.233 -36.738
 -43.259 -43.283 -43.271 -43.223 -43.140 -43.023 -42.872 -42.688 -42.473 -42.227 -41.952 -41.649 -41.318 -40.963 -40.584 -40.182 -39.760 -39.318 -38.859 -38.383 -37.893 -37.390 -36.875
 -43.683 -43.706 -43.691 -43.639 -43.550 -43.426 -43.267 -43.073 -42.847 -42.589 -42.301 -41.983 -41.637 -41.266 -40.869 -40.450 -40.009 -39.549 -39.070 -38.575 -38.065 -37.542 -37.007
 -44.105 -44.126 -44.108 -44.052 -43.958 -43.827 -43.659 -43.456 -43.219 -42.949 -42.647 -42.314 -41.953 -41.565 -41.152 -40.714 -40.255 -39.775 -39.277 -38.762 -38.233 -37.689 -37.134
 -44.524 -44.544 -44.524 -44.464 -44.364 -44.226 -44.050 -43.837 -43.589 -43.306 -42.990 -42.643 -42.267 -41.862 -41.431 -40.976 -40.497 -39.999 -39.481 -38.946 -38.396 -37.832 -37.257
 -44.942 -44.961 -44.938 -44.874 -44.768 -44.623 -44.438 -44.216 -43.956 -43.661 -43.332 -42.970 -42.577 -42.156 -41.707 -41.234 -40.737 -40.218 -39.681 -39.126 -38.555 -37.971 -37.376
 -45.357 -45.376 -45.350 -45.282 -45.171 -45.019 -44.826 -44.593 -44.322 -44.014 -43.671 -43.294 -42.886 -42.447 -41.981 -41.489 -40.973 -40.435 -39.877 -39.302 -38.711 -38.106 -37.490
 -45.772 -45.789 -45.761 -45.689 -45.573 -45.413 -45.211 -44.968 -44.686 -44.365 -44.008 -43.616 -43.192 -42.736 -42.252 -41.741 -41.206 -40.648 -40.070 -39.475 -38.863 -38.238 -37.601
 -46.185 -46.201 -46.171 -46.095 -45.973 -45.806 -45.596 -45.343 -45.048 -44.715 -44.343 -43.936 -43.495 -43.023 -42.520 -41.991 -41.436 -40.858 -40.260 -39.644 -39.012 -38.366 -37.708
 -46.597 -46.613 -46.580 -46.500 -46.372 -46.198 -45.979 -45.715 -45.410 -45.063 -44.677 -44.254 -43.797 -43.307 -42.786 -42.238 -41.663 -41.066 -40.448 -39.811 -39.157 -38.490 -37.811
 -47.008 -47.023 -46.988 -46.904 -46.771 -46.589 -46.361 -46.087 -45.769 -45.409 -45.009 -44.571 -44.097 -43.589 -43.050 -42.482 -41.888 -41.271 -40.632 -39.974 -39.300 -38.611 -37.911
 -47.418 -47.433 -47.396 -47.307 -47.168 -46.979 -46.742 -46.458 -46.128 -45.754 -45.339 -44.885 -44.394 -43.869 -43.311 -42.724 -42.110 -41.472 -40.813 -40.134 -39.439 -38.729 -38.008
 -47.827 -47.841 -47.802 -47.710 -47.565 -47.369 -47.122 -46.827 -46.485 -46.098 -45.668 -45.198 -44.690 -44.146 -43.570 -42.964 -42.330 -41.671 -40.991 -40.291 -39.575 -38.844 -38.102
 -48.236 -48.250 -48.208 -48.112 -47.961 -47.757 -47.501 -47.195 -46.841 -46.440 -45.995 -45.509 -44.984 -44.422 -43.827 -43.201 -42.547 -41.868 -41.166 -40.445 -39.708 -38.955 -38.192
 -48.644 -48.657 -48.614 -48.513 -48.357 -48.145 -47.880 -47.563 -47.196 -46.781 -46.321 -45.819 -45.276 -44.696 -44.082 -43.436 -42.762 -42.062 -41.339 -40.597 -39.837 -39.064 -38.279
 -49.052 -49.065 -49.019 -48.914 -48.751 -48.532 -48.257 -47.929 -47.550 -47.121 -46.646 -46.126 -45.566 -44.968 -44.334 -43.668 -42.974 -42.253 -41.509 -40.745 -39.964 -39.169 -38.362
 -49.459 -49.471 -49.423 -49.315 -49.146 -48.919 -48.634 -48.295 -47.902 -47.459 -46.969 -46.432 -45.854 -45.237 -44.584 -43.898 -43.183 -42.441 -41.676 -40.891 -40.088 -39.272 -38.443
 -49.865 -49.878 -49.828 -49.715 -49.540 -49.305 -49.011 -48.660 -48.254 -47.797 -47.290 -46.737 -46.141 -45.505 -44.832 -44.126 -43.390 -42.627 -41.841 -41.034 -40.209 -39.371 -38.521
 -50.271 -50.284 -50.232 -50.114 -49.934 -49.690 -49.386 -49.024 -48.605 -48.133 -47.610 -47.040 -46.426 -45.771 -45.078 -44.352 -43.595 -42.810 -42.002 -41.174 -40.328 -39.467 -38.596
 -50.677 -50.690 -50.635 -50.514 -50.327 -50.075 -49.761 -49.387 -48.955 -48.468 -47.929 -47.341 -46.709 -46.034 -45.322 -44.575 -43.797 -42.991 -42.161 -41.311 -40.443 -39.561 -38.667
 -51.083 -51.096 -51.039 -50.913 -50.720 -50.460 -50.136 -49.749 -49.304 -48.801 -48.246 -47.641 -46.990 -46.296 -45.564 -44.796 -43.996 -43.169 -42.318 -41.445 -40.555 -39.651 -38.736
 -51.489 -51.501 -51.442 -51.312 -51.112 -50.844 -50.509 -50.111 -49.651 -49.134 -48.562 -47.939 -47.269 -46.556 -45.803 -45.014 -44.194 -43.345 -42.471 -41.577 -40.665 -39.739 -38.801
 -51.894 -51.906 -51.845 -51.711 -51.504 -51.228 -50.883 -50.472 -49.998 -49.465 -48.877 -48.236 -47.547 -46.814 -46.040 -45.230 -44.388 -43.518 -42.622 -41.706 -40.771 -39.823 -38.864
 -52.299 -52.311 -52.248 -52.109 -51.896 -51.611 -51.255 -50.832 -50.344 -49.796 -49.190 -48.531 -47.823 -47.069 -46.275 -45.444 -44.580 -43.688 -42.770 -41.832 -40.875 -39.905 -38.923
 -52.704 -52.717 -52.651 -52.508 -52.288 -51.994 -51.627 -51.191 -50.689 -50.125 -49.502 -48.824 -48.097 -47.323 -46.508 -45.656 -44.770 -43.856 -42.916 -41.955 -40.976 -39.983 -38.980
 -53.108 -53.122 -53.054 -52.906 -52.680 -52.377 -51.999 -51.550 -51.033 -50.453 -49.812 -49.116 -48.369 -47.575 -46.739 -45.865 -44.957 -44.021 -43.058 -42.075 -41.074 -40.059 -39.034
 -53.513 -53.527 -53.457 -53.305 -53.071 -52.759 -52.370 -51.908 -51.376 -50.779 -50.121 -49.406 -48.639 -47.825 -46.967 -46.072 -45.142 -44.183 -43.198 -42.192 -41.169 -40.132 -39.084
 -53.918 -53.932 -53.860 -53.703 -53.462 -53.141 -52.740 -52.265 -51.718 -51.105 -50.429 -49.694 -48.907 -48.072 -47.193 -46.276 -45.324 -44.342 -43.335 -42.307 -41.261 -40.202 -39.132
 -54.322 -54.336 -54.262 -54.101 -53.853 -53.522 -53.110 -52.621 -52.060 -51.429 -50.735 -49.981 -49.174 -48.318 -47.417 -46.478 -45.504 -44.499 -43.470 -42.419 -41.350 -40.268 -39.176
 -54.727 -54.741 -54.665 -54.499 -54.244 -53.904 -53.480 -52.977 -52.400 -51.752 -51.039 -50.266 -49.438 -48.561 -47.639 -46.677 -45.680 -44.654 -43.601 -42.528 -41.437 -40.332 -39.218
 -55.131 -55.147 -55.068 -54.897 -54.635 -54.285 -53.849 -53.332 -52.739 -52.074 -51.342 -50.550 -49.701 -48.802 -47.858 -46.874 -45.855 -44.805 -43.730 -42.634 -41.520 -40.393 -39.257
 -55.536 -55.552 -55.471 -55.295 -55.026 -54.665 -54.217 -53.686 -53.077 -52.394 -51.644 -50.831 -49.962 -49.041 -48.075 -47.068 -46.026 -44.954 -43.856 -42.737 -41.600 -40.451 -39.292
 -55.940 -55.957 -55.874 -55.693 -55.416 -55.046 -54.585 -54.040 -53.414 -52.714 -51.944 -51.111 -50.220 -49.278 -48.289 -47.260 -46.195 -45.100 -43.979 -42.837 -41.678 -40.506 -39.325
 -56.345 -56.362 -56.277 -56.091 -55.807 -55.426 -54.953 -54.393 -53.750 -53.032 -52.242 -51.389 -50.477 -49.512 -48.501 -47.449 -46.361 -45.243 -44.099 -42.934 -41.752 -40.558 -39.354
 -56.749 -56.767 -56.681 -56.490 -56.197 -55.805 -55.320 -54.744 -54.085 -53.348 -52.539 -51.665 -50.731 -49.745 -48.711 -47.636 -46.525 -45.383 -44.216 -43.028 -41.824 -40.606 -39.381
 -57.154 -57.173 -57.084 -56.888 -56.587 -56.185 -55.686 -55.096 -54.419 -53.664 -52.835 -51.939 -50.984 -49.974 -48.918 -47.820 -46.686 -45.521 -44.331 -43.119 -41.892 -40.652 -39.404
 -57.559 -57.579 -57.487 -57.286 -56.977 -56.564 -56.052 -55.446 -54.752 -53.977 -53.128 -52.211 -51.234 -50.202 -49.122 -48.001 -46.843 -45.655 -44.442 -43.208 -41.957 -40.695 -39.425
 -57.963 -57.985 -57.891 -57.684 -57.367 -56.943 -56.417 -55.795 -55.084 -54.290 -53.420 -52.482 -51.482 -50.427 -49.324 -48.179 -46.999 -45.787 -44.550 -43.293 -42.020 -40.735 -39.442
 -58.368 -58.391 -58.295 -58.083 -57.757 -57.322 -56.782 -56.144 -55.415 -54.601 -53.710 -52.750 -51.728 -50.650 -49.524 -48.355 -47.151 -45.916 -44.656 -43.375 -42.079 -40.771 -39.456
 -58.773 -58.797 -58.699 -58.481 -58.147 -57.700 -57.146 -56.492 -55.744 -54.910 -53.999 -53.016 -51.971 -50.870 -49.720 -48.528 -47.300 -46.042 -44.758 -43.454 -42.135 -40.805 -39.468
 -59.178 -59.203 -59.103 -58.880 -58.537 -58.078 -57.510 -56.839 -56.072 -55.218 -54.285 -53.281 -52.212 -51.088 -49.914 -48.699 -47.447 -46.164 -44.857 -43.530 -42.188 -40.835 -39.476
 -59.583 -59.610 -59.508 -59.279 -58.927 -58.456 -57.873 -57.185 -56.399 -55.525 -54.570 -53.543 -52.451 -51.303 -50.106 -48.866 -47.590 -46.284 -44.953 -43.603 -42.238 -40.862 -39.481
 -59.989 -60.016 -59.912 -59.678 -59.316 -58.833 -58.235 -57.530 -56.725 -55.830 -54.853 -53.803 -52.688 -51.516 -50.294 -49.030 -47.730 -46.401 -45.046 -43.673 -42.285 -40.887 -39.482
 -60.394 -60.423 -60.317 -60.077 -59.706 -59.210 -58.597 -57.874 -57.049 -56.133 -55.134 -54.060 -52.922 -51.726 -50.480 -49.192 -47.868 -46.514 -45.136 -43.739 -42.328 -40.908 -39.481
 -60.799 -60.831 -60.722 -60.476 -60.095 -59.587 -58.958 -58.217 -57.372 -56.434 -55.413 -54.316 -53.153 -51.933 -50.663 -49.350 -48.002 -46.625 -45.223 -43.803 -42.369 -40.925 -39.476
 -61.205 -61.238 -61.128 -60.875 -60.485 -59.963 -59.318 -58.559 -57.694 -56.734 -55.689 -54.569 -53.382 -52.137 -50.843 -49.506 -48.134 -46.732 -45.307 -43.863 -42.406 -40.940 -39.469
 -61.611 -61.646 -61.533 -61.274 -60.874 -60.339 -59.678 -58.900 -58.014 -57.032 -55.964 -54.820 -53.608 -52.339 -51.020 -49.658 -48.262 -46.836 -45.387 -43.920 -42.440 -40.951 -39.458
 -62.017 -62.054 -61.939 -61.674 -61.264 -60.715 -60.037 -59.239 -58.333 -57.328 -56.237 -55.068 -53.832 -52.538 -51.194 -49.808 -48.387 -46.937 -45.464 -43.974 -42.471 -40.960 -39.444
 -62.423 -62.462 -62.345 -62.074 -61.653 -61.090 -60.395 -59.578 -58.650 -57.623 -56.507 -55.314 -54.053 -52.734 -51.365 -49.954 -48.508 -47.035 -45.538 -44.024 -42.498 -40.965 -39.427
 -62.829 -62.871 -62.752 -62.474 -62.042 -61.465 -60.753 -59.916 -58.966 -57.915 -56.775 -55.557 -54.271 -52.927 -51.533 -50.097 -48.627 -47.129 -45.609 -44.072 -42.523 -40.966 -39.406
 -63.235 -63.280 -63.159 -62.874 -62.431 -61.839 -61.109 -60.252 -59.280 -58.206 -57.041 -55.798 -54.487 -53.117 -51.698 -50.237 -48.742 -47.220 -45.676 -44.116 -42.544 -40.965 -39.383
 -63.642 -63.689 -63.566 -63.274 -62.820 -62.213 -61.465 -60.587 -59.592 -58.494 -57.305 -56.036 -54.699 -53.304 -51.859 -50.374 -48.854 -47.308 -45.740 -44.156 -42.561 -40.960 -39.356
 -64.048 -64.099 -63.973 -63.674 -63.209 -62.587 -61.820 -60.920 -59.903 -58.780 -57.566 -56.271 -54.909 -53.488 -52.018 -50.507 -48.963 -47.392 -45.800 -44.193 -42.576 -40.952 -39.326
 -64.455 -64.509 -64.381 -64.075 -63.598 -62.960 -62.174 -61.253 -60.212 -59.064 -57.824 -56.504 -55.115 -53.668 -52.173 -50.637 -49.068 -47.473 -45.858 -44.227 -42.587 -40.940 -39.292
 -64.862 -64.919 -64.789 -64.476 -63.986 -63.332 -62.527 -61.584 -60.519 -59.346 -58.080 -56.734 -55.319 -53.846 -52.325 -50.764 -49.170 -47.551 -45.911 -44.258 -42.595 -40.926 -39.256
 -65.269 -65.330 -65.198 -64.877 -64.375 -63.704 -62.879 -61.913 -60.824 -59.626 -58.333 -56.961 -55.519 -54.020 -52.473 -50.887 -49.268 -47.625 -45.962 -44.285 -42.599 -40.908 -39.216
 -65.676 -65.740 -65.606 -65.278 -64.763 -64.076 -63.229 -62.241 -61.127 -59.903 -58.584 -57.185 -55.717 -54.191 -52.618 -51.006 -49.363 -47.695 -46.009 -44.309 -42.600 -40.886 -39.172
 -66.083 -66.152 -66.016 -65.679 -65.152 -64.446 -63.579 -62.567 -61.428 -60.177 -58.832 -57.405 -55.911 -54.359 -52.760 -51.123 -49.455 -47.762 -46.052 -44.329 -42.597 -40.862 -39.126
 -66.490 -66.563 -66.425 -66.081 -65.540 -64.817 -63.928 -62.892 -61.727 -60.450 -59.077 -57.623 -56.101 -54.523 -52.898 -51.235 -49.542 -47.826 -46.092 -44.346 -42.591 -40.834 -39.076
 -66.898 -66.975 -66.835 -66.482 -65.928 -65.186 -64.275 -63.215 -62.023 -60.719 -59.319 -57.838 -56.289 -54.684 -53.033 -51.344 -49.627 -47.886 -46.128 -44.359 -42.582 -40.802 -39.023
 -67.305 -67.388 -67.245 -66.884 -66.315 -65.555 -64.621 -63.536 -62.318 -60.986 -59.558 -58.049 -56.473 -54.841 -53.164 -51.450 -49.707 -47.942 -46.161 -44.369 -42.569 -40.767 -38.966
 -67.713 -67.800 -67.656 -67.286 -66.703 -65.923 -64.966 -63.855 -62.610 -61.250 -59.794 -58.257 -56.653 -54.994 -53.291 -51.551 -49.784 -47.995 -46.190 -44.375 -42.553 -40.729 -38.906
 -68.121 -68.214 -68.067 -67.688 -67.090 -66.290 -65.310 -64.172 -62.899 -61.511 -60.027 -58.462 -56.830 -55.144 -53.414 -51.649 -49.857 -48.044 -46.216 -44.377 -42.533 -40.687 -38.843
 -68.528 -68.627 -68.479 -68.091 -67.477 -66.656 -65.652 -64.487 -63.186 -61.770 -60.256 -58.663 -57.003 -55.290 -53.534 -51.744 -49.927 -48.089 -46.238 -44.377 -42.510 -40.642 -38.777
 -68.936 -69.041 -68.891 -68.493 -67.863 -67.021 -65.992 -64.800 -63.471 -62.025 -60.482 -58.860 -57.173 -55.433 -53.650 -51.834 -49.992 -48.131 -46.256 -44.372 -42.483 -40.594 -38.707
 -69.344 -69.455 -69.304 -68.896 -68.249 -67.386 -66.331 -65.111 -63.752 -62.277 -60.705 -59.054 -57.339 -55.571 -53.762 -51.921 -50.054 -48.169 -46.271 -44.364 -42.453 -40.542 -38.633
 -69.752 -69.870 -69.716 -69.299 -68.635 -67.749 -66.668 -65.420 -64.031 -62.526 -60.924 -59.244 -57.500 -55.706 -53.870 -52.003 -50.112 -48.203 -46.282 -44.352 -42.419 -40.486 -38.557
 -70.160 -70.285 -70.130 -69.702 -69.021 -68.111 -67.003 -65.726 -64.307 -62.771 -61.140 -59.430 -57.658 -55.836 -53.975 -52.082 -50.166 -48.233 -46.289 -44.337 -42.382 -40.428 -38.476
 -70.567 -70.701 -70.544 -70.105 -69.405 -68.472 -67.337 -66.029 -64.580 -63.013 -61.352 -59.613 -57.812 -55.963 -54.075 -52.157 -50.217 -48.260 -46.292 -44.318 -42.341 -40.365 -38.393
 -70.975 -71.117 -70.958 -70.508 -69.790 -68.832 -67.668 -66.330 -64.850 -63.252 -61.560 -59.791 -57.962 -56.086 -54.171 -52.228 -50.263 -48.283 -46.292 -44.295 -42.297 -40.299 -38.306
 -71.383 -71.533 -71.373 -70.912 -70.174 -69.190 -67.997 -66.629 -65.116 -63.487 -61.764 -59.966 -58.108 -56.204 -54.263 -52.295 -50.305 -48.302 -46.288 -44.269 -42.249 -40.230 -38.216
 -71.790 -71.950 -71.788 -71.315 -70.557 -69.548 -68.324 -66.924 -65.379 -63.718 -61.964 -60.136 -58.250 -56.318 -54.351 -52.357 -50.344 -48.316 -46.280 -44.239 -42.197 -40.157 -38.122
 -72.197 -72.367 -72.204 -71.719 -70.940 -69.903 -68.649 -67.216 -65.638 -63.945 -62.160 -60.302 -58.387 -56.428 -54.435 -52.416 -50.378 -48.327 -46.269 -44.206 -42.142 -40.081 -38.025
 -72.604 -72.785 -72.620 -72.123 -71.322 -70.257 -68.971 -67.505 -65.894 -64.168 -62.352 -60.464 -58.520 -56.534 -54.514 -52.470 -50.409 -48.335 -46.253 -44.168 -42.083 -40.001 -37.924
 -73.011 -73.203 -73.037 -72.526 -71.703 -70.609 -69.291 -67.791 -66.146 -64.387 -62.539 -60.621 -58.649 -56.635 -54.589 -52.521 -50.435 -48.338 -46.234 -44.127 -42.021 -39.918 -37.820
 -73.417 -73.622 -73.454 -72.930 -72.083 -70.959 -69.608 -68.073 -66.394 -64.602 -62.722 -60.774 -58.773 -56.732 -54.660 -52.567 -50.457 -48.337 -46.211 -44.082 -41.955 -39.831 -37.712
 -73.823 -74.040 -73.872 -73.334 -72.462 -71.308 -69.922 -68.352 -66.638 -64.813 -62.901 -60.922 -58.892 -56.824 -54.727 -52.608 -50.475 -48.332 -46.184 -44.034 -41.885 -39.740 -37.601
 -74.228 -74.460 -74.291 -73.737 -72.841 -71.654 -70.233 -68.627 -66.878 -65.019 -63.074 -61.065 -59.007 -56.912 -54.789 -52.646 -50.489 -48.323 -46.153 -43.981 -41.812 -39.646 -37.487
 -74.633 -74.880 -74.710 -74.141 -73.218 -71.998 -70.541 -68.898 -67.113 -65.220 -63.243 -61.204 -59.117 -56.995 -54.846 -52.679 -50.499 -48.310 -46.118 -43.925 -41.735 -39.548 -37.368
 -75.037 -75.300 -75.129 -74.544 -73.593 -72.340 -70.845 -69.165 -67.344 -65.416 -63.408 -61.338 -59.223 -57.074 -54.899 -52.708 -50.504 -48.293 -46.079 -43.865 -41.654 -39.447 -37.247
 -75.440 -75.720 -75.549 -74.947 -73.968 -72.678 -71.146 -69.428 -67.570 -65.608 -63.567 -61.467 -59.323 -57.147 -54.948 -52.732 -50.505 -48.272 -46.037 -43.802 -41.570 -39.342 -37.122
 -75.842 -76.141 -75.970 -75.350 -74.341 -73.015 -71.443 -69.686 -67.792 -65.794 -63.721 -61.591 -59.419 -57.216 -54.992 -52.752 -50.502 -48.247 -45.990 -43.734 -41.482 -39.234 -36.994
 -76.244 -76.562 -76.391 -75.753 -74.712 -73.348 -71.736 -69.940 -68.008 -65.976 -63.870 -61.710 -59.510 -57.281 -55.031 -52.768 -50.495 -48.218 -45.940 -43.663 -41.390 -39.122 -36.862
 -76.644 -76.984 -76.813 -76.155 -75.082 -73.678 -72.025 -70.189 -68.219 -66.152 -64.014 -61.823 -59.595 -57.340 -55.066 -52.779 -50.484 -48.185 -45.885 -43.588 -41.294 -39.007 -36.726
 -77.043 -77.406 -77.235 -76.557 -75.449 -74.004 -72.309 -70.432 -68.425 -66.322 -64.152 -61.932 -59.676 -57.395 -55.096 -52.785 -50.468 -48.147 -45.827 -43.509 -41.195 -38.888 -36.587
 -77.440 -77.828 -77.658 -76.959 -75.814 -74.327 -72.589 -70.671 -68.625 -66.487 -64.284 -62.035 -59.751 -57.444 -55.121 -52.787 -50.448 -48.106 -45.764 -43.426 -41.093 -38.765 -36.444
 -77.835 -78.250 -78.081 -77.360 -76.177 -74.646 -72.863 -70.903 -68.819 -66.646 -64.412 -62.132 -59.821 -57.489 -55.141 -52.785 -50.423 -48.060 -45.698 -43.340 -40.986 -38.639 -36.298
 -78.228 -78.673 -78.506 -77.760 -76.538 -74.961 -73.133 -71.130 -69.007 -66.800 -64.533 -62.224 -59.886 -57.528 -55.157 -52.778 -50.394 -48.010 -45.628 -43.249 -40.876 -38.509 -36.149
 -78.619 -79.096 -78.930 -78.159 -76.895 -75.271 -73.396 -71.351 -69.189 -66.947 -64.648 -62.311 -59.946 -57.563 -55.168 -52.766 -50.361 -47.956 -45.553 -43.155 -40.762 -38.375 -35.996
 -79.008 -79.519 -79.356 -78.557 -77.249 -75.576 -73.654 -71.566 -69.365 -67.088 -64.758 -62.391 -60.000 -57.592 -55.174 -52.750 -50.324 -47.898 -45.475 -43.057 -40.644 -38.238 -35.841
 -79.393 -79.942 -79.781 -78.954 -77.599 -75.876 -73.906 -71.774 -69.534 -67.222 -64.861 -62.466 -60.049 -57.616 -55.175 -52.729 -50.282 -47.836 -45.393 -42.955 -40.523 -38.097 -35.680
