  -76.135  -75.961  -75.824  -75.702  -75.589  -75.482  -75.380  -75.283  -75.190  -75.101  -75.017  -74.937  -74.861  -74.791  -74.725  -74.664  -74.609  -74.561  -74.519  -74.484  -74.458  -74.442  -74.439  -74.455  -74.514
  -75.939  -75.796  -75.658  -75.523  -75.392  -75.264  -75.140  -75.020  -74.903  -74.790  -74.682  -74.578  -74.479  -74.385  -74.296  -74.214  -74.137  -74.068  -74.005  -73.949  -73.901  -73.862  -73.831  -73.810  -73.801
  -75.864  -75.700  -75.539  -75.380  -75.224  -75.070  -74.920  -74.773  -74.630  -74.492  -74.358  -74.230  -74.107  -73.990  -73.882  -73.778  -73.681  -73.592  -73.510  -73.437  -73.373  -73.317  -73.271  -73.235  -73.209
  -75.836  -75.646  -75.457  -75.270  -75.086  -74.904  -74.726  -74.552  -74.382  -74.217  -74.058  -73.905  -73.758  -73.618  -73.485  -73.361  -73.244  -73.138  -73.040  -72.951  -72.871  -72.802  -72.744  -72.696  -72.660
  -75.827  -75.608  -75.390  -75.174  -74.961  -74.750  -74.544  -74.341  -74.144  -73.952  -73.766  -73.588  -73.417  -73.254  -73.099  -72.954  -72.818  -72.692  -72.577  -72.474  -72.381  -72.300  -72.230  -72.172  -72.128
  -75.828  -75.579  -75.332  -75.086  -74.842  -74.602  -74.366  -74.135  -73.910  -73.691  -73.479  -73.275  -73.080  -72.893  -72.717  -72.551  -72.396  -72.252  -72.121  -72.002  -71.896  -71.803  -71.723  -71.656  -71.604
  -75.835  -75.556  -75.278  -75.002  -74.728  -74.458  -74.192  -73.932  -73.678  -73.431  -73.193  -72.963  -72.744  -72.534  -72.336  -72.149  -71.975  -71.814  -71.666  -71.532  -71.413  -71.309  -71.219  -71.144  -71.085
  -75.847  -75.537  -75.228  -74.920  -74.615  -74.315  -74.019  -73.729  -73.447  -73.172  -72.907  -72.652  -72.407  -72.175  -71.954  -71.747  -71.554  -71.375  -71.212  -71.063  -70.931  -70.815  -70.717  -70.634  -70.568
  -75.862  -75.520  -75.179  -74.840  -74.504  -74.172  -73.846  -73.527  -73.215  -72.912  -72.620  -72.339  -72.070  -71.814  -71.572  -71.344  -71.132  -70.936  -70.757  -70.594  -70.449  -70.323  -70.214  -70.125  -70.053
  -75.880  -75.506  -75.133  -74.761  -74.393  -74.030  -73.673  -73.323  -72.982  -72.651  -72.332  -72.024  -71.731  -71.451  -71.187  -70.939  -70.708  -70.495  -70.300  -70.124  -69.967  -69.830  -69.712  -69.616  -69.539
  -75.900  -75.493  -75.087  -74.683  -74.283  -73.888  -73.499  -73.119  -72.748  -72.389  -72.042  -71.708  -71.389  -71.086  -70.800  -70.532  -70.283  -70.052  -69.842  -69.652  -69.484  -69.336  -69.210  -69.106  -69.025
  -76.003  -75.565  -75.127  -74.691  -74.260  -73.835  -73.417  -73.009  -72.611  -72.226  -71.854  -71.497  -71.156  -70.833  -70.528  -70.243  -69.977  -69.733  -69.511  -69.311  -69.134  -68.980  -68.849  -68.743  -68.661
  -76.162  -75.689  -75.218  -74.751  -74.289  -73.834  -73.387  -72.951  -72.526  -72.115  -71.720  -71.340  -70.978  -70.636  -70.313  -70.011  -69.732  -69.476  -69.243  -69.034  -68.851  -68.692  -68.560  -68.453  -68.375
  -76.357  -75.849  -75.344  -74.844  -74.350  -73.865  -73.389  -72.924  -72.473  -72.037  -71.617  -71.215  -70.833  -70.471  -70.131  -69.814  -69.521  -69.253  -69.011  -68.795  -68.607  -68.445  -68.312  -68.210  -68.134
  -76.586  -76.041  -75.501  -74.967  -74.441  -73.924  -73.418  -72.926  -72.448  -71.986  -71.542  -71.119  -70.716  -70.336  -69.979  -69.648  -69.342  -69.064  -68.813  -68.591  -68.398  -68.236  -68.104  -68.007  -67.939
  -76.726  -76.146  -75.572  -75.005  -74.446  -73.898  -73.362  -72.841  -72.335  -71.847  -71.379  -70.931  -70.507  -70.107  -69.732  -69.384  -69.064  -68.773  -68.512  -68.282  -68.083  -67.916  -67.782  -67.686  -67.620
  -76.690  -76.080  -75.475  -74.876  -74.286  -73.707  -73.141  -72.589  -72.054  -71.538  -71.042  -70.569  -70.121  -69.698  -69.302  -68.934  -68.596  -68.289  -68.013  -67.769  -67.558  -67.381  -67.239  -67.131  -67.061
  -76.662  -76.021  -75.384  -74.753  -74.131  -73.520  -72.922  -72.339  -71.775  -71.230  -70.708  -70.209  -69.736  -69.290  -68.873  -68.486  -68.130  -67.806  -67.516  -67.259  -67.037  -66.851  -66.699  -66.585  -66.509
  -76.641  -75.967  -75.297  -74.634  -73.979  -73.335  -72.705  -72.092  -71.497  -70.923  -70.373  -69.848  -69.351  -68.882  -68.444  -68.038  -67.664  -67.325  -67.020  -66.751  -66.519  -66.322  -66.164  -66.042  -65.962
  -76.625  -75.918  -75.215  -74.517  -73.829  -73.152  -72.489  -71.844  -71.219  -70.617  -70.039  -69.488  -68.965  -68.474  -68.015  -67.589  -67.198  -66.843  -66.525  -66.244  -66.001  -65.796  -65.630  -65.503  -65.418
  -76.614  -75.873  -75.135  -74.403  -73.680  -72.970  -72.274  -71.597  -70.941  -70.309  -69.703  -69.126  -68.579  -68.065  -67.585  -67.140  -66.732  -66.362  -66.030  -65.737  -65.484  -65.272  -65.099  -64.967  -64.875
  -76.608  -75.832  -75.058  -74.291  -73.533  -72.788  -72.059  -71.350  -70.663  -70.001  -69.366  -68.763  -68.191  -67.654  -67.153  -66.689  -66.265  -65.879  -65.534  -65.231  -64.968  -64.747  -64.569  -64.432  -64.337
  -76.605  -75.793  -74.984  -74.180  -73.387  -72.607  -71.844  -71.102  -70.383  -69.691  -69.028  -68.398  -67.801  -67.241  -66.720  -66.237  -65.796  -65.396  -65.038  -64.723  -64.452  -64.224  -64.039  -63.898  -63.801
  -76.605  -75.757  -74.911  -74.071  -73.241  -72.426  -71.628  -70.852  -70.101  -69.379  -68.688  -68.030  -67.409  -66.827  -66.284  -65.783  -65.325  -64.910  -64.540  -64.215  -63.935  -63.700  -63.510  -63.366  -63.266
  -76.608  -75.723  -74.839  -73.962  -73.096  -72.244  -71.411  -70.601  -69.818  -69.065  -68.345  -67.660  -67.015  -66.409  -65.846  -65.327  -64.852  -64.423  -64.041  -63.706  -63.417  -63.176  -62.982  -62.834  -62.733
  -76.614  -75.691  -74.769  -73.854  -72.950  -72.061  -71.193  -70.349  -69.533  -68.748  -67.999  -67.288  -66.617  -65.989  -65.405  -64.868  -64.377  -63.935  -63.540  -63.195  -62.899  -62.652  -62.453  -62.303  -62.200
  -76.623  -75.661  -74.700  -73.746  -72.804  -71.878  -70.973  -70.094  -69.245  -68.429  -67.651  -66.912  -66.217  -65.566  -64.962  -64.406  -63.900  -63.444  -63.038  -62.683  -62.380  -62.127  -61.924  -61.771  -61.668
  -76.634  -75.632  -74.632  -73.638  -72.657  -71.693  -70.752  -69.837  -68.955  -68.107  -67.299  -66.534  -65.813  -65.140  -64.515  -63.942  -63.420  -62.950  -62.533  -62.170  -61.859  -61.601  -61.395  -61.240  -61.137
  -76.648  -75.605  -74.564  -73.530  -72.509  -71.507  -70.528  -69.578  -68.661  -67.782  -66.945  -66.152  -65.406  -64.710  -64.065  -63.474  -62.937  -62.454  -62.027  -61.654  -61.337  -61.074  -60.865  -60.709  -60.606
  -76.663  -75.580  -74.497  -73.422  -72.361  -71.319  -70.302  -69.316  -68.365  -67.454  -66.586  -65.766  -64.995  -64.277  -63.612  -63.003  -62.451  -61.956  -61.518  -61.137  -60.814  -60.546  -60.335  -60.178  -60.075
  -76.681  -75.555  -74.431  -73.314  -72.212  -71.130  -70.075  -69.052  -68.066  -67.122  -66.224  -65.376  -64.581  -63.840  -63.156  -62.529  -61.962  -61.455  -61.007  -60.618  -60.289  -60.018  -59.804  -59.646  -59.545
  -76.701  -75.532  -74.365  -73.205  -72.061  -70.939  -69.844  -68.784  -67.763  -66.787  -65.859  -64.983  -64.162  -63.399  -62.695  -62.052  -61.471  -60.951  -60.493  -60.097  -59.762  -59.488  -59.272  -59.115  -59.014
  -76.723  -75.511  -74.299  -73.096  -71.909  -70.745  -69.611  -68.513  -67.457  -66.447  -65.489  -64.585  -63.740  -62.954  -62.231  -61.571  -60.975  -60.444  -59.977  -59.574  -59.234  -58.956  -58.740  -58.583  -58.484
  -76.747  -75.490  -74.234  -72.986  -71.756  -70.550  -69.376  -68.239  -67.147  -66.104  -65.115  -64.183  -63.313  -62.505  -61.763  -61.087  -60.477  -59.934  -59.459  -59.049  -58.704  -58.424  -58.206  -58.050  -57.954
  -76.773  -75.470  -74.168  -72.876  -71.601  -70.353  -69.137  -67.962  -66.833  -65.757  -64.737  -63.777  -62.882  -62.052  -61.291  -60.598  -59.975  -59.422  -58.937  -58.521  -58.173  -57.890  -57.672  -57.517  -57.423
  -76.801  -75.452  -74.103  -72.765  -71.445  -70.153  -68.895  -67.681  -66.515  -65.405  -64.354  -63.366  -62.446  -61.595  -60.815  -60.106  -59.470  -58.906  -58.414  -57.992  -57.639  -57.355  -57.137  -56.984  -56.893
  -76.831  -75.434  -74.038  -72.652  -71.287  -69.950  -68.651  -67.396  -66.193  -65.048  -63.966  -62.951  -62.006  -61.133  -60.334  -59.610  -58.961  -58.387  -57.887  -57.460  -57.104  -56.819  -56.601  -56.450  -56.363
  -76.864  -75.418  -73.973  -72.539  -71.127  -69.745  -68.402  -67.107  -65.867  -64.688  -63.574  -62.531  -61.561  -60.667  -59.849  -59.110  -58.449  -57.865  -57.358  -56.926  -56.567  -56.281  -56.064  -55.916  -55.833
  -76.898  -75.402  -73.908  -72.425  -70.965  -69.537  -68.151  -66.815  -65.536  -64.322  -63.177  -62.106  -61.111  -60.196  -59.360  -58.606  -57.933  -57.340  -56.826  -56.389  -56.029  -55.742  -55.527  -55.381  -55.302
  -76.934  -75.388  -73.843  -72.310  -70.801  -69.326  -67.895  -66.518  -65.201  -63.951  -62.775  -61.675  -60.656  -59.720  -58.867  -58.098  -57.413  -56.811  -56.291  -55.851  -55.488  -55.201  -54.988  -54.846  -54.772
  -76.973  -75.374  -73.777  -72.193  -70.635  -69.112  -67.636  -66.216  -64.861  -63.576  -62.367  -61.240  -60.196  -59.239  -58.369  -57.586  -56.890  -56.279  -55.753  -55.309  -54.946  -54.660  -54.449  -54.310  -54.241
  -77.013  -75.362  -73.712  -72.076  -70.466  -68.895  -67.373  -65.910  -64.515  -63.195  -61.954  -60.799  -59.731  -58.753  -57.866  -57.069  -56.362  -55.744  -55.213  -54.766  -54.401  -54.116  -53.908  -53.774  -53.711
  -77.056  -75.351  -73.646  -71.957  -70.295  -68.675  -67.106  -65.600  -64.165  -62.808  -61.536  -60.353  -59.261  -58.263  -57.359  -56.548  -55.831  -55.206  -54.670  -54.220  -53.855  -53.572  -53.367  -53.237  -53.180
  -77.101  -75.340  -73.580  -71.836  -70.122  -68.451  -66.835  -65.284  -63.809  -62.416  -61.112  -59.901  -58.785  -57.767  -56.846  -56.023  -55.297  -54.664  -54.124  -53.672  -53.308  -53.026  -52.825  -52.700  -52.649
  -77.149  -75.331  -73.514  -71.715  -69.946  -68.224  -66.559  -64.964  -63.448  -62.019  -60.682  -59.443  -58.304  -57.266  -56.329  -55.494  -54.758  -54.119  -53.575  -53.122  -52.758  -52.479  -52.282  -52.163  -52.119
  -77.199  -75.323  -73.448  -71.591  -69.768  -67.992  -66.279  -64.638  -63.081  -61.615  -60.247  -58.980  -57.817  -56.759  -55.807  -54.960  -54.215  -53.570  -53.023  -52.569  -52.206  -51.930  -51.738  -51.625  -51.588
  -77.251  -75.316  -73.382  -71.466  -69.586  -67.757  -65.994  -64.307  -62.709  -61.206  -59.805  -58.510  -57.324  -56.248  -55.281  -54.422  -53.668  -53.018  -52.468  -52.014  -51.653  -51.381  -51.193  -51.087  -51.058
  -77.306  -75.310  -73.315  -71.340  -69.402  -67.519  -65.704  -63.971  -62.330  -60.790  -59.357  -58.034  -56.825  -55.730  -54.749  -53.879  -53.118  -52.463  -51.911  -51.457  -51.098  -50.830  -50.648  -50.548  -50.527
  -77.364  -75.305  -73.248  -71.211  -69.215  -67.275  -65.409  -63.628  -61.945  -60.368  -58.902  -57.552  -56.321  -55.207  -54.212  -53.331  -52.563  -51.904  -51.351  -50.898  -50.541  -50.277  -50.101  -50.009  -49.997
  -77.424  -75.301  -73.180  -71.081  -69.024  -67.028  -65.109  -63.280  -61.554  -59.939  -58.441  -57.064  -55.810  -54.679  -53.670  -52.779  -52.005  -51.342  -50.788  -50.336  -49.983  -49.724  -49.555  -49.470  -49.467
  -77.488  -75.299  -73.112  -70.949  -68.830  -66.776  -64.803  -62.926  -61.156  -59.503  -57.973  -56.569  -55.293  -54.145  -53.122  -52.223  -51.442  -50.777  -50.222  -49.772  -49.423  -49.170  -49.007  -48.931  -48.937
  -77.554  -75.298  -73.044  -70.815  -68.633  -66.519  -64.492  -62.565  -60.752  -59.061  -57.498  -56.068  -54.770  -53.605  -52.570  -51.661  -50.876  -50.208  -49.653  -49.206  -48.861  -48.614  -48.459  -48.391  -48.407
  -77.624  -75.298  -72.975  -70.679  -68.432  -66.258  -64.175  -62.198  -60.340  -58.611  -57.017  -55.559  -54.241  -53.059  -52.012  -51.096  -50.305  -49.636  -49.082  -48.638  -48.298  -48.057  -47.910  -47.852  -47.877
  -77.696  -75.300  -72.906  -70.540  -68.228  -65.991  -63.851  -61.824  -59.922  -58.155  -56.528  -55.044  -53.705  -52.507  -51.449  -50.525  -49.731  -49.060  -48.508  -48.067  -47.733  -47.499  -47.361  -47.312  -47.348
  -77.773  -75.303  -72.836  -70.400  -68.019  -65.720  -63.522  -61.443  -59.496  -57.690  -56.031  -54.522  -53.162  -51.949  -50.880  -49.950  -49.152  -48.481  -47.931  -47.495  -47.167  -46.941  -46.811  -46.772  -46.819
  -77.852  -75.308  -72.766  -70.257  -67.807  -65.443  -63.186  -61.055  -59.062  -57.218  -55.527  -53.993  -52.613  -51.386  -50.306  -49.370  -48.570  -47.899  -47.352  -46.921  -46.599  -46.381  -46.261  -46.232  -46.290
  -77.936  -75.315  -72.696  -70.111  -67.590  -65.160  -62.843  -60.659  -58.621  -56.738  -55.016  -53.456  -52.057  -50.816  -49.727  -48.785  -47.983  -47.314  -46.770  -46.344  -46.030  -45.820  -45.710  -45.692  -45.762
  -78.023  -75.323  -72.625  -69.963  -67.369  -64.871  -62.494  -60.256  -58.171  -56.250  -54.496  -52.912  -51.494  -50.239  -49.142  -48.196  -47.393  -46.725  -46.185  -45.766  -45.459  -45.259  -45.159  -45.152  -45.234
  -78.114  -75.332  -72.553  -69.812  -67.143  -64.576  -62.137  -59.844  -57.714  -55.754  -53.969  -52.360  -50.924  -49.657  -48.552  -47.602  -46.798  -46.133  -45.598  -45.185  -44.887  -44.697  -44.607  -44.612  -44.706
  -78.210  -75.344  -72.481  -69.659  -66.913  -64.275  -61.772  -59.425  -57.247  -55.249  -53.433  -51.800  -50.347  -49.068  -47.956  -47.003  -46.200  -45.538  -45.008  -44.603  -44.314  -44.134  -44.055  -44.073  -44.179
  -78.310  -75.358  -72.409  -69.503  -66.678  -63.968  -61.400  -58.997  -56.772  -54.735  -52.889  -51.233  -49.763  -48.473  -47.355  -46.399  -45.597  -44.939  -44.416  -44.019  -43.739  -43.570  -43.503  -43.533  -43.653
  -78.414  -75.373  -72.335  -69.343  -66.437  -63.653  -61.020  -58.560  -56.288  -54.212  -52.336  -50.657  -49.172  -47.872  -46.748  -45.791  -44.991  -44.338  -43.822  -43.433  -43.164  -43.005  -42.951  -42.994  -43.127
  -78.524  -75.391  -72.262  -69.181  -66.192  -63.332  -60.632  -58.114  -55.794  -53.680  -51.774  -50.074  -48.573  -47.264  -46.136  -45.178  -44.381  -43.733  -43.225  -42.845  -42.587  -42.440  -42.399  -42.455  -42.602
  -78.638  -75.411  -72.187  -69.015  -65.940  -63.003  -60.234  -57.659  -55.291  -53.139  -51.204  -49.482  -47.967  -46.649  -45.517  -44.561  -43.767  -43.126  -42.625  -42.256  -42.009  -41.875  -41.846  -41.916  -42.077
  -78.758  -75.434  -72.112  -68.846  -65.683  -62.666  -59.828  -57.194  -54.778  -52.588  -50.624  -48.882  -47.354  -46.028  -44.894  -43.938  -43.149  -42.515  -42.024  -41.665  -41.430  -41.309  -41.294  -41.377  -41.554
  -78.883  -75.459  -72.036  -68.673  -65.419  -62.321  -59.412  -56.719  -54.255  -52.027  -50.035  -48.274  -46.733  -45.401  -44.265  -43.311  -42.528  -41.901  -41.420  -41.073  -40.850  -40.742  -40.741  -40.839  -41.030
  -79.015  -75.486  -71.960  -68.496  -65.149  -61.968  -58.987  -56.233  -53.721  -51.456  -49.437  -47.657  -46.104  -44.766  -43.630  -42.680  -41.903  -41.285  -40.814  -40.479  -40.269  -40.175  -40.189  -40.302  -40.508
  -79.153  -75.516  -71.883  -68.315  -64.873  -61.606  -58.552  -55.737  -53.176  -50.875  -48.829  -47.031  -45.468  -44.126  -42.989  -42.044  -41.274  -40.666  -40.206  -39.884  -39.688  -39.608  -39.636  -39.765  -39.987
  -79.297  -75.550  -71.805  -68.130  -64.589  -61.234  -58.106  -55.230  -52.621  -50.283  -48.211  -46.396  -44.824  -43.478  -42.344  -41.403  -40.642  -40.044  -39.596  -39.287  -39.105  -39.040  -39.084  -39.228  -39.466
  -79.448  -75.586  -71.726  -67.941  -64.298  -60.854  -57.649  -54.711  -52.054  -49.680  -47.583  -45.752  -44.172  -42.824  -41.692  -40.758  -40.006  -39.419  -38.985  -38.689  -38.522  -38.473  -38.532  -38.692  -38.946
  -79.607  -75.626  -71.646  -67.747  -64.000  -60.463  -57.180  -54.180  -51.475  -49.066  -46.945  -45.100  -43.512  -42.163  -41.035  -40.108  -39.366  -38.792  -38.371  -38.090  -37.938  -37.905  -37.980  -38.157  -38.428
  -79.773  -75.669  -71.566  -67.548  -63.693  -60.062  -56.700  -53.637  -50.884  -48.440  -46.297  -44.438  -42.844  -41.496  -40.373  -39.454  -38.723  -38.162  -37.755  -37.490  -37.354  -37.337  -37.429  -37.622  -37.910
  -79.947  -75.716  -71.485  -67.345  -63.377  -59.649  -56.208  -53.081  -50.280  -47.803  -45.638  -43.766  -42.169  -40.822  -39.705  -38.796  -38.077  -37.529  -37.138  -36.889  -36.769  -36.769  -36.878  -37.088  -37.393
  -80.130  -75.767  -71.403  -67.136  -63.053  -59.226  -55.703  -52.512  -49.664  -47.154  -44.968  -43.086  -41.485  -40.141  -39.031  -38.133  -37.427  -36.894  -36.519  -36.286  -36.184  -36.201  -36.327  -36.555  -36.879
  -80.323  -75.822  -71.320  -66.921  -62.720  -58.790  -55.184  -51.930  -49.035  -46.493  -44.287  -42.396  -40.793  -39.454  -38.353  -37.467  -36.774  -36.257  -35.898  -35.683  -35.598  -35.633  -35.777  -36.023  -36.365
  -80.524  -75.881  -71.236  -66.700  -62.376  -58.343  -54.652  -51.333  -48.391  -45.819  -43.595  -41.696  -40.094  -38.760  -37.669  -36.796  -36.118  -35.618  -35.276  -35.079  -35.012  -35.065  -35.228  -35.492  -35.851
  -80.737  -75.946  -71.151  -66.474  -62.023  -57.881  -54.105  -50.722  -47.735  -45.132  -42.892  -40.987  -39.386  -38.059  -36.979  -36.120  -35.459  -34.976  -34.653  -34.474  -34.426  -34.497  -34.679  -34.961  -35.339
  -80.960  -76.015  -71.065  -66.240  -61.658  -57.407  -53.544  -50.095  -47.063  -44.433  -42.178  -40.268  -38.670  -37.352  -36.285  -35.441  -34.797  -34.332  -34.028  -33.868  -33.839  -33.930  -34.130  -34.432  -34.828
  -81.195  -76.090  -70.977  -66.000  -61.282  -56.917  -52.966  -49.453  -46.377  -43.720  -41.452  -39.539  -37.946  -36.639  -35.585  -34.758  -34.133  -33.687  -33.402  -33.262  -33.253  -33.363  -33.583  -33.903  -34.318
  -81.442  -76.171  -70.889  -65.752  -60.893  -56.413  -52.372  -48.794  -45.676  -42.994  -40.715  -38.801  -37.214  -35.918  -34.881  -34.071  -33.465  -33.039  -32.775  -32.655  -32.666  -32.797  -33.036  -33.376  -33.810
  -81.702  -76.257  -70.800  -65.496  -60.492  -55.893  -51.761  -48.119  -44.959  -42.254  -39.965  -38.052  -36.474  -35.192  -34.171  -33.381  -32.795  -32.390  -32.146  -32.048  -32.080  -32.231  -32.490  -32.850  -33.303
  -81.977  -76.351  -70.709  -65.232  -60.077  -55.356  -51.133  -47.427  -44.227  -41.500  -39.204  -37.294  -35.726  -34.459  -33.456  -32.686  -32.122  -31.738  -31.517  -31.440  -31.493  -31.665  -31.945  -32.325  -32.797
  -82.266  -76.451  -70.617  -64.959  -59.647  -54.801  -50.485  -46.716  -43.478  -40.731  -38.431  -36.526  -34.970  -33.720  -32.737  -31.989  -31.446  -31.086  -30.887  -30.832  -30.907  -31.100  -31.401  -31.801  -32.293
  -82.572  -76.560  -70.523  -64.677  -59.203  -54.228  -49.819  -45.987  -42.712  -39.948  -37.645  -35.748  -34.206  -32.975  -32.013  -31.287  -30.768  -30.431  -30.256  -30.224  -30.321  -30.536  -30.858  -31.278  -31.791
  -82.895  -76.676  -70.428  -64.384  -58.742  -53.636  -49.132  -45.239  -41.929  -39.151  -36.847  -34.960  -33.434  -32.223  -31.284  -30.583  -30.088  -29.775  -29.624  -29.615  -29.736  -29.972  -30.316  -30.757  -31.290
  -83.236  -76.802  -70.332  -64.081  -58.264  -53.023  -48.424  -44.471  -41.128  -38.338  -36.037  -34.162  -32.655  -31.466  -30.551  -29.875  -29.406  -29.118  -28.991  -29.007  -29.150  -29.410  -29.775  -30.237  -30.790
  -83.597  -76.936  -70.233  -63.766  -57.768  -52.389  -47.694  -43.683  -40.310  -37.510  -35.214  -33.354  -31.867  -30.703  -29.814  -29.164  -28.721  -28.460  -28.358  -28.398  -28.566  -28.848  -29.235  -29.718  -30.292
  -83.979  -77.082  -70.133  -63.439  -57.252  -51.732  -46.942  -42.873  -39.473  -36.667  -34.379  -32.536  -31.072  -29.933  -29.072  -28.450  -28.035  -27.801  -27.725  -27.790  -27.981  -28.287  -28.696  -29.201  -29.796
  -84.384  -77.238  -70.031  -63.099  -56.716  -51.051  -46.165  -42.042  -38.617  -35.808  -33.532  -31.708  -30.270  -29.159  -28.327  -27.734  -27.347  -27.140  -27.091  -27.182  -27.398  -27.727  -28.159  -28.686  -29.301
  -84.813  -77.407  -69.928  -62.745  -56.157  -50.344  -45.363  -41.188  -37.742  -34.934  -32.671  -30.871  -29.460  -28.378  -27.577  -27.014  -26.657  -26.479  -26.457  -26.574  -26.815  -27.168  -27.622  -28.171  -28.808
  -85.269  -77.589  -69.822  -62.375  -55.575  -49.611  -44.536  -40.310  -36.847  -34.043  -31.799  -30.024  -28.643  -27.593  -26.823  -26.292  -25.966  -25.817  -25.823  -25.967  -26.233  -26.610  -27.088  -27.661  -28.317
  -85.754  -77.785  -69.714  -61.989  -54.968  -48.849  -43.681  -39.409  -35.933  -33.137  -30.913  -29.167  -27.818  -26.802  -26.066  -25.568  -25.273  -25.154  -25.189  -25.360  -25.652  -26.053  -26.554  -27.150  -27.827
  -86.269  -77.998  -69.603  -61.585  -54.334  -48.058  -42.797  -38.483  -34.998  -32.214  -30.015  -28.300  -26.986  -26.006  -25.305  -24.841  -24.579  -24.491  -24.555  -24.753  -25.071  -25.497  -26.022  -26.640  -27.340
  -86.819  -78.227  -69.490  -61.161  -53.670  -47.235  -41.885  -37.532  -34.042  -31.275  -29.105  -27.425  -26.148  -25.205  -24.541  -24.112  -23.883  -23.827  -23.921  -24.147  -24.492  -24.943  -25.492  -26.132  -26.854
  -87.405  -78.475  -69.374  -60.717  -52.976  -46.379  -40.941  -36.554  -33.065  -30.320  -28.182  -26.540  -25.303  -24.400  -23.774  -23.381  -23.187  -23.163  -23.287  -23.542  -23.913  -24.390  -24.963  -25.626  -26.370
  -88.030  -78.744  -69.255  -60.250  -52.249  -45.487  -39.965  -35.550  -32.067  -29.348  -27.247  -25.646  -24.451  -23.590  -23.004  -22.649  -22.490  -22.499  -22.654  -22.938  -23.336  -23.838  -24.435  -25.122  -25.890
  -88.698  -79.036  -69.133  -59.758  -51.485  -44.558  -38.956  -34.518  -31.048  -28.360  -26.300  -24.743  -23.593  -22.775  -22.231  -21.914  -21.792  -21.834  -22.021  -22.334  -22.760  -23.288  -23.910  -24.619  -25.410
  -89.414  -79.353  -69.007  -59.239  -50.683  -43.590  -37.912  -33.458  -30.006  -27.356  -25.341  -23.832  -22.729  -21.957  -21.455  -21.179  -21.093  -21.170  -21.388  -21.731  -22.185  -22.739  -23.386  -24.119  -24.932
  -90.181  -79.698  -68.877  -58.690  -49.839  -42.579  -36.832  -32.369  -28.943  -26.335  -24.369  -22.912  -21.859  -21.134  -20.677  -20.441  -20.394  -20.506  -20.757  -21.130  -21.611  -22.192  -22.863  -23.620  -24.457
  -91.005  -80.074  -68.743  -58.108  -48.950  -41.525  -35.714  -31.251  -27.858  -25.298  -23.387  -21.984  -20.984  -20.308  -19.896  -19.703  -19.694  -19.842  -20.126  -20.529  -21.039  -21.646  -22.343  -23.123  -23.983
  -91.890  -80.485  -68.604  -57.490  -48.012  -40.423  -34.557  -30.103  -26.750  -24.245  -22.392  -21.048  -20.103  -19.478  -19.113  -18.964  -18.994  -19.178  -19.495  -19.930  -20.468  -21.102  -21.824  -22.628  -23.511
  -92.843  -80.935  -68.459  -56.832  -47.022  -39.272  -33.360  -28.924  -25.620  -23.176  -21.387  -20.104  -19.217  -18.645  -18.329  -18.223  -18.294  -18.515  -18.866  -19.331  -19.899  -20.560  -21.307  -22.135  -23.041
  -93.870  -81.429  -68.309  -56.130  -45.975  -38.068  -32.122  -27.714  -24.468  -22.091  -20.371  -19.153  -18.326  -17.809  -17.543  -17.482  -17.594  -17.852  -18.238  -18.735  -19.332  -20.020  -20.792  -21.644  -22.574
  -94.979  -81.972  -68.152  -55.378  -44.865  -36.809  -30.840  -26.473  -23.294  -20.991  -19.344  -18.194  -17.430  -16.970  -16.755  -16.741  -16.894  -17.191  -17.610  -18.139  -18.765  -19.481  -20.279  -21.155  -22.108
  -96.179  -82.572  -67.988  -54.571  -43.688  -35.492  -29.515  -25.201  -22.097  -19.876  -18.307  -17.229  -16.530  -16.129  -15.966  -15.999  -16.195  -16.530  -16.984  -17.545  -18.201  -18.944  -19.768  -20.668  -21.645
  -97.479  -83.235  -67.815  -53.703  -42.438  -34.112  -28.143  -23.896  -20.879  -18.746  -17.260  -16.258  -15.626  -15.285  -15.176  -15.257  -15.496  -15.870  -16.360  -16.953  -17.638  -18.409  -19.261  -20.183  -21.184
  -98.889  -83.972  -67.633  -52.764  -41.108  -32.668  -26.725  -22.560  -19.640  -17.602  -16.204  -15.280  -14.719  -14.439  -14.385  -14.515  -14.798  -15.211  -15.736  -16.362  -17.078  -17.876  -18.754  -19.700  -20.725
 -100.421  -84.793  -67.439  -51.747  -39.692  -31.156  -25.260  -21.192  -18.379  -16.444  -15.138  -14.297  -13.808  -13.592  -13.594  -13.773  -14.100  -14.553  -15.115  -15.773  -16.519  -17.345  -18.248  -19.220  -20.268
 -102.087  -85.712  -67.232  -50.640  -38.181  -29.573  -23.746  -19.791  -17.097  -15.272  -14.064  -13.309  -12.894  -12.743  -12.802  -13.032  -13.403  -13.896  -14.494  -15.186  -15.961  -16.816  -17.745  -18.744  -19.814
 -103.902  -86.746  -67.010  -49.431  -36.568  -27.915  -22.183  -18.360  -15.796  -14.088  -12.983  -12.315  -11.977  -11.893  -12.010  -12.291  -12.708  -13.241  -13.876  -14.600  -15.406  -16.289  -17.244  -18.268  -19.362
 -105.880  -87.912  -66.770  -48.106  -34.844  -26.180  -20.570  -16.897  -14.475  -12.892  -11.893  -11.318  -11.058  -11.041  -11.217  -11.550  -12.013  -12.587  -13.259  -14.016  -14.853  -15.764  -16.745  -17.794  -18.912
