  38.369  38.462  38.510  38.539  38.554  38.559  38.556  38.546  38.529  38.506  38.478  38.443  38.404  38.360  38.310  38.256  38.197  38.133  38.063  37.988  37.907  37.817  37.717  37.600  37.441
  39.011  39.039  39.056  39.063  39.062  39.054  39.038  39.016  38.987  38.951  38.910  38.863  38.810  38.752  38.688  38.620  38.546  38.468  38.385  38.298  38.206  38.109  38.006  37.899  37.784
  39.522  39.539  39.548  39.547  39.538  39.521  39.496  39.464  39.425  39.378  39.325  39.265  39.198  39.126  39.046  38.962  38.873  38.778  38.679  38.575  38.466  38.353  38.236  38.114  37.988
  39.980  39.994  39.998  39.993  39.979  39.955  39.923  39.882  39.833  39.776  39.711  39.638  39.558  39.472  39.378  39.278  39.172  39.059  38.942  38.820  38.693  38.561  38.426  38.286  38.142
  40.419  40.431  40.433  40.423  40.404  40.375  40.335  40.286  40.228  40.160  40.084  39.999  39.905  39.804  39.695  39.579  39.456  39.327  39.192  39.049  38.903  38.752  38.597  38.437  38.273
  40.847  40.858  40.857  40.845  40.821  40.786  40.739  40.682  40.615  40.537  40.449  40.351  40.244  40.128  40.004  39.871  39.731  39.584  39.430  39.270  39.103  38.932  38.756  38.576  38.392
  41.268  41.279  41.276  41.261  41.232  41.192  41.139  41.073  40.996  40.908  40.808  40.698  40.577  40.447  40.306  40.157  40.000  39.835  39.662  39.482  39.297  39.104  38.908  38.707  38.502
  41.685  41.695  41.691  41.673  41.640  41.594  41.534  41.461  41.375  41.276  41.164  41.041  40.906  40.761  40.605  40.439  40.264  40.080  39.889  39.690  39.484  39.272  39.054  38.832  38.605
  42.099  42.109  42.103  42.082  42.046  41.994  41.927  41.846  41.750  41.640  41.517  41.381  41.232  41.072  40.900  40.717  40.524  40.322  40.111  39.892  39.666  39.434  39.195  38.951  38.703
  42.510  42.521  42.514  42.490  42.449  42.392  42.318  42.229  42.124  42.003  41.868  41.719  41.556  41.380  41.192  40.992  40.781  40.560  40.330  40.091  39.845  39.591  39.332  39.066  38.797
  42.920  42.931  42.923  42.896  42.851  42.788  42.708  42.610  42.495  42.364  42.217  42.054  41.877  41.686  41.481  41.264  41.036  40.796  40.546  40.287  40.020  39.746  39.465  39.178  38.886
  43.195  43.209  43.204  43.178  43.132  43.066  42.982  42.878  42.756  42.616  42.459  42.285  42.096  41.891  41.672  41.439  41.193  40.936  40.668  40.390  40.102  39.807  39.505  39.196  38.881
  43.398  43.420  43.419  43.396  43.351  43.284  43.197  43.089  42.961  42.813  42.647  42.463  42.262  42.044  41.810  41.562  41.300  41.025  40.739  40.441  40.133  39.816  39.491  39.159  38.819
  43.557  43.589  43.595  43.576  43.534  43.467  43.378  43.266  43.133  42.979  42.804  42.610  42.397  42.166  41.919  41.655  41.377  41.084  40.779  40.461  40.132  39.793  39.445  39.086  38.721
  43.674  43.719  43.734  43.722  43.683  43.619  43.529  43.414  43.276  43.116  42.933  42.729  42.505  42.262  42.001  41.722  41.427  41.116  40.792  40.454  40.103  39.741  39.367  38.981  38.588
  43.906  43.958  43.979  43.969  43.931  43.865  43.772  43.652  43.508  43.339  43.147  42.932  42.696  42.439  42.163  41.868  41.556  41.228  40.884  40.527  40.155  39.771  39.375  38.965  38.547
  44.363  44.411  44.427  44.412  44.367  44.293  44.191  44.062  43.907  43.727  43.521  43.293  43.042  42.770  42.477  42.166  41.837  41.491  41.129  40.752  40.362  39.960  39.546  39.120  38.683
  44.811  44.856  44.868  44.847  44.797  44.716  44.605  44.467  44.301  44.108  43.890  43.648  43.382  43.094  42.786  42.457  42.110  41.746  41.366  40.970  40.561  40.140  39.707  39.263  38.807
  45.253  45.295  45.303  45.278  45.221  45.133  45.014  44.866  44.690  44.485  44.254  43.998  43.717  43.414  43.088  42.743  42.378  41.995  41.596  41.181  40.753  40.313  39.860  39.397  38.923
  45.689  45.729  45.733  45.704  45.641  45.546  45.419  45.262  45.074  44.858  44.614  44.343  44.048  43.728  43.386  43.023  42.640  42.238  41.820  41.387  40.939  40.478  40.007  39.524  39.031
  46.121  46.158  46.160  46.126  46.058  45.956  45.821  45.654  45.455  45.227  44.970  44.685  44.374  44.038  43.679  43.298  42.897  42.477  42.039  41.586  41.119  40.638  40.147  39.645  39.134
  46.549  46.585  46.583  46.546  46.472  46.363  46.219  46.043  45.833  45.593  45.322  45.023  44.697  44.345  43.969  43.570  43.150  42.711  42.254  41.781  41.293  40.793  40.281  39.759  39.229
  46.973  47.008  47.004  46.962  46.883  46.767  46.615  46.429  46.209  45.956  45.672  45.358  45.016  44.648  44.254  43.837  43.399  42.940  42.464  41.971  41.463  40.943  40.411  39.869  39.318
  47.395  47.429  47.423  47.377  47.292  47.169  47.009  46.813  46.581  46.316  46.019  45.690  45.333  44.947  44.536  44.101  43.644  43.166  42.670  42.157  41.629  41.088  40.535  39.973  39.402
  47.815  47.848  47.839  47.789  47.699  47.569  47.401  47.195  46.952  46.674  46.363  46.020  45.646  45.244  44.815  44.362  43.885  43.388  42.872  42.338  41.790  41.228  40.655  40.072  39.481
  48.233  48.265  48.254  48.200  48.104  47.968  47.791  47.575  47.321  47.030  46.705  46.347  45.957  45.538  45.091  44.619  44.124  43.607  43.070  42.516  41.947  41.365  40.771  40.167  39.556
  48.649  48.680  48.667  48.609  48.508  48.364  48.179  47.953  47.687  47.384  47.045  46.672  46.266  45.829  45.365  44.874  44.359  43.822  43.265  42.690  42.101  41.497  40.882  40.258  39.626
  49.064  49.094  49.079  49.017  48.911  48.760  48.566  48.329  48.052  47.736  47.383  46.994  46.572  46.118  45.635  45.125  44.591  44.034  43.456  42.861  42.250  41.626  40.990  40.345  39.692
  49.477  49.507  49.489  49.424  49.312  49.154  48.951  48.705  48.416  48.087  47.719  47.314  46.875  46.404  45.903  45.374  44.820  44.242  43.644  43.028  42.396  41.751  41.094  40.427  39.754
  49.889  49.919  49.899  49.830  49.713  49.547  49.336  49.079  48.778  48.435  48.053  47.633  47.177  46.688  46.168  45.620  45.046  44.448  43.829  43.192  42.539  41.872  41.194  40.506  39.812
  50.300  50.330  50.308  50.235  50.112  49.940  49.719  49.451  49.138  48.782  48.385  47.949  47.476  46.969  46.431  45.863  45.269  44.651  44.011  43.353  42.678  41.990  41.290  40.582  39.866
  50.710  50.739  50.716  50.639  50.511  50.331  50.101  49.823  49.498  49.128  48.716  48.264  47.774  47.249  46.691  46.104  45.489  44.850  44.190  43.510  42.814  42.105  41.383  40.653  39.917
  51.119  51.149  51.123  51.043  50.908  50.721  50.482  50.193  49.856  49.472  49.045  48.576  48.069  47.525  46.949  46.342  45.707  45.047  44.365  43.664  42.947  42.216  41.473  40.721  39.964
  51.528  51.557  51.530  51.446  51.306  51.111  50.862  50.562  50.213  49.815  49.372  48.887  48.362  47.800  47.204  46.577  45.922  45.241  44.538  43.815  43.076  42.323  41.559  40.786  40.007
  51.936  51.965  51.936  51.848  51.702  51.500  51.242  50.931  50.568  50.156  49.698  49.196  48.653  48.073  47.457  46.810  46.134  45.432  44.708  43.963  43.203  42.428  41.642  40.847  40.047
  52.343  52.373  52.342  52.250  52.098  51.888  51.621  51.298  50.923  50.496  50.023  49.504  48.943  48.343  47.708  47.040  46.343  45.620  44.874  44.108  43.326  42.529  41.721  40.905  40.084
  52.750  52.780  52.747  52.651  52.494  52.276  51.999  51.665  51.276  50.835  50.345  49.809  49.230  48.611  47.956  47.268  46.550  45.805  45.038  44.250  43.446  42.627  41.798  40.960  40.117
  53.157  53.187  53.152  53.052  52.889  52.663  52.376  52.030  51.628  51.173  50.667  50.113  49.515  48.877  48.202  47.493  46.754  45.988  45.199  44.389  43.562  42.722  41.871  41.011  40.146
  53.563  53.593  53.557  53.453  53.284  53.049  52.752  52.395  51.979  51.509  50.986  50.415  49.799  49.141  48.446  47.716  46.955  46.168  45.356  44.525  43.676  42.814  41.940  41.059  40.173
  53.968  53.999  53.961  53.854  53.678  53.436  53.128  52.759  52.329  51.844  51.304  50.715  50.080  49.403  48.687  47.936  47.154  46.344  45.511  44.657  43.787  42.902  42.007  41.104  40.196
  54.374  54.405  54.365  54.254  54.072  53.821  53.504  53.122  52.679  52.177  51.621  51.014  50.360  49.662  48.926  48.154  47.350  46.519  45.663  44.787  43.894  42.987  42.070  41.145  40.216
  54.779  54.811  54.769  54.654  54.465  54.206  53.878  53.484  53.027  52.509  51.936  51.311  50.637  49.920  49.162  48.369  47.543  46.690  45.812  44.914  43.998  43.069  42.130  41.183  40.233
  55.184  55.217  55.173  55.053  54.859  54.591  54.252  53.845  53.374  52.841  52.250  51.606  50.913  50.175  49.396  48.581  47.734  46.858  45.958  45.037  44.099  43.148  42.187  41.218  40.246
  55.588  55.622  55.577  55.453  55.252  54.975  54.626  54.206  53.720  53.170  52.562  51.899  51.187  50.428  49.628  48.791  47.922  47.024  46.101  45.158  44.198  43.224  42.240  41.250  40.256
  55.993  56.027  55.980  55.852  55.645  55.359  54.999  54.566  54.064  53.499  52.873  52.191  51.458  50.679  49.857  48.998  48.107  47.186  46.241  45.275  44.292  43.297  42.291  41.279  40.263
  56.397  56.433  56.384  56.252  56.038  55.743  55.371  54.925  54.408  53.826  53.182  52.481  51.727  50.927  50.084  49.203  48.289  47.346  46.378  45.389  44.384  43.366  42.338  41.304  40.267
  56.801  56.838  56.788  56.651  56.430  56.126  55.743  55.283  54.751  54.152  53.489  52.769  51.995  51.173  50.308  49.405  48.468  47.503  46.512  45.501  44.473  43.432  42.382  41.326  40.267
  57.205  57.243  57.191  57.050  56.822  56.509  56.114  55.640  55.093  54.476  53.795  53.055  52.260  51.417  50.530  49.604  48.645  47.656  46.643  45.609  44.558  43.495  42.423  41.345  40.265
  57.609  57.648  57.595  57.450  57.214  56.892  56.484  55.997  55.434  54.799  54.099  53.339  52.523  51.658  50.749  49.801  48.819  47.807  46.771  45.714  44.641  43.555  42.460  41.361  40.259
  58.013  58.053  57.998  57.849  57.606  57.274  56.854  56.353  55.773  55.121  54.402  53.621  52.784  51.897  50.966  49.995  48.990  47.955  46.896  45.816  44.720  43.612  42.495  41.373  40.249
  58.417  58.458  58.402  58.248  57.998  57.656  57.224  56.708  56.112  55.441  54.702  53.901  53.043  52.134  51.180  50.186  49.158  48.100  47.017  45.915  44.796  43.665  42.526  41.382  40.237
  58.821  58.864  58.805  58.647  58.390  58.037  57.593  57.062  56.449  55.760  55.002  54.179  53.300  52.368  51.391  50.374  49.323  48.242  47.136  46.010  44.869  43.715  42.554  41.388  40.222
  59.225  59.269  59.209  59.046  58.781  58.418  57.961  57.415  56.785  56.078  55.299  54.456  53.554  52.600  51.600  50.560  49.485  48.380  47.251  46.103  44.938  43.762  42.579  41.391  40.203
  59.628  59.674  59.613  59.445  59.173  58.799  58.329  57.767  57.120  56.393  55.594  54.730  53.806  52.829  51.806  50.742  49.644  48.516  47.364  46.192  45.004  43.806  42.600  41.391  40.181
  60.032  60.080  60.017  59.844  59.564  59.180  58.696  58.119  57.454  56.708  55.888  55.002  54.055  53.055  52.009  50.922  49.800  48.648  47.473  46.278  45.067  43.846  42.618  41.387  40.156
  60.436  60.486  60.421  60.244  59.955  59.560  59.063  58.469  57.786  57.021  56.180  55.272  54.302  53.279  52.209  51.098  49.953  48.778  47.579  46.360  45.127  43.883  42.633  41.380  40.127
  60.839  60.891  60.826  60.643  60.347  59.940  59.429  58.819  58.117  57.332  56.470  55.539  54.547  53.501  52.407  51.272  50.103  48.904  47.681  46.440  45.184  43.917  42.645  41.370  40.096
  61.243  61.297  61.230  61.043  60.738  60.320  59.794  59.167  58.447  57.642  56.758  55.805  54.789  53.719  52.601  51.443  50.249  49.027  47.781  46.516  45.237  43.948  42.653  41.356  40.061
  61.647  61.703  61.635  61.442  61.129  60.699  60.159  59.515  58.776  57.949  57.044  56.068  55.029  53.935  52.793  51.610  50.393  49.146  47.877  46.588  45.287  43.975  42.658  41.340  40.023
  62.051  62.110  62.040  61.842  61.520  61.078  60.523  59.862  59.103  58.256  57.328  56.329  55.266  54.148  52.982  51.775  50.533  49.263  47.969  46.658  45.333  43.999  42.660  41.320  39.981
  62.455  62.516  62.445  62.242  61.910  61.456  60.886  60.207  59.429  58.560  57.610  56.587  55.500  54.358  53.167  51.936  50.670  49.376  48.059  46.724  45.376  44.020  42.658  41.296  39.937
  62.858  62.923  62.850  62.641  62.301  61.834  61.248  60.552  59.753  58.863  57.889  56.843  55.732  54.565  53.350  52.094  50.804  49.485  48.145  46.787  45.416  44.037  42.654  41.270  39.889
  63.262  63.329  63.255  63.041  62.692  62.212  61.610  60.895  60.076  59.163  58.167  57.096  55.961  54.769  53.529  52.249  50.934  49.592  48.227  46.846  45.452  44.051  42.645  41.240  39.838
  63.666  63.736  63.661  63.442  63.082  62.589  61.971  61.237  60.397  59.462  58.442  57.347  56.187  54.970  53.706  52.400  51.061  49.695  48.306  46.902  45.485  44.061  42.634  41.207  39.784
  64.070  64.144  64.067  63.842  63.473  62.966  62.332  61.578  60.717  59.759  58.715  57.595  56.410  55.168  53.879  52.548  51.185  49.794  48.382  46.954  45.515  44.068  42.619  41.171  39.726
  64.474  64.551  64.473  64.242  63.863  63.343  62.691  61.918  61.035  60.054  58.985  57.841  56.630  55.363  54.048  52.693  51.305  49.890  48.454  47.003  45.541  44.072  42.601  41.131  39.665
  64.878  64.959  64.880  64.643  64.253  63.719  63.050  62.256  61.351  60.346  59.253  58.084  56.848  55.555  54.215  52.835  51.422  49.983  48.523  47.048  45.563  44.072  42.579  41.088  39.601
  65.282  65.367  65.287  65.044  64.644  64.095  63.407  62.594  61.666  60.637  59.519  58.323  57.062  55.744  54.378  52.972  51.535  50.071  48.588  47.090  45.583  44.069  42.554  41.041  39.534
  65.686  65.775  65.694  65.445  65.034  64.470  63.764  62.929  61.978  60.925  59.781  58.560  57.273  55.929  54.537  53.107  51.644  50.157  48.650  47.129  45.598  44.063  42.526  40.992  39.463
  66.090  66.183  66.101  65.846  65.424  64.845  64.120  63.264  62.289  61.211  60.042  58.794  57.481  56.111  54.693  53.238  51.750  50.239  48.708  47.164  45.610  44.053  42.494  40.939  39.390
  66.494  66.592  66.509  66.247  65.814  65.219  64.475  63.596  62.598  61.494  60.299  59.025  57.685  56.289  54.846  53.365  51.853  50.317  48.762  47.195  45.619  44.039  42.459  40.883  39.312
  66.899  67.001  66.917  66.648  66.203  65.592  64.829  63.927  62.905  61.775  60.554  59.253  57.887  56.464  54.995  53.488  51.952  50.391  48.813  47.222  45.624  44.022  42.421  40.823  39.232
  67.303  67.410  67.325  67.050  66.593  65.965  65.181  64.257  63.209  62.054  60.805  59.478  58.084  56.635  55.140  53.608  52.046  50.462  48.860  47.246  45.626  44.002  42.379  40.760  39.148
  67.707  67.820  67.734  67.452  66.982  66.337  65.533  64.585  63.512  62.329  61.054  59.700  58.279  56.803  55.282  53.724  52.138  50.529  48.903  47.267  45.624  43.978  42.333  40.693  39.062
  68.111  68.230  68.143  67.854  67.371  66.709  65.883  64.911  63.812  62.603  61.300  59.918  58.470  56.967  55.420  53.837  52.225  50.592  48.943  47.284  45.618  43.950  42.285  40.624  38.972
  68.515  68.640  68.553  68.256  67.761  67.080  66.232  65.235  64.110  62.873  61.542  60.132  58.657  57.127  55.554  53.945  52.309  50.652  48.979  47.297  45.609  43.919  42.232  40.551  38.878
  68.919  69.050  68.962  68.659  68.149  67.450  66.579  65.558  64.405  63.140  61.781  60.343  58.840  57.284  55.684  54.050  52.389  50.707  49.011  47.306  45.596  43.885  42.177  40.474  38.781
  69.323  69.461  69.373  69.061  68.538  67.819  66.926  65.878  64.698  63.405  62.017  60.551  59.020  57.436  55.810  54.150  52.464  50.759  49.040  47.312  45.580  43.847  42.117  40.394  38.681
  69.726  69.872  69.783  69.464  68.926  68.188  67.270  66.196  64.988  63.666  62.250  60.755  59.196  57.585  55.932  54.247  52.536  50.807  49.064  47.314  45.559  43.805  42.055  40.311  38.577
  70.130  70.284  70.194  69.867  69.314  68.555  67.613  66.512  65.275  63.924  62.478  60.955  59.368  57.730  56.051  54.340  52.604  50.851  49.085  47.312  45.536  43.760  41.989  40.224  38.471
  70.533  70.695  70.606  70.270  69.702  68.922  67.955  66.826  65.560  64.179  62.704  61.151  59.536  57.870  56.165  54.428  52.668  50.891  49.102  47.306  45.508  43.712  41.919  40.134  38.360
  70.936  71.107  71.018  70.673  70.089  69.288  68.294  67.137  65.841  64.430  62.925  61.344  59.700  58.007  56.275  54.513  52.728  50.927  49.115  47.297  45.477  43.659  41.846  40.041  38.247
  71.339  71.519  71.430  71.077  70.476  69.652  68.632  67.446  66.119  64.678  63.143  61.532  59.860  58.139  56.381  54.593  52.784  50.959  49.124  47.284  45.443  43.604  41.770  39.944  38.130
  71.742  71.932  71.843  71.480  70.863  70.015  68.968  67.752  66.395  64.922  63.357  61.716  60.015  58.267  56.482  54.669  52.836  50.987  49.130  47.267  45.404  43.544  41.690  39.844  38.010
  72.144  72.345  72.256  71.884  71.249  70.377  69.302  68.055  66.667  65.163  63.566  61.896  60.166  58.391  56.580  54.741  52.883  51.011  49.131  47.247  45.362  43.481  41.606  39.741  37.886
  72.546  72.758  72.670  72.288  71.634  70.738  69.634  68.355  66.935  65.400  63.772  62.071  60.313  58.510  56.673  54.809  52.927  51.031  49.128  47.222  45.316  43.415  41.519  39.634  37.759
  72.948  73.172  73.084  72.692  72.019  71.097  69.963  68.653  67.200  65.632  63.973  62.243  60.456  58.625  56.761  54.872  52.966  51.047  49.122  47.194  45.267  43.344  41.429  39.523  37.629
  73.349  73.585  73.498  73.097  72.404  71.455  70.290  68.947  67.461  65.861  64.170  62.409  60.593  58.735  56.845  54.931  53.001  51.059  49.111  47.162  45.214  43.271  41.335  39.410  37.496
  73.750  73.999  73.914  73.501  72.787  71.811  70.614  69.238  67.718  66.085  64.363  62.571  60.727  58.841  56.925  54.986  53.031  51.067  49.097  47.126  45.157  43.193  41.238  39.292  37.359
  74.149  74.414  74.329  73.905  73.170  72.165  70.936  69.525  67.971  66.304  64.550  62.729  60.855  58.942  57.000  55.036  53.058  51.070  49.078  47.086  45.096  43.112  41.137  39.172  37.219
  74.548  74.828  74.745  74.310  73.552  72.517  71.254  69.809  68.220  66.520  64.733  62.881  60.979  59.039  57.070  55.082  53.080  51.070  49.056  47.042  45.032  43.028  41.032  39.049  37.075
  74.947  75.243  75.162  74.714  73.933  72.868  71.570  70.089  68.464  66.730  64.912  63.029  61.098  59.130  57.136  55.123  53.098  51.065  49.029  46.995  44.964  42.939  40.924  38.921  36.928
  75.344  75.658  75.579  75.119  74.313  73.216  71.882  70.365  68.704  66.936  65.085  63.172  61.212  59.217  57.197  55.160  53.111  51.056  48.999  46.943  44.892  42.848  40.813  38.790  36.778
  75.740  76.073  75.997  75.523  74.692  73.561  72.191  70.636  68.940  67.136  65.253  63.309  61.321  59.299  57.254  55.192  53.120  51.043  48.964  46.888  44.816  42.752  40.698  38.656  36.624
  76.135  76.488  76.415  75.928  75.070  73.904  72.497  70.903  69.170  67.332  65.416  63.441  61.424  59.376  57.305  55.220  53.125  51.026  48.926  46.829  44.737  42.653  40.579  38.518  36.467
  76.529  76.904  76.834  76.332  75.446  74.245  72.798  71.166  69.395  67.522  65.573  63.569  61.523  59.448  57.352  55.243  53.125  51.004  48.883  46.765  44.654  42.550  40.457  38.377  36.309
  76.921  77.319  77.254  76.736  75.821  74.582  73.096  71.424  69.615  67.707  65.725  63.690  61.616  59.515  57.394  55.261  53.121  50.978  48.836  46.698  44.567  42.444  40.332  38.232  36.145
  77.311  77.735  77.674  77.140  76.194  74.916  73.389  71.676  69.830  67.886  65.872  63.806  61.705  59.577  57.431  55.275  53.112  50.948  48.785  46.627  44.476  42.334  40.203  38.084  35.978
  77.699  78.151  78.094  77.544  76.565  75.247  73.677  71.923  70.038  68.059  66.012  63.917  61.787  59.634  57.464  55.284  53.099  50.914  48.731  46.552  44.382  42.221  40.070  37.933  35.808
  78.085  78.566  78.515  77.947  76.934  75.574  73.960  72.165  70.241  68.227  66.147  64.022  61.865  59.685  57.491  55.288  53.082  50.875  48.672  46.474  44.284  42.103  39.934  37.778  35.635
  78.469  78.982  78.937  78.350  77.300  75.897  74.239  72.401  70.438  68.388  66.276  64.121  61.936  59.731  57.513  55.288  53.060  50.832  48.608  46.391  44.182  41.983  39.795  37.620  35.458
  78.849  79.397  79.360  78.752  77.665  76.216  74.512  72.631  70.629  68.543  66.399  64.215  62.003  59.772  57.530  55.283  53.033  50.785  48.541  46.304  44.076  41.858  39.652  37.458  35.278
  79.226  79.812  79.783  79.154  78.026  76.530  74.778  72.854  70.813  68.692  66.516  64.302  62.063  59.808  57.543  55.273  53.002  50.733  48.470  46.214  43.967  41.730  39.505  37.293  35.094
  79.600  80.226  80.206  79.555  78.384  76.839  75.039  73.071  70.990  68.834  66.626  64.383  62.118  59.838  57.550  55.258  52.966  50.677  48.394  46.119  43.853  41.598  39.355  37.124  34.907
  79.969  80.640  80.631  79.954  78.739  77.142  75.293  73.281  71.160  68.969  66.730  64.459  62.167  59.863  57.552  55.238  52.926  50.617  48.315  46.021  43.736  41.463  39.202  36.952  34.717
  80.334  81.053  81.056  80.353  79.089  77.440  75.541  73.483  71.324  69.097  66.827  64.528  62.211  59.882  57.549  55.214  52.881  50.553  48.231  45.918  43.616  41.324  39.046  36.776  34.523
  80.693  81.465  81.481  80.750  79.436  77.731  75.781  73.678  71.479  69.218  66.918  64.591  62.248  59.896  57.540  55.184  52.831  50.484  48.144  45.812  43.491  41.181  38.885  36.597  34.326
  81.046  81.876  81.908  81.146  79.777  78.015  76.013  73.865  71.627  69.333  67.001  64.647  62.280  59.905  57.527  55.150  52.777  50.411  48.052  45.702  43.363  41.035  38.721  36.415  34.126
  81.391  82.285  82.335  81.540  80.113  78.291  76.237  74.044  71.768  69.439  67.078  64.698  62.305  59.907  57.508  55.111  52.719  50.333  47.956  45.588  43.231  40.885  38.553  36.231  33.922
  81.729  82.693  82.762  81.931  80.443  78.560  76.452  74.214  71.900  69.538  67.148  64.741  62.325  59.905  57.485  55.067  52.656  50.251  47.856  45.470  43.095  40.732  38.382  36.042  33.715
  82.057  83.098  83.191  82.320  80.766  78.820  76.658  74.376  72.024  69.630  67.211  64.778  62.338  59.896  57.455  55.019  52.588  50.165  47.751  45.348  42.956  40.575  38.207  35.849  33.504
