  36.559  36.714  36.831  36.931  37.021  37.104  37.180  37.252  37.319  37.381  37.438  37.491  37.540  37.583  37.622  37.655  37.683  37.705  37.721  37.729  37.730  37.721  37.700  37.659  37.576
  36.861  36.976  37.085  37.188  37.288  37.382  37.473  37.559  37.641  37.718  37.791  37.859  37.923  37.981  38.034  38.081  38.123  38.158  38.188  38.210  38.226  38.234  38.234  38.225  38.206
  37.032  37.159  37.282  37.402  37.518  37.630  37.738  37.841  37.940  38.035  38.124  38.208  38.287  38.362  38.429  38.490  38.544  38.592  38.632  38.665  38.691  38.709  38.718  38.719  38.711
  37.154  37.300  37.442  37.581  37.716  37.847  37.974  38.096  38.214  38.327  38.434  38.534  38.629  38.716  38.797  38.871  38.937  38.996  39.046  39.089  39.122  39.147  39.163  39.170  39.167
  37.256  37.422  37.584  37.743  37.898  38.049  38.196  38.338  38.474  38.604  38.728  38.845  38.956  39.058  39.153  39.240  39.318  39.387  39.447  39.498  39.540  39.571  39.592  39.603  39.603
  37.346  37.532  37.715  37.895  38.071  38.242  38.409  38.570  38.725  38.873  39.015  39.149  39.274  39.392  39.501  39.600  39.691  39.771  39.841  39.900  39.949  39.986  40.012  40.027  40.030
  37.427  37.634  37.839  38.040  38.236  38.429  38.615  38.796  38.970  39.136  39.295  39.446  39.588  39.721  39.844  39.956  40.058  40.149  40.229  40.297  40.353  40.396  40.427  40.445  40.450
  37.501  37.730  37.956  38.178  38.397  38.610  38.816  39.017  39.210  39.395  39.572  39.740  39.898  40.046  40.183  40.308  40.423  40.524  40.614  40.690  40.753  40.802  40.838  40.860  40.867
  37.571  37.822  38.069  38.314  38.553  38.786  39.013  39.234  39.446  39.650  39.845  40.030  40.204  40.367  40.519  40.658  40.784  40.897  40.996  41.081  41.151  41.206  41.246  41.271  41.280
  37.636  37.909  38.178  38.444  38.704  38.959  39.207  39.447  39.679  39.902  40.115  40.317  40.508  40.687  40.853  41.005  41.143  41.267  41.376  41.470  41.547  41.608  41.653  41.681  41.692
  37.697  37.992  38.283  38.571  38.853  39.128  39.397  39.658  39.909  40.151  40.382  40.602  40.809  41.004  41.184  41.350  41.501  41.636  41.755  41.857  41.942  42.009  42.058  42.089  42.102
  37.672  37.989  38.304  38.613  38.916  39.212  39.500  39.780  40.050  40.309  40.557  40.792  41.014  41.222  41.415  41.593  41.753  41.897  42.023  42.131  42.220  42.290  42.340  42.371  42.381
  37.595  37.937  38.274  38.606  38.931  39.248  39.556  39.855  40.143  40.420  40.684  40.934  41.170  41.391  41.595  41.783  41.953  42.104  42.236  42.348  42.440  42.511  42.560  42.588  42.592
  37.483  37.852  38.213  38.570  38.917  39.255  39.584  39.902  40.208  40.502  40.782  41.047  41.297  41.530  41.746  41.944  42.122  42.280  42.417  42.533  42.626  42.696  42.743  42.765  42.762
  37.340  37.737  38.125  38.506  38.876  39.236  39.586  39.923  40.248  40.559  40.855  41.135  41.399  41.644  41.871  42.077  42.263  42.427  42.569  42.687  42.780  42.848  42.890  42.905  42.892
  37.282  37.703  38.115  38.519  38.911  39.292  39.662  40.019  40.362  40.690  41.003  41.299  41.577  41.836  42.075  42.292  42.488  42.660  42.808  42.931  43.027  43.097  43.138  43.150  43.131
  37.388  37.826  38.256  38.679  39.090  39.490  39.879  40.254  40.616  40.963  41.294  41.607  41.901  42.176  42.430  42.662  42.870  43.055  43.214  43.347  43.453  43.531  43.579  43.598  43.585
  37.483  37.939  38.390  38.830  39.260  39.680  40.088  40.483  40.864  41.229  41.578  41.908  42.220  42.510  42.779  43.025  43.247  43.444  43.614  43.758  43.872  43.958  44.014  44.038  44.030
  37.569  38.044  38.514  38.974  39.424  39.863  40.291  40.705  41.105  41.489  41.856  42.204  42.533  42.840  43.124  43.384  43.620  43.829  44.010  44.163  44.287  44.380  44.442  44.472  44.469
  37.648  38.143  38.632  39.111  39.581  40.041  40.488  40.922  41.342  41.745  42.130  42.496  42.841  43.164  43.464  43.739  43.988  44.209  44.402  44.565  44.698  44.799  44.867  44.902  44.903
  37.720  38.234  38.743  39.243  39.733  40.213  40.681  41.135  41.573  41.995  42.399  42.783  43.146  43.485  43.801  44.090  44.352  44.586  44.790  44.963  45.105  45.213  45.288  45.328  45.332
  37.787  38.322  38.850  39.370  39.880  40.380  40.868  41.342  41.801  42.242  42.665  43.067  43.447  43.803  44.134  44.438  44.714  44.960  45.176  45.359  45.509  45.625  45.706  45.750  45.758
  37.848  38.403  38.951  39.491  40.023  40.543  41.051  41.546  42.024  42.485  42.926  43.347  43.744  44.117  44.464  44.783  45.073  45.332  45.558  45.752  45.911  46.034  46.121  46.170  46.181
  37.904  38.479  39.047  39.609  40.161  40.702  41.231  41.745  42.244  42.724  43.184  43.623  44.038  44.428  44.791  45.125  45.429  45.701  45.939  46.142  46.310  46.441  46.534  46.587  46.602
  37.955  38.551  39.140  39.722  40.294  40.857  41.406  41.941  42.460  42.960  43.439  43.897  44.330  44.737  45.116  45.465  45.783  46.067  46.317  46.531  46.708  46.846  46.944  47.003  47.020
  38.002  38.618  39.228  39.831  40.424  41.008  41.578  42.133  42.672  43.192  43.691  44.168  44.619  45.043  45.438  45.803  46.135  46.432  46.694  46.918  47.103  47.249  47.354  47.417  47.437
  38.045  38.681  39.312  39.936  40.551  41.155  41.746  42.323  42.882  43.422  43.941  44.436  44.905  45.347  45.758  46.138  46.485  46.795  47.069  47.303  47.498  47.651  47.761  47.829  47.852
  38.083  38.741  39.392  40.037  40.673  41.299  41.911  42.508  43.088  43.648  44.187  44.701  45.189  45.648  46.076  46.472  46.833  47.157  47.442  47.687  47.891  48.051  48.168  48.240  48.266
  38.118  38.796  39.469  40.135  40.793  41.439  42.073  42.691  43.292  43.872  44.430  44.964  45.470  45.947  46.392  46.804  47.179  47.517  47.814  48.070  48.283  48.451  48.573  48.649  48.678
  38.149  38.848  39.542  40.229  40.908  41.576  42.231  42.870  43.492  44.093  44.671  45.224  45.749  46.244  46.706  47.134  47.524  47.875  48.185  48.451  48.673  48.849  48.978  49.058  49.089
  38.177  38.897  39.612  40.320  41.021  41.710  42.386  43.047  43.689  44.311  44.909  45.482  46.026  46.539  47.019  47.462  47.867  48.232  48.554  48.832  49.063  49.247  49.381  49.466  49.500
  38.201  38.941  39.678  40.408  41.130  41.841  42.539  43.221  43.884  44.527  45.145  45.737  46.301  46.832  47.329  47.789  48.209  48.588  48.922  49.211  49.452  49.643  49.784  49.873  49.909
  38.221  38.983  39.741  40.492  41.236  41.969  42.688  43.391  44.076  44.739  45.378  45.991  46.573  47.123  47.637  48.114  48.550  48.942  49.290  49.589  49.840  50.039  50.186  50.279  50.318
  38.239  39.021  39.800  40.574  41.339  42.093  42.834  43.559  44.265  44.949  45.609  46.242  46.843  47.412  47.944  48.437  48.889  49.296  49.656  49.967  50.227  50.434  50.587  50.685  50.727
  38.253  39.056  39.857  40.652  41.438  42.215  42.977  43.724  44.452  45.157  45.838  46.490  47.111  47.699  48.249  48.759  49.226  49.648  50.021  50.344  50.613  50.829  50.988  51.090  51.134
  38.263  39.088  39.910  40.726  41.535  42.333  43.118  43.886  44.635  45.362  46.063  46.736  47.378  47.984  48.552  49.079  49.563  49.999  50.385  50.719  50.999  51.223  51.389  51.495  51.542
  38.271  39.117  39.960  40.798  41.629  42.448  43.255  44.045  44.816  45.564  46.287  46.980  47.642  48.267  48.854  49.398  49.898  50.349  50.748  51.095  51.385  51.617  51.789  51.899  51.948
  38.275  39.142  40.007  40.867  41.719  42.561  43.390  44.202  44.994  45.764  46.508  47.222  47.903  48.548  49.154  49.716  50.231  50.697  51.111  51.469  51.769  52.010  52.188  52.304  52.355
  38.276  39.164  40.050  40.932  41.806  42.670  43.521  44.355  45.170  45.961  46.726  47.462  48.163  48.828  49.452  50.032  50.564  51.045  51.473  51.843  52.154  52.402  52.587  52.707  52.761
  38.274  39.183  40.091  40.995  41.891  42.777  43.650  44.506  45.343  46.156  46.943  47.699  48.421  49.105  49.748  50.346  50.895  51.392  51.833  52.216  52.537  52.795  52.986  53.111  53.167
  38.269  39.199  40.129  41.054  41.972  42.880  43.776  44.654  45.513  46.348  47.156  47.934  48.677  49.381  50.043  50.659  51.225  51.738  52.193  52.588  52.920  53.187  53.385  53.514  53.572
  38.260  39.212  40.163  41.110  42.051  42.981  43.898  44.799  45.680  46.538  47.367  48.166  48.930  49.655  50.336  50.971  51.554  52.082  52.552  52.960  53.303  53.578  53.784  53.917  53.978
  38.249  39.222  40.195  41.164  42.126  43.079  44.018  44.942  45.845  46.724  47.576  48.397  49.181  49.926  50.628  51.281  51.882  52.426  52.911  53.332  53.686  53.970  54.182  54.320  54.383
  38.235  39.229  40.223  41.214  42.198  43.173  44.135  45.081  46.007  46.909  47.783  48.625  49.431  50.196  50.917  51.589  52.208  52.769  53.268  53.702  54.067  54.361  54.580  54.723  54.788
  38.217  39.233  40.248  41.261  42.268  43.265  44.249  45.218  46.166  47.090  47.986  48.850  49.678  50.464  51.205  51.896  52.533  53.110  53.625  54.072  54.449  54.752  54.978  55.126  55.194
  38.197  39.233  40.271  41.305  42.334  43.354  44.361  45.351  46.322  47.269  48.188  49.074  49.923  50.730  51.491  52.202  52.856  53.451  53.981  54.442  54.830  55.142  55.376  55.528  55.599
  38.173  39.231  40.290  41.346  42.397  43.439  44.469  45.482  46.476  47.445  48.386  49.294  50.165  50.994  51.776  52.506  53.179  53.791  54.336  54.811  55.211  55.533  55.774  55.931  56.004
  38.147  39.226  40.306  41.384  42.457  43.522  44.574  45.610  46.627  47.619  48.582  49.513  50.406  51.256  52.058  52.808  53.500  54.129  54.690  55.179  55.591  55.923  56.172  56.334  56.409
  38.117  39.217  40.319  41.419  42.515  43.602  44.676  45.735  46.774  47.789  48.776  49.729  50.644  51.516  52.339  53.109  53.820  54.467  55.044  55.547  55.972  56.313  56.569  56.737  56.814
  38.084  39.206  40.329  41.451  42.569  43.678  44.776  45.857  46.920  47.957  48.967  49.942  50.880  51.773  52.618  53.408  54.138  54.803  55.397  55.914  56.351  56.703  56.967  57.139  57.219
  38.049  39.191  40.336  41.480  42.620  43.752  44.872  45.977  47.062  48.123  49.155  50.153  51.113  52.029  52.895  53.706  54.455  55.138  55.749  56.281  56.731  57.093  57.365  57.542  57.624
  38.010  39.174  40.340  41.506  42.668  43.822  44.965  46.093  47.201  48.285  49.340  50.362  51.344  52.282  53.170  54.002  54.771  55.472  56.100  56.647  57.110  57.483  57.762  57.945  58.029
  37.968  39.153  40.341  41.529  42.713  43.890  45.055  46.206  47.337  48.445  49.523  50.568  51.573  52.534  53.443  54.296  55.085  55.806  56.450  57.013  57.489  57.872  58.160  58.348  58.434
  37.924  39.130  40.339  41.549  42.755  43.954  45.143  46.316  47.471  48.601  49.703  50.771  51.800  52.783  53.715  54.589  55.398  56.137  56.799  57.378  57.867  58.262  58.558  58.751  58.839
  37.876  39.103  40.334  41.565  42.794  44.015  45.227  46.423  47.601  48.755  49.880  50.972  52.023  53.030  53.984  54.879  55.710  56.468  57.148  57.742  58.245  58.651  58.955  59.154  59.245
  37.826  39.073  40.326  41.579  42.829  44.074  45.308  46.527  47.728  48.906  50.055  51.170  52.245  53.274  54.251  55.168  56.020  56.798  57.496  58.106  58.623  59.040  59.353  59.557  59.650
  37.772  39.041  40.314  41.589  42.862  44.129  45.386  46.628  47.853  49.054  50.226  51.365  52.464  53.516  54.516  55.455  56.328  57.126  57.842  58.469  59.001  59.430  59.751  59.961  60.056
  37.715  39.005  40.300  41.597  42.891  44.181  45.460  46.726  47.974  49.199  50.395  51.558  52.680  53.756  54.778  55.741  56.635  57.453  58.188  58.832  59.378  59.819  60.149  60.365  60.462
  37.655  38.966  40.282  41.601  42.918  44.229  45.532  46.821  48.092  49.341  50.561  51.747  52.894  53.993  55.039  56.024  56.940  57.779  58.533  59.194  59.755  60.208  60.547  60.768  60.868
  37.593  38.924  40.262  41.602  42.941  44.275  45.600  46.913  48.207  49.480  50.724  51.934  53.104  54.228  55.297  56.305  57.243  58.103  58.877  59.555  60.131  60.597  60.945  61.172  61.274
  37.527  38.880  40.238  41.600  42.961  44.317  45.665  47.001  48.319  49.615  50.883  52.118  53.313  54.460  55.554  56.585  57.545  58.426  59.220  59.916  60.507  60.985  61.344  61.577  61.681
  37.458  38.832  40.211  41.595  42.978  44.356  45.727  47.086  48.428  49.748  51.040  52.299  53.518  54.690  55.807  56.862  57.845  58.748  59.561  60.276  60.883  61.374  61.742  61.981  62.087
  37.387  38.781  40.182  41.586  42.991  44.392  45.786  47.168  48.534  49.877  51.194  52.477  53.721  54.917  56.059  57.137  58.143  59.068  59.902  60.635  61.258  61.763  62.141  62.386  62.494
  37.312  38.726  40.149  41.575  43.002  44.425  45.842  47.247  48.636  50.004  51.344  52.652  53.920  55.141  56.308  57.410  58.440  59.387  60.242  60.994  61.633  62.151  62.539  62.791  62.901
  37.234  38.669  40.113  41.560  43.009  44.455  45.894  47.322  48.735  50.127  51.492  52.824  54.117  55.363  56.554  57.681  58.734  59.704  60.580  61.352  62.008  62.540  62.938  63.196  63.309
  37.153  38.609  40.073  41.542  43.013  44.481  45.943  47.394  48.831  50.246  51.636  52.993  54.311  55.582  56.798  57.949  59.027  60.020  60.917  61.709  62.382  62.928  63.337  63.602  63.717
  37.069  38.546  40.031  41.521  43.014  44.504  45.989  47.463  48.923  50.363  51.777  53.159  54.502  55.798  57.039  58.216  59.317  60.334  61.253  62.065  62.756  63.316  63.736  64.007  64.124
  36.982  38.479  39.985  41.497  43.011  44.524  46.031  47.529  49.012  50.476  51.914  53.321  54.690  56.011  57.278  58.479  59.606  60.646  61.588  62.420  63.129  63.704  64.135  64.413  64.533
  36.892  38.410  39.937  41.470  43.005  44.540  46.070  47.591  49.098  50.586  52.049  53.481  54.874  56.221  57.513  58.741  59.892  60.957  61.922  62.774  63.502  64.093  64.535  64.820  64.941
  36.799  38.337  39.885  41.439  42.996  44.553  46.105  47.649  49.180  50.692  52.180  53.637  55.056  56.428  57.746  58.999  60.176  61.265  62.254  63.128  63.874  64.481  64.934  65.226  65.350
  36.703  38.263  39.830  41.405  42.984  44.563  46.138  47.705  49.259  50.795  52.307  53.789  55.234  56.633  57.977  59.256  60.458  61.572  62.584  63.480  64.246  64.868  65.334  65.633  65.759
  36.604  38.184  39.772  41.368  42.968  44.569  46.167  47.756  49.334  50.894  52.431  53.938  55.409  56.833  58.204  59.509  60.738  61.877  62.913  63.832  64.617  65.256  65.734  66.041  66.168
  36.502  38.102  39.711  41.328  42.949  44.572  46.192  47.805  49.406  50.990  52.552  54.084  55.580  57.031  58.428  59.760  61.015  62.180  63.241  64.182  64.988  65.644  66.134  66.448  66.578
  36.397  38.017  39.646  41.284  42.927  44.572  46.214  47.850  49.474  51.082  52.669  54.226  55.748  57.226  58.649  60.008  61.290  62.481  63.567  64.531  65.358  66.031  66.535  66.856  66.988
  36.289  37.929  39.579  41.238  42.902  44.568  46.232  47.891  49.539  51.171  52.782  54.365  55.913  57.417  58.867  60.253  61.562  62.780  63.891  64.880  65.728  66.418  66.935  67.265  67.398
  36.178  37.838  39.508  41.188  42.873  44.561  46.247  47.929  49.600  51.256  52.892  54.500  56.074  57.604  59.082  60.495  61.831  63.076  64.214  65.227  66.096  66.805  67.336  67.674  67.809
  36.063  37.743  39.434  41.134  42.841  44.550  46.259  47.963  49.657  51.338  52.998  54.632  56.232  57.789  59.293  60.734  62.098  63.370  64.535  65.572  66.465  67.192  67.737  68.083  68.220
  35.946  37.646  39.357  41.078  42.805  44.536  46.267  47.993  49.711  51.416  53.101  54.760  56.385  57.969  59.501  60.970  62.362  63.662  64.853  65.917  66.832  67.579  68.138  68.492  68.631
  35.826  37.546  39.277  41.018  42.766  44.519  46.271  48.021  49.762  51.490  53.199  54.884  56.536  58.146  59.706  61.203  62.623  63.952  65.170  66.260  67.198  67.965  68.539  68.902  69.043
  35.702  37.442  39.193  40.955  42.724  44.498  46.272  48.044  49.808  51.560  53.294  55.004  56.682  58.320  59.907  61.432  62.881  64.238  65.485  66.601  67.564  68.351  68.940  69.313  69.455
  35.575  37.335  39.106  40.889  42.679  44.474  46.270  48.064  49.851  51.627  53.385  55.120  56.825  58.490  60.105  61.658  63.136  64.523  65.798  66.941  67.929  68.737  69.342  69.724  69.867
  35.447  37.225  39.016  40.819  42.630  44.446  46.264  48.080  49.890  51.689  53.472  55.233  56.963  58.655  60.299  61.881  63.388  64.804  66.108  67.279  68.292  69.122  69.744  70.135  70.280
  35.314  37.112  38.923  40.746  42.577  44.414  46.254  48.092  49.925  51.748  53.556  55.342  57.098  58.817  60.489  62.100  63.637  65.082  66.416  67.616  68.655  69.507  70.146  70.547  70.693
  35.179  36.996  38.827  40.670  42.522  44.380  46.241  48.101  49.957  51.803  53.635  55.446  57.229  58.975  60.675  62.315  63.882  65.358  66.722  67.951  69.017  69.892  70.548  70.959  71.107
  35.040  36.877  38.727  40.590  42.462  44.341  46.224  48.106  49.985  51.854  53.711  55.547  57.356  59.129  60.857  62.527  64.124  65.630  67.025  68.283  69.377  70.276  70.950  71.371  71.520
  34.898  36.754  38.625  40.507  42.400  44.300  46.203  48.108  50.008  51.902  53.782  55.643  57.478  59.279  61.035  62.735  64.362  65.900  67.326  68.614  69.737  70.660  71.353  71.785  71.935
  34.754  36.629  38.519  40.421  42.334  44.254  46.179  48.105  50.029  51.945  53.849  55.735  57.597  59.425  61.209  62.938  64.596  66.165  67.623  68.943  70.094  71.043  71.755  72.198  72.349
  34.606  36.500  38.410  40.332  42.265  44.206  46.151  48.099  50.045  51.984  53.912  55.824  57.711  59.566  61.379  63.138  64.827  66.428  67.918  69.270  70.451  71.426  72.158  72.612  72.764
  34.455  36.368  38.298  40.239  42.192  44.153  46.120  48.089  50.057  52.019  53.971  55.908  57.821  59.703  61.545  63.334  65.054  66.687  68.210  69.594  70.806  71.808  72.561  73.027  73.179
  34.301  36.233  38.183  40.143  42.116  44.097  46.085  48.075  50.065  52.051  54.026  55.987  57.927  59.836  61.706  63.525  65.276  66.942  68.498  69.916  71.159  72.189  72.963  73.442  73.595
  34.143  36.095  38.064  40.044  42.036  44.038  46.046  48.058  50.070  52.078  54.077  56.063  58.028  59.964  61.863  63.712  65.495  67.193  68.783  70.235  71.511  72.570  73.366  73.858  74.011
  33.983  35.953  37.942  39.941  41.953  43.975  46.004  48.037  50.070  52.101  54.124  56.134  58.124  60.088  62.015  63.894  65.709  67.441  69.065  70.551  71.861  72.950  73.769  74.274  74.427
  33.820  35.809  37.816  39.835  41.867  43.909  45.958  48.011  50.067  52.120  54.166  56.200  58.217  60.207  62.163  64.072  65.918  67.684  69.343  70.864  72.208  73.328  74.172  74.690  74.844
  33.653  35.661  37.688  39.726  41.777  43.839  45.908  47.983  50.059  52.134  54.204  56.262  58.304  60.322  62.306  64.245  66.123  67.923  69.617  71.175  72.554  73.706  74.576  75.108  75.261
  33.484  35.512  37.556  39.613  41.684  43.765  45.854  47.950  50.048  52.145  54.237  56.320  58.387  60.431  62.444  64.413  66.324  68.157  69.887  71.481  72.897  74.083  74.978  75.525  75.678
  33.311  35.358  37.421  39.497  41.587  43.688  45.797  47.913  50.032  52.151  54.267  56.373  58.465  60.536  62.577  64.576  66.519  68.387  70.153  71.785  73.238  74.458  75.381  75.944  76.096
  33.136  35.201  37.282  39.378  41.487  43.607  45.736  47.873  50.013  52.154  54.291  56.422  58.539  60.636  62.705  64.734  66.710  68.612  70.415  72.085  73.577  74.832  75.784  76.363  76.514
  32.957  35.041  37.141  39.255  41.383  43.523  45.672  47.828  49.989  52.152  54.312  56.466  58.608  60.731  62.828  64.887  66.895  68.831  70.672  72.381  73.912  75.205  76.187  76.782  76.932
  32.775  34.878  36.996  39.129  41.276  43.435  45.604  47.780  49.962  52.145  54.328  56.505  58.672  60.821  62.946  65.035  67.075  69.046  70.924  72.673  74.244  75.576  76.589  77.203  77.350
  32.590  34.711  36.848  39.000  41.166  43.344  45.532  47.728  49.930  52.135  54.339  56.540  58.731  60.906  63.058  65.177  67.249  69.256  71.171  72.960  74.573  75.945  76.991  77.623  77.769
  32.402  34.542  36.697  38.868  41.052  43.249  45.456  47.672  49.894  52.120  54.346  56.570  58.785  60.986  63.166  65.314  67.418  69.460  71.413  73.243  74.899  76.312  77.393  78.045  78.187
  32.211  34.369  36.542  38.732  40.935  43.150  45.376  47.612  49.854  52.101  54.349  56.595  58.834  61.060  63.267  65.445  67.581  69.658  71.650  73.521  75.221  76.677  77.794  78.467  78.606
  32.016  34.193  36.385  38.593  40.814  43.048  45.293  47.548  49.810  52.078  54.347  56.615  58.878  61.130  63.364  65.571  67.739  69.850  71.880  73.794  75.539  77.039  78.195  78.889  79.025
  31.819  34.014  36.224  38.450  40.690  42.942  45.206  47.480  49.762  52.050  54.341  56.631  58.917  61.193  63.454  65.690  67.890  70.036  72.105  74.061  75.852  77.399  78.595  79.313  79.443
  31.618  33.832  36.059  38.304  40.562  42.833  45.116  47.409  49.710  52.018  54.330  56.642  58.951  61.252  63.539  65.804  68.035  70.216  72.324  74.323  76.160  77.755  78.994  79.736  79.862
  31.414  33.646  35.892  38.156  40.431  42.720  45.021  47.333  49.654  51.982  54.314  56.648  58.980  61.305  63.618  65.911  68.174  70.389  72.536  74.579  76.464  78.109  79.392  80.161  80.280
  31.208  33.458  35.721  38.004  40.296  42.604  44.923  47.254  49.594  51.941  54.294  56.649  59.003  61.353  63.692  66.013  68.306  70.556  72.741  74.828  76.762  78.458  79.789  80.586  80.697
  30.998  33.266  35.547  37.848  40.158  42.484  44.822  47.171  49.529  51.896  54.269  56.645  59.022  61.395  63.759  66.108  68.431  70.716  72.940  75.070  77.054  78.804  80.185  81.012  81.115
  30.784  33.071  35.372  37.688  40.017  42.360  44.716  47.083  49.461  51.847  54.240  56.636  59.035  61.431  63.821  66.197  68.550  70.868  73.131  75.305  77.339  79.145  80.579  81.439  81.531
  30.568  32.873  35.192  37.526  39.872  42.233  44.607  46.992  49.388  51.793  54.205  56.623  59.043  61.462  63.876  66.279  68.662  71.014  73.314  75.533  77.618  79.481  80.971  81.866  81.946
  30.349  32.672  35.008  37.360  39.724  42.102  44.494  46.897  49.311  51.735  54.167  56.604  59.045  61.487  63.925  66.354  68.767  71.151  73.490  75.752  77.889  79.811  81.361  82.294  82.360
