  -78.866  -78.938  -78.964  -78.970  -78.963  -78.944  -78.917  -78.881  -78.839  -78.790  -78.736  -78.675  -78.609  -78.539  -78.463  -78.382  -78.297  -78.207  -78.112  -78.012  -77.906  -77.793  -77.669  -77.530  -77.350
  -79.599  -79.600  -79.589  -79.568  -79.538  -79.499  -79.452  -79.398  -79.336  -79.267  -79.192  -79.111  -79.024  -78.931  -78.833  -78.730  -78.622  -78.509  -78.392  -78.272  -78.147  -78.017  -77.884  -77.746  -77.602
  -80.200  -80.186  -80.161  -80.126  -80.082  -80.028  -79.965  -79.894  -79.815  -79.728  -79.633  -79.532  -79.423  -79.310  -79.189  -79.063  -78.931  -78.794  -78.652  -78.507  -78.357  -78.204  -78.047  -77.887  -77.724
  -80.754  -80.732  -80.697  -80.652  -80.596  -80.529  -80.453  -80.366  -80.270  -80.167  -80.054  -79.932  -79.802  -79.665  -79.521  -79.370  -79.213  -79.051  -78.883  -78.711  -78.534  -78.354  -78.170  -77.984  -77.795
  -81.290  -81.260  -81.218  -81.164  -81.097  -81.018  -80.929  -80.829  -80.717  -80.595  -80.463  -80.321  -80.170  -80.011  -79.843  -79.668  -79.485  -79.297  -79.102  -78.902  -78.698  -78.489  -78.278  -78.063  -77.846
  -81.816  -81.781  -81.731  -81.668  -81.592  -81.502  -81.401  -81.286  -81.158  -81.019  -80.868  -80.706  -80.534  -80.352  -80.160  -79.960  -79.752  -79.537  -79.315  -79.087  -78.855  -78.617  -78.376  -78.133  -77.887
  -82.336  -82.296  -82.240  -82.169  -82.083  -81.984  -81.869  -81.740  -81.597  -81.440  -81.271  -81.089  -80.896  -80.691  -80.476  -80.251  -80.017  -79.775  -79.525  -79.269  -79.007  -78.741  -78.470  -78.197  -77.921
  -82.853  -82.808  -82.747  -82.668  -82.575  -82.464  -82.336  -82.193  -82.035  -81.862  -81.674  -81.472  -81.258  -81.030  -80.791  -80.541  -80.281  -80.012  -79.735  -79.450  -79.158  -78.862  -78.561  -78.257  -77.951
  -83.367  -83.319  -83.252  -83.168  -83.064  -82.943  -82.804  -82.647  -82.474  -82.284  -82.078  -81.856  -81.620  -81.370  -81.108  -80.832  -80.546  -80.249  -79.943  -79.629  -79.308  -78.981  -78.650  -78.315  -77.978
  -83.880  -83.829  -83.757  -83.666  -83.554  -83.423  -83.272  -83.102  -82.914  -82.707  -82.483  -82.242  -81.985  -81.712  -81.425  -81.125  -80.812  -80.487  -80.153  -79.809  -79.458  -79.100  -78.738  -78.371  -78.002
  -84.393  -84.338  -84.261  -84.164  -84.045  -83.903  -83.741  -83.558  -83.355  -83.132  -82.890  -82.629  -82.351  -82.056  -81.744  -81.418  -81.079  -80.726  -80.363  -79.990  -79.608  -79.219  -78.825  -78.426  -78.025
  -84.749  -84.695  -84.620  -84.519  -84.395  -84.248  -84.077  -83.884  -83.669  -83.433  -83.175  -82.898  -82.601  -82.285  -81.953  -81.603  -81.239  -80.861  -80.471  -80.070  -79.659  -79.240  -78.815  -78.385  -77.951
  -85.025  -84.976  -84.901  -84.802  -84.675  -84.523  -84.347  -84.145  -83.920  -83.671  -83.400  -83.106  -82.791  -82.457  -82.103  -81.731  -81.343  -80.940  -80.523  -80.093  -79.653  -79.204  -78.747  -78.284  -77.817
  -85.252  -85.210  -85.138  -85.042  -84.914  -84.759  -84.577  -84.368  -84.134  -83.873  -83.588  -83.279  -82.947  -82.594  -82.219  -81.825  -81.413  -80.984  -80.540  -80.082  -79.612  -79.131  -78.642  -78.145  -77.642
  -85.432  -85.400  -85.335  -85.242  -85.115  -84.959  -84.772  -84.557  -84.314  -84.043  -83.745  -83.421  -83.072  -82.700  -82.305  -81.889  -81.453  -80.998  -80.526  -80.039  -79.538  -79.025  -78.502  -77.969  -77.429
  -85.741  -85.713  -85.651  -85.558  -85.429  -85.268  -85.076  -84.852  -84.598  -84.315  -84.002  -83.663  -83.296  -82.904  -82.487  -82.048  -81.587  -81.106  -80.607  -80.090  -79.559  -79.015  -78.459  -77.892  -77.316
  -86.301  -86.268  -86.199  -86.099  -85.962  -85.791  -85.587  -85.351  -85.083  -84.784  -84.455  -84.096  -83.709  -83.295  -82.855  -82.391  -81.904  -81.396  -80.869  -80.324  -79.763  -79.189  -78.602  -78.006  -77.401
  -86.853  -86.815  -86.744  -86.635  -86.490  -86.310  -86.096  -85.847  -85.566  -85.251  -84.905  -84.527  -84.120  -83.684  -83.221  -82.732  -82.219  -81.683  -81.127  -80.553  -79.962  -79.357  -78.740  -78.113  -77.478
  -87.399  -87.358  -87.282  -87.167  -87.015  -86.827  -86.602  -86.342  -86.047  -85.717  -85.354  -84.958  -84.531  -84.073  -83.586  -83.072  -82.532  -81.969  -81.384  -80.780  -80.159  -79.522  -78.874  -78.215  -77.548
  -87.940  -87.896  -87.817  -87.696  -87.538  -87.341  -87.107  -86.836  -86.528  -86.183  -85.803  -85.389  -84.941  -84.462  -83.951  -83.412  -82.846  -82.254  -81.640  -81.005  -80.352  -79.684  -79.003  -78.312  -77.613
  -88.478  -88.431  -88.349  -88.224  -88.059  -87.855  -87.612  -87.329  -87.008  -86.649  -86.253  -85.820  -85.353  -84.851  -84.317  -83.752  -83.159  -82.539  -81.895  -81.230  -80.545  -79.844  -79.130  -78.406  -77.673
  -89.012  -88.967  -88.879  -88.750  -88.580  -88.368  -88.116  -87.823  -87.489  -87.116  -86.704  -86.253  -85.765  -85.241  -84.684  -84.093  -83.473  -82.824  -82.150  -81.453  -80.736  -80.002  -79.255  -78.496  -77.730
  -89.544  -89.498  -89.407  -89.275  -89.099  -88.881  -88.620  -88.317  -87.971  -87.584  -87.155  -86.687  -86.179  -85.633  -85.052  -84.436  -83.788  -83.111  -82.406  -81.677  -80.927  -80.160  -79.378  -78.584  -77.783
  -90.073  -90.027  -89.935  -89.799  -89.619  -89.394  -89.125  -88.812  -88.454  -88.053  -87.609  -87.122  -86.595  -86.027  -85.422  -84.780  -84.105  -83.398  -82.663  -81.902  -81.118  -80.316  -79.499  -78.670  -77.834
  -90.601  -90.555  -90.462  -90.323  -90.138  -89.908  -89.631  -89.308  -88.939  -88.524  -88.064  -87.560  -87.013  -86.423  -85.794  -85.127  -84.423  -83.687  -82.920  -82.127  -81.310  -80.473  -79.620  -78.755  -77.882
  -91.128  -91.082  -90.987  -90.846  -90.658  -90.422  -90.138  -89.805  -89.425  -88.997  -88.522  -88.000  -87.433  -86.822  -86.169  -85.475  -84.744  -83.978  -83.180  -82.353  -81.501  -80.629  -79.740  -78.838  -77.928
  -91.653  -91.608  -91.513  -91.370  -91.178  -90.937  -90.645  -90.304  -89.913  -89.472  -88.982  -88.443  -87.856  -87.223  -86.546  -85.827  -85.067  -84.271  -83.441  -82.580  -81.694  -80.785  -79.859  -78.920  -77.972
  -92.177  -92.133  -92.038  -91.894  -91.699  -91.452  -91.155  -90.805  -90.403  -89.949  -89.444  -88.888  -88.282  -87.628  -86.927  -86.181  -85.393  -84.566  -83.704  -82.809  -81.887  -80.942  -79.978  -79.001  -78.015
  -92.700  -92.658  -92.563  -92.418  -92.220  -91.969  -91.665  -91.307  -90.895  -90.429  -89.909  -89.336  -88.711  -88.035  -87.310  -86.538  -85.722  -84.864  -83.969  -83.040  -82.082  -81.099  -80.097  -79.081  -78.055
  -93.222  -93.182  -93.088  -92.942  -92.742  -92.487  -92.178  -91.812  -91.390  -90.912  -90.377  -89.788  -89.143  -88.446  -87.697  -86.898  -86.053  -85.165  -84.237  -83.273  -82.278  -81.258  -80.216  -79.160  -78.095
  -93.743  -93.706  -93.614  -93.467  -93.265  -93.007  -92.691  -92.318  -91.887  -91.397  -90.848  -90.242  -89.579  -88.860  -88.087  -87.262  -86.388  -85.468  -84.507  -83.508  -82.476  -81.417  -80.336  -79.239  -78.133
  -94.264  -94.230  -94.139  -93.992  -93.789  -93.528  -93.207  -92.827  -92.386  -91.885  -91.323  -90.700  -90.018  -89.278  -88.481  -87.629  -86.726  -85.775  -84.780  -83.745  -82.675  -81.577  -80.456  -79.318  -78.170
  -94.784  -94.753  -94.664  -94.518  -94.314  -94.050  -93.725  -93.338  -92.888  -92.376  -91.800  -91.162  -90.461  -89.699  -88.878  -88.000  -87.068  -86.085  -85.056  -83.984  -82.877  -81.738  -80.576  -79.396  -78.205
  -95.304  -95.277  -95.190  -95.045  -94.840  -94.573  -94.244  -93.851  -93.393  -92.870  -92.281  -91.627  -90.908  -90.125  -89.280  -88.375  -87.414  -86.399  -85.335  -84.227  -83.080  -81.901  -80.697  -79.474  -78.240
  -95.823  -95.800  -95.716  -95.573  -95.367  -95.099  -94.765  -94.366  -93.900  -93.367  -92.765  -92.095  -91.358  -90.554  -89.686  -88.754  -87.763  -86.716  -85.617  -84.472  -83.285  -82.065  -80.818  -79.552  -78.273
  -96.342  -96.323  -96.243  -96.101  -95.895  -95.625  -95.289  -94.884  -94.410  -93.867  -93.253  -92.568  -91.813  -90.988  -90.096  -89.138  -88.117  -87.037  -85.903  -84.719  -83.493  -82.231  -80.940  -79.629  -78.306
  -96.860  -96.846  -96.769  -96.629  -96.425  -96.154  -95.814  -95.404  -94.923  -94.370  -93.744  -93.044  -92.271  -91.426  -90.510  -89.525  -88.474  -87.362  -86.192  -84.970  -83.703  -82.399  -81.064  -79.707  -78.338
  -97.378  -97.369  -97.296  -97.159  -96.956  -96.684  -96.341  -95.927  -95.439  -94.877  -94.239  -93.524  -92.734  -91.868  -90.929  -89.917  -88.836  -87.691  -86.485  -85.224  -83.916  -82.568  -81.188  -79.785  -78.368
  -97.895  -97.892  -97.824  -97.689  -97.487  -97.215  -96.871  -96.452  -95.958  -95.387  -94.737  -94.009  -93.201  -92.315  -91.352  -90.314  -89.203  -88.024  -86.781  -85.482  -84.132  -82.739  -81.313  -79.863  -78.398
  -98.412  -98.415  -98.351  -98.221  -98.020  -97.748  -97.402  -96.980  -96.480  -95.900  -95.240  -94.497  -93.673  -92.767  -91.780  -90.715  -89.574  -88.361  -87.082  -85.743  -84.350  -82.912  -81.439  -79.940  -78.427
  -98.929  -98.938  -98.879  -98.752  -98.555  -98.283  -97.936  -97.511  -97.005  -96.417  -95.746  -94.990  -94.149  -93.223  -92.213  -91.121  -89.950  -88.703  -87.387  -86.007  -84.571  -83.088  -81.567  -80.019  -78.455
  -99.445  -99.461  -99.408  -99.285  -99.090  -98.820  -98.472  -98.044  -97.533  -96.938  -96.256  -95.487  -94.630  -93.684  -92.651  -91.532  -90.331  -89.050  -87.696  -86.275  -84.795  -83.265  -81.695  -80.097  -78.482
  -99.961  -99.984  -99.937  -99.818  -99.626  -99.358  -99.009  -98.579  -98.064  -97.462  -96.770  -95.988  -95.115  -94.150  -93.094  -91.949  -90.717  -89.402  -88.010  -86.547  -85.022  -83.445  -81.825  -80.176  -78.508
 -100.476 -100.507 -100.466 -100.353 -100.164  -99.897  -99.549  -99.117  -98.598  -97.989  -97.288  -96.494  -95.605  -94.621  -93.543  -92.370  -91.108  -89.758  -88.328  -86.823  -85.253  -83.627  -81.957  -80.254  -78.533
 -100.991 -101.029 -100.995 -100.888 -100.703 -100.439 -100.091  -99.658  -99.135  -98.520  -97.811  -97.004  -96.100  -95.098  -93.996  -92.798  -91.504  -90.120  -88.651  -87.104  -85.487  -83.812  -82.090  -80.334  -78.558
 -101.506 -101.552 -101.525 -101.423 -101.243 -100.982 -100.636 -100.201  -99.675  -99.055  -98.337  -97.519  -96.600  -95.579  -94.455  -93.230  -91.906  -90.487  -88.979  -87.388  -85.725  -83.999  -82.224  -80.413  -78.581
 -102.020 -102.075 -102.055 -101.959 -101.784 -101.526 -101.182 -100.747 -100.219  -99.593  -98.867  -98.039  -97.105  -96.066  -94.920  -93.669  -92.314  -90.860  -89.312  -87.678  -85.966  -84.189  -82.360  -80.493  -78.604
 -102.534 -102.597 -102.585 -102.496 -102.327 -102.073 -101.730 -101.296 -100.765 -100.135  -99.402  -98.563  -97.615  -96.558  -95.391  -94.113  -92.728  -91.238  -89.650  -87.971  -86.211  -84.382  -82.498  -80.574  -78.626
 -103.047 -103.119 -103.116 -103.034 -102.870 -102.620 -102.281 -101.847 -101.315 -100.680  -99.940  -99.091  -98.131  -97.056  -95.867  -94.563  -93.147  -91.622  -89.994  -88.270  -86.461  -84.578  -82.638  -80.654  -78.646
 -103.559 -103.641 -103.646 -103.572 -103.415 -103.170 -102.833 -102.400 -101.867 -101.230 -100.483  -99.625  -98.651  -97.560  -96.349  -95.020  -93.573  -92.012  -90.343  -88.574  -86.714  -84.778  -82.779  -80.736  -78.666
 -104.071 -104.163 -104.177 -104.111 -103.960 -103.720 -103.387 -102.957 -102.423 -101.783 -101.031 -100.163  -99.177  -98.069  -96.838  -95.482  -94.005  -92.408  -90.698  -88.882  -86.972  -84.980  -82.922  -80.817  -78.685
 -104.583 -104.685 -104.708 -104.650 -104.507 -104.273 -103.944 -103.515 -102.982 -102.339 -101.582 -100.707  -99.708  -98.584  -97.332  -95.951  -94.443  -92.811  -91.059  -89.196  -87.234  -85.186  -83.068  -80.900  -78.702
 -105.094 -105.207 -105.240 -105.190 -105.054 -104.827 -104.502 -104.077 -103.544 -102.900 -102.138 -101.255 -100.245  -99.105  -97.833  -96.427  -94.888  -93.220  -91.426  -89.516  -87.501  -85.395  -83.215  -80.983  -78.718
 -105.604 -105.728 -105.771 -105.731 -105.603 -105.382 -105.063 -104.641 -104.109 -103.464 -102.698 -101.808 -100.787  -99.632  -98.340  -96.910  -95.340  -93.635  -91.800  -89.841  -87.772  -85.607  -83.365  -81.066  -78.734
 -106.114 -106.249 -106.302 -106.272 -106.152 -105.938 -105.625 -105.207 -104.678 -104.032 -103.263 -102.366 -101.335 -100.165  -98.854  -97.399  -95.799  -94.058  -92.180  -90.173  -88.049  -85.824  -83.517  -81.150  -78.748
 -106.623 -106.769 -106.834 -106.813 -106.702 -106.496 -106.189 -105.776 -105.249 -104.603 -103.832 -102.929 -101.888 -100.705  -99.375  -97.895  -96.266  -94.488  -92.567  -90.510  -88.331  -86.044  -83.671  -81.235  -78.761
 -107.132 -107.290 -107.365 -107.355 -107.253 -107.055 -106.755 -106.347 -105.823 -105.178 -104.405 -103.497 -102.447 -101.250  -99.902  -98.399  -96.739  -94.925  -92.960  -90.854  -88.618  -86.269  -83.828  -81.320  -78.772
 -107.639 -107.809 -107.896 -107.897 -107.805 -107.616 -107.323 -106.920 -106.401 -105.757 -104.983 -104.070 -103.012 -101.802 -100.436  -98.909  -97.220  -95.369  -93.361  -91.204  -88.911  -86.498  -83.987  -81.406  -78.782
 -108.146 -108.329 -108.428 -108.439 -108.358 -108.178 -107.893 -107.496 -106.981 -106.340 -105.565 -104.648 -103.582 -102.361 -100.977  -99.428  -97.709  -95.822  -93.770  -91.561  -89.209  -86.731  -84.150  -81.493  -78.791
 -108.653 -108.848 -108.959 -108.982 -108.911 -108.741 -108.464 -108.075 -107.565 -106.926 -106.151 -105.231 -104.159 -102.926 -101.526  -99.954  -98.206  -96.282  -94.186  -91.926  -89.514  -86.969  -84.314  -81.580  -78.798
 -109.158 -109.366 -109.490 -109.525 -109.465 -109.305 -109.037 -108.655 -108.151 -107.516 -106.742 -105.820 -104.741 -103.498 -102.082 -100.487  -98.710  -96.750  -94.610  -92.297  -89.824  -87.211  -84.482  -81.668  -78.804
 -109.662 -109.884 -110.020 -110.068 -110.020 -109.870 -109.612 -109.238 -108.740 -108.110 -107.337 -106.414 -105.329 -104.076 -102.645 -101.029  -99.224  -97.227  -95.042  -92.676  -90.142  -87.459  -84.653  -81.757  -78.808
 -110.166 -110.401 -110.551 -110.611 -110.575 -110.436 -110.189 -109.823 -109.332 -108.707 -107.937 -107.012 -105.924 -104.661 -103.215 -101.579  -99.745  -97.713  -95.483  -93.063  -90.466  -87.711  -84.827  -81.847  -78.810
 -110.669 -110.918 -111.081 -111.154 -111.130 -111.004 -110.766 -110.411 -109.927 -109.307 -108.541 -107.616 -106.524 -105.253 -103.794 -102.137 -100.276  -98.207  -95.933  -93.458  -90.797  -87.969  -85.004  -81.938  -78.811
 -111.171 -111.434 -111.611 -111.697 -111.687 -111.572 -111.346 -111.000 -110.525 -109.912 -109.149 -108.226 -107.130 -105.852 -104.380 -102.703 -100.815  -98.711  -96.391  -93.861  -91.135  -88.233  -85.185  -82.029  -78.809
 -111.672 -111.949 -112.141 -112.241 -112.243 -112.141 -111.927 -111.591 -111.126 -110.519 -109.761 -108.840 -107.743 -106.458 -104.973 -103.278 -101.364  -99.224  -96.859  -94.274  -91.481  -88.502  -85.369  -82.121  -78.806
 -112.172 -112.464 -112.670 -112.784 -112.800 -112.711 -112.509 -112.185 -111.729 -111.131 -110.378 -109.460 -108.362 -107.071 -105.575 -103.862 -101.921  -99.747  -97.336  -94.695  -91.835  -88.778  -85.557  -82.215  -78.800
 -112.670 -112.978 -113.199 -113.327 -113.358 -113.282 -113.093 -112.780 -112.335 -111.745 -110.999 -110.084 -108.986 -107.691 -106.185 -104.455 -102.489 -100.280  -97.824  -95.125  -92.196  -89.060  -85.749  -82.309  -78.792
 -113.168 -113.491 -113.727 -113.870 -113.915 -113.854 -113.678 -113.378 -112.943 -112.363 -111.625 -110.714 -109.617 -108.319 -106.803 -105.057 -103.066 -100.823  -98.321  -95.566  -92.567  -89.349  -85.946  -82.404  -78.782
 -113.665 -114.003 -114.254 -114.413 -114.473 -114.426 -114.264 -113.977 -113.554 -112.985 -112.254 -111.349 -110.254 -108.953 -107.429 -105.668 -103.653 -101.376  -98.830  -96.016  -92.947  -89.644  -86.146  -82.501  -78.769
 -114.161 -114.513 -114.782 -114.956 -115.031 -114.999 -114.851 -114.578 -114.168 -113.609 -112.888 -111.990 -110.898 -109.595 -108.064 -106.288 -104.251 -101.940  -99.349  -96.477  -93.335  -89.947  -86.351  -82.598  -78.753
 -114.655 -115.023 -115.308 -115.499 -115.589 -115.573 -115.440 -115.181 -114.784 -114.237 -113.526 -112.635 -111.547 -110.244 -108.707 -106.918 -104.859 -102.516  -99.880  -96.949  -93.734  -90.258  -86.561  -82.697  -78.735
 -115.148 -115.533 -115.834 -116.041 -116.147 -116.147 -116.029 -115.785 -115.402 -114.868 -114.168 -113.286 -112.203 -110.901 -109.359 -107.558 -105.478 -103.103 -100.422  -97.432  -94.142  -90.577  -86.775  -82.797  -78.713
 -115.640 -116.042 -116.359 -116.582 -116.706 -116.721 -116.620 -116.391 -116.023 -115.503 -114.814 -113.941 -112.865 -111.565 -110.019 -108.207 -106.108 -103.702 -100.976  -97.927  -94.562  -90.904  -86.995  -82.898  -78.688
 -116.131 -116.549 -116.884 -117.124 -117.264 -117.296 -117.211 -116.999 -116.646 -116.140 -115.464 -114.602 -113.533 -112.236 -110.689 -108.867 -106.749 -104.312 -101.543  -98.434  -94.992  -91.239  -87.221  -83.000  -78.660
 -116.621 -117.056 -117.407 -117.665 -117.822 -117.871 -117.804 -117.608 -117.271 -116.780 -116.118 -115.267 -114.207 -112.915 -111.367 -109.537 -107.401 -104.935 -102.123  -98.954  -95.433  -91.584  -87.452  -83.104  -78.629
 -117.109 -117.561 -117.930 -118.205 -118.380 -118.447 -118.397 -118.218 -117.898 -117.423 -116.776 -115.938 -114.888 -113.601 -112.054 -110.217 -108.065 -105.571 -102.716  -99.487  -95.887  -91.939  -87.689  -83.209  -78.593
 -117.596 -118.066 -118.452 -118.745 -118.938 -119.023 -118.991 -118.830 -118.528 -118.069 -117.438 -116.613 -115.574 -114.295 -112.749 -110.908 -108.741 -106.220 -103.323 -100.034  -96.354  -92.304  -87.932  -83.315  -78.553
 -118.081 -118.569 -118.974 -119.284 -119.495 -119.599 -119.585 -119.443 -119.159 -118.718 -118.103 -117.294 -116.267 -114.997 -113.454 -111.609 -109.429 -106.883 -103.944 -100.595  -96.833  -92.680  -88.183  -83.423  -78.509
 -118.566 -119.071 -119.494 -119.823 -120.053 -120.175 -120.180 -120.057 -119.792 -119.370 -118.772 -117.979 -116.966 -115.705 -114.168 -112.321 -110.130 -107.559 -104.580 -101.171  -97.327  -93.067  -88.440  -83.533  -78.460
 -119.048 -119.572 -120.013 -120.361 -120.610 -120.751 -120.776 -120.672 -120.427 -120.024 -119.445 -118.668 -117.670 -116.422 -114.892 -113.044 -110.843 -108.250 -105.231 -101.762  -97.835  -93.465  -88.705  -83.644  -78.406
 -119.528 -120.072 -120.531 -120.898 -121.166 -121.327 -121.372 -121.288 -121.063 -120.680 -120.121 -119.363 -118.381 -117.146 -115.624 -113.778 -111.569 -108.955 -105.898 -102.370  -98.358  -93.877  -88.978  -83.757  -78.347
 -120.007 -120.570 -121.048 -121.434 -121.722 -121.903 -121.968 -121.906 -121.701 -121.339 -120.800 -120.062 -119.098 -117.877 -116.365 -114.523 -112.308 -109.674 -106.581 -102.994  -98.897  -94.301  -89.260  -83.872  -78.282
 -120.486 -121.068 -121.564 -121.970 -122.277 -122.479 -122.565 -122.524 -122.341 -122.001 -121.483 -120.765 -119.820 -118.616 -117.116 -115.279 -113.060 -110.409 -107.281 -103.636  -99.453  -94.740  -89.550  -83.988  -78.211
 -120.962 -121.563 -122.079 -122.504 -122.832 -123.055 -123.162 -123.143 -122.982 -122.665 -122.169 -121.473 -120.549 -119.362 -117.876 -116.047 -113.826 -111.160 -107.998 -104.296 -100.026  -95.193  -89.850  -84.107  -78.133
 -121.437 -122.058 -122.593 -123.038 -123.387 -123.630 -123.759 -123.762 -123.625 -123.330 -122.859 -122.185 -121.282 -120.116 -118.646 -116.826 -114.605 -111.927 -108.733 -104.975 -100.617  -95.662  -90.160  -84.228  -78.048
 -121.911 -122.551 -123.105 -123.571 -123.940 -124.205 -124.357 -124.383 -124.269 -123.998 -123.551 -122.902 -122.022 -120.877 -119.424 -117.617 -115.399 -112.710 -109.487 -105.673 -101.228  -96.147  -90.481  -84.352  -77.955
 -122.382 -123.042 -123.617 -124.103 -124.493 -124.780 -124.954 -125.003 -124.914 -124.668 -124.246 -123.622 -122.767 -121.645 -120.212 -118.419 -116.206 -113.509 -110.260 -106.393 -101.860  -96.650  -90.813  -84.477  -77.854
 -122.853 -123.532 -124.124 -124.633 -125.045 -125.354 -125.551 -125.625 -125.560 -125.340 -124.944 -124.347 -123.518 -122.420 -121.009 -119.232 -117.028 -114.326 -111.052 -107.133 -102.513  -97.172  -91.158  -84.605  -77.744
 -123.321 -124.021 -124.633 -125.163 -125.596 -125.928 -126.149 -126.246 -126.207 -126.013 -125.645 -125.075 -124.274 -123.202 -121.815 -120.058 -117.864 -115.160 -111.865 -107.896 -103.188  -97.713  -91.515  -84.736  -77.624
 -123.788 -124.508 -125.141 -125.691 -126.146 -126.501 -126.746 -126.868 -126.855 -126.689 -126.348 -125.807 -125.035 -123.992 -122.631 -120.895 -118.715 -116.013 -112.698 -108.682 -103.887  -98.276  -91.887  -84.870  -77.494
 -124.253 -124.993 -125.647 -126.218 -126.696 -127.074 -127.342 -127.490 -127.504 -127.365 -127.054 -126.543 -125.801 -124.788 -123.455 -121.743 -119.581 -116.883 -113.553 -109.492 -104.611  -98.861  -92.274  -85.007  -77.352
 -124.716 -125.477 -126.151 -126.744 -127.244 -127.645 -127.939 -128.113 -128.153 -128.043 -127.762 -127.282 -126.572 -125.591 -124.288 -122.604 -120.461 -117.772 -114.431 -110.328 -105.361  -99.470  -92.678  -85.148  -77.197
 -125.178 -125.959 -126.654 -127.269 -127.791 -128.216 -128.534 -128.735 -128.803 -128.723 -128.472 -128.025 -127.348 -126.400 -125.131 -123.476 -121.357 -118.679 -115.331 -111.189 -106.140 -100.104  -93.099  -85.292  -77.029
 -125.638 -126.437 -127.156 -127.792 -128.337 -128.786 -129.130 -129.357 -129.454 -129.404 -129.185 -128.771 -128.128 -127.216 -125.982 -124.360 -122.268 -119.606 -116.254 -112.078 -106.947 -100.766  -93.539  -85.439  -76.846
 -126.096 -126.916 -127.656 -128.314 -128.882 -129.356 -129.725 -129.979 -130.105 -130.085 -129.899 -129.520 -128.913 -128.039 -126.841 -125.255 -123.194 -120.552 -117.201 -112.996 -107.785 -101.456  -93.999  -85.591  -76.647
 -126.552 -127.393 -128.155 -128.834 -129.426 -129.924 -130.319 -130.601 -130.756 -130.768 -130.615 -130.271 -129.703 -128.867 -127.710 -126.162 -124.135 -121.517 -118.174 -113.943 -108.656 -102.178  -94.481  -85.748  -76.429
 -127.006 -127.868 -128.651 -129.354 -129.969 -130.491 -130.913 -131.222 -131.408 -131.452 -131.333 -131.026 -130.496 -129.702 -128.586 -127.080 -125.091 -122.503 -119.171 -114.920 -109.562 -102.934  -94.988  -85.909  -76.192
 -127.459 -128.342 -129.147 -129.871 -130.510 -131.057 -131.505 -131.844 -132.059 -132.136 -132.053 -131.783 -131.294 -130.542 -129.471 -128.009 -126.062 -123.509 -120.194 -115.929 -110.503 -103.725  -95.521  -86.076  -75.933
 -127.909 -128.813 -129.640 -130.387 -131.050 -131.622 -132.097 -132.464 -132.711 -132.821 -132.773 -132.543 -132.096 -131.388 -130.364 -128.950 -127.049 -124.535 -121.244 -116.972 -111.483 -104.555  -96.083  -86.248  -75.650
 -128.358 -129.283 -130.132 -130.902 -131.588 -132.186 -132.688 -133.084 -133.362 -133.506 -133.495 -133.305 -132.901 -132.239 -131.265 -129.901 -128.051 -125.581 -122.321 -118.049 -112.504 -105.427  -96.676  -86.427  -75.340
 -128.805 -129.751 -130.622 -131.415 -132.125 -132.749 -133.278 -133.704 -134.013 -134.192 -134.219 -134.069 -133.709 -133.096 -132.173 -130.864 -129.068 -126.649 -123.425 -119.161 -113.567 -106.343  -97.304  -86.613  -75.001
 -129.250 -130.217 -131.111 -131.926 -132.661 -133.310 -133.867 -134.322 -134.664 -134.878 -134.943 -134.835 -134.521 -133.958 -133.089 -131.837 -130.099 -127.736 -124.557 -120.310 -114.675 -107.308  -97.969  -86.807  -74.627
 -129.692 -130.682 -131.598 -132.435 -133.195 -133.870 -134.455 -134.940 -135.315 -135.564 -135.668 -135.603 -135.336 -134.824 -134.011 -132.820 -131.146 -128.845 -125.718 -121.496 -115.831 -108.324  -98.677  -87.010  -74.216
 -130.133 -131.144 -132.083 -132.943 -133.727 -134.429 -135.042 -135.557 -135.965 -136.250 -136.394 -136.372 -136.153 -135.695 -134.941 -133.813 -132.207 -129.974 -126.908 -122.722 -117.037 -109.397  -99.431  -87.222  -73.763
 -130.572 -131.605 -132.566 -133.447 -134.258 -134.986 -135.627 -136.173 -136.614 -136.936 -137.120 -137.143 -136.974 -136.570 -135.877 -134.816 -133.282 -131.123 -128.126 -123.989 -118.295 -110.531 -100.236  -87.446  -73.262
 -131.009 -132.063 -133.047 -133.952 -134.787 -135.542 -136.211 -136.788 -137.263 -137.621 -137.846 -137.915 -137.796 -137.450 -136.820 -135.829 -134.371 -132.293 -129.374 -125.296 -119.609 -111.730 -101.099  -87.682  -72.706
 -131.444 -132.520 -133.526 -134.455 -135.315 -136.096 -136.794 -137.402 -137.911 -138.307 -138.573 -138.688 -138.621 -138.333 -137.768 -136.851 -135.474 -133.483 -130.652 -126.646 -120.981 -113.001 -102.025  -87.932  -72.088
 -131.877 -132.974 -134.001 -134.956 -135.841 -136.648 -137.375 -138.015 -138.557 -138.991 -139.300 -139.462 -139.448 -139.219 -138.722 -137.881 -136.590 -134.693 -131.959 -128.039 -122.414 -114.349 -103.024  -88.198  -71.399
 -132.307 -133.427 -134.476 -135.455 -136.365 -137.199 -137.955 -138.626 -139.203 -139.675 -140.027 -140.236 -140.277 -140.109 -139.681 -138.920 -137.719 -135.922 -133.295 -129.477 -123.911 -115.780 -104.104  -88.482  -70.627
 -132.736 -133.877 -134.950 -135.952 -136.887 -137.748 -138.533 -139.236 -139.848 -140.359 -140.753 -141.012 -141.107 -141.002 -140.646 -139.967 -138.860 -137.171 -134.661 -130.959 -125.474 -117.302 -105.275  -88.789  -69.758
