  143.366  143.481  143.592  143.698  143.802  143.901  143.997  144.088  144.176  144.259  144.337  144.411  144.478  144.540  144.595  144.643  144.683
  143.504  143.644  143.781  143.916  144.047  144.175  144.298  144.418  144.533  144.644  144.749  144.848  144.941  145.028  145.108  145.181  145.246
  143.617  143.787  143.954  144.118  144.279  144.437  144.590  144.739  144.882  145.019  145.151  145.276  145.392  145.502  145.604  145.698  145.784
  143.701  143.902  144.101  144.297  144.489  144.677  144.861  145.039  145.210  145.375  145.533  145.683  145.825  145.958  146.082  146.194  146.298
  143.772  144.006  144.238  144.466  144.691  144.910  145.124  145.331  145.532  145.725  145.909  146.084  146.250  146.405  146.550  146.683  146.805
  143.837  144.105  144.370  144.631  144.888  145.139  145.384  145.622  145.851  146.072  146.282  146.483  146.672  146.850  147.015  147.168  147.307
  143.898  144.200  144.499  144.794  145.084  145.367  145.643  145.911  146.170  146.419  146.656  146.882  147.095  147.295  147.480  147.652  147.808
  143.957  144.293  144.627  144.956  145.279  145.596  145.904  146.202  146.490  146.767  147.031  147.282  147.519  147.741  147.947  148.136  148.309
  144.014  144.386  144.755  145.118  145.476  145.825  146.165  146.495  146.813  147.118  147.409  147.685  147.945  148.189  148.415  148.623  148.812
  144.070  144.478  144.883  145.282  145.673  146.056  146.429  146.790  147.138  147.471  147.789  148.091  148.375  148.640  148.886  149.112  149.318
  144.125  144.570  145.011  145.446  145.873  146.290  146.695  147.088  147.466  147.828  148.173  148.500  148.807  149.094  149.360  149.604  149.826
  144.103  144.583  145.057  145.524  145.983  146.430  146.865  147.286  147.690  148.078  148.446  148.795  149.122  149.427  149.709  149.966  150.200
  144.035  144.548  145.055  145.555  146.044  146.521  146.985  147.432  147.862  148.273  148.664  149.032  149.378  149.699  149.995  150.264  150.507
  143.937  144.484  145.024  145.556  146.076  146.583  147.074  147.548  148.003  148.437  148.849  149.237  149.600  149.936  150.245  150.525  150.776
  143.812  144.393  144.967  145.530  146.081  146.617  147.136  147.637  148.116  148.573  149.005  149.412  149.791  150.141  150.462  150.752  151.010
  143.763  144.380  144.988  145.585  146.168  146.735  147.284  147.813  148.319  148.800  149.255  149.682  150.080  150.447  150.781  151.083  151.351
  143.863  144.517  145.162  145.795  146.414  147.016  147.598  148.158  148.695  149.204  149.686  150.138  150.559  150.947  151.301  151.620  151.902
  143.959  144.651  145.334  146.004  146.659  147.295  147.911  148.504  149.071  149.609  150.118  150.595  151.038  151.447  151.819  152.155  152.453
  144.052  144.782  145.503  146.211  146.903  147.575  148.225  148.850  149.448  150.015  150.551  151.052  151.518  151.947  152.338  152.690  153.002
  144.142  144.912  145.672  146.418  147.147  147.856  148.540  149.198  149.827  150.423  150.985  151.512  152.000  152.450  152.859  153.227  153.552
  144.229  145.040  145.840  146.626  147.393  148.138  148.857  149.549  150.208  150.834  151.423  151.974  152.485  152.954  153.381  153.764  154.103
  144.315  145.167  146.008  146.834  147.639  148.422  149.177  149.901  150.592  151.247  151.863  152.439  152.972  153.461  153.905  154.303  154.655
  144.400  145.294  146.177  147.043  147.888  148.708  149.499  150.257  150.980  151.664  152.307  152.907  153.462  153.971  154.432  154.845  155.209
  144.484  145.421  146.346  147.254  148.139  148.997  149.824  150.617  151.372  152.085  152.755  153.379  153.956  154.484  154.961  155.389  155.765
  144.567  145.548  146.517  147.466  148.392  149.289  150.153  150.980  151.767  152.510  153.207  153.855  154.453  155.000  155.494  155.935  156.323
  144.649  145.676  146.688  147.681  148.648  149.584  150.486  151.348  152.167  152.940  153.663  154.336  154.955  155.520  156.030  156.485  156.883
  144.731  145.804  146.861  147.898  148.907  149.883  150.823  151.720  152.571  153.374  154.124  154.821  155.461  156.045  156.570  157.038  157.446
  144.813  145.933  147.036  148.117  149.169  150.186  151.164  152.096  152.981  153.813  154.590  155.310  155.972  156.573  157.114  157.593  158.012
  144.895  146.063  147.213  148.339  149.435  150.493  151.509  152.478  153.395  154.257  155.061  155.805  156.487  157.106  157.661  158.153  158.581
  144.978  146.194  147.392  148.565  149.704  150.805  151.860  152.865  153.815  154.707  155.537  156.305  157.007  157.643  158.212  158.716  159.153
  145.060  146.327  147.574  148.793  149.978  151.121  152.215  153.257  154.240  155.162  156.019  156.809  157.532  158.184  158.768  159.282  159.727
  145.143  146.461  147.758  149.025  150.256  151.441  152.576  153.654  154.671  155.623  156.507  157.320  158.062  158.731  159.327  159.852  160.305
  145.226  146.596  147.944  149.261  150.538  151.767  152.943  154.058  155.108  156.090  157.000  157.836  158.597  159.282  159.891  160.426  160.886
  145.310  146.734  148.134  149.500  150.825  152.099  153.315  154.468  155.552  156.563  157.499  158.358  159.137  159.838  160.460  161.003  161.470
  145.394  146.873  148.326  149.744  151.116  152.435  153.693  154.884  156.001  157.043  158.005  158.885  159.683  160.399  161.032  161.585  162.058
  145.480  147.014  148.522  149.991  151.413  152.778  154.077  155.306  156.458  157.529  158.516  159.419  160.235  160.965  161.610  162.170  162.648
  145.566  147.157  148.721  150.243  151.715  153.126  154.468  155.735  156.921  158.022  159.035  159.959  160.792  161.536  162.191  162.759  163.242
  145.653  147.303  148.923  150.500  152.022  153.481  154.866  156.171  157.391  158.521  159.560  160.504  161.355  162.113  162.778  163.353  163.839
  145.740  147.451  149.129  150.761  152.336  153.842  155.270  156.614  157.868  159.028  160.091  161.057  161.924  162.694  163.369  163.950  164.440
  145.829  147.602  149.339  151.028  152.655  154.209  155.682  157.065  158.353  159.542  160.630  161.616  162.499  163.281  163.964  164.551  165.044
  145.919  147.755  149.553  151.300  152.980  154.584  156.101  157.523  158.845  160.064  161.176  162.181  163.080  163.873  164.565  165.156  165.651
  146.010  147.911  149.772  151.577  153.312  154.966  156.528  157.989  159.346  160.593  161.729  162.753  163.666  164.471  165.169  165.765  166.261
  146.103  148.070  149.994  151.860  153.651  155.355  156.962  158.463  159.854  161.130  162.289  163.332  164.259  165.074  165.779  166.378  166.874
  146.196  148.232  150.222  152.149  153.997  155.752  157.405  158.946  160.370  161.674  162.856  163.917  164.859  165.683  166.393  166.995  167.491
  146.291  148.397  150.454  152.444  154.349  156.157  157.856  159.437  160.895  162.227  163.432  164.510  165.464  166.297  167.012  167.616  168.111
  146.388  148.565  150.691  152.745  154.710  156.570  158.316  159.937  161.428  162.788  164.015  165.110  166.076  166.916  167.636  168.240  168.734
  146.486  148.737  150.934  153.053  155.078  156.992  158.784  160.445  161.971  163.357  164.605  165.716  166.694  167.541  168.265  168.869  169.360
  146.586  148.913  151.182  153.369  155.454  157.423  159.262  160.964  162.522  163.935  165.204  166.330  167.318  168.172  168.898  169.501  169.989
  146.687  149.093  151.436  153.691  155.839  157.863  159.750  161.491  163.083  164.522  165.811  166.952  167.949  168.808  169.535  170.137  170.621
  146.790  149.276  151.695  154.021  156.233  158.312  160.247  162.029  163.653  165.118  166.426  167.580  168.586  169.450  170.178  170.777  171.256
  146.895  149.464  151.962  154.360  156.636  158.771  160.754  162.576  164.232  165.722  167.049  168.216  169.230  170.097  170.824  171.421  171.893
  147.002  149.657  152.234  154.706  157.048  159.241  161.272  163.134  164.822  166.336  167.681  168.859  169.880  170.749  171.476  172.068  172.534
  147.112  149.854  152.514  155.061  157.470  159.721  161.801  163.702  165.422  166.960  168.321  169.510  170.536  171.407  172.132  172.719  173.177
  147.223  150.056  152.801  155.425  157.902  160.212  162.341  164.282  166.031  167.592  168.969  170.169  171.199  172.071  172.792  173.373  173.823
  147.337  150.263  153.095  155.799  158.345  160.714  162.892  164.872  166.652  168.235  169.626  170.835  171.869  172.740  173.457  174.031  174.471
  147.453  150.476  153.398  156.182  158.799  161.228  163.455  165.474  167.283  168.887  170.292  171.508  172.545  173.414  174.126  174.692  175.122
  147.571  150.694  153.708  156.576  159.265  161.754  164.030  166.087  167.925  169.549  170.967  172.189  173.227  174.093  174.799  175.356  175.775
  147.693  150.918  154.028  156.980  159.742  162.293  164.618  166.713  168.579  170.222  171.651  172.878  173.916  174.778  175.476  176.023  176.431
  147.817  151.149  154.356  157.395  160.232  162.844  165.219  167.351  169.243  170.904  172.344  173.575  174.612  175.468  176.158  176.694  177.088
  147.944  151.386  154.694  157.823  160.735  163.410  165.833  168.001  169.920  171.597  173.045  174.279  175.313  176.163  176.843  177.367  177.748
  148.075  151.630  155.043  158.262  161.252  163.989  166.460  168.665  170.608  172.300  173.756  174.991  176.021  176.863  177.533  178.044  178.410
  148.208  151.882  155.401  158.715  161.783  164.582  167.102  169.341  171.308  173.014  174.476  175.710  176.735  177.568  178.226  178.723  179.074
  148.345  152.141  155.771  159.180  162.328  165.191  167.758  170.031  172.020  173.738  175.205  176.437  177.456  178.278  178.923  179.405  179.739
  148.486  152.409  156.153  159.660  162.889  165.815  168.429  170.735  172.745  174.474  175.943  177.172  178.182  178.993  179.623 -179.911 -179.594
  148.631  152.685  156.547  160.155  163.465  166.455  169.116  171.453  173.482  175.220  176.690  177.914  178.915  179.713 -179.673 -179.224 -178.925
  148.780  152.970  156.954  160.665  164.059  167.112  169.818  172.186  174.231  175.977  177.446  178.664  179.653 -179.563 -178.965 -178.535 -178.255
  148.933  153.265  157.375  161.192  164.669  167.785  170.536  172.933  174.994  176.745  178.211  179.421 -179.603 -178.835 -178.254 -177.843 -177.584
  149.091  153.571  157.810  161.735  165.298  168.477  171.271  173.695  175.770  177.524  178.986 -179.815 -178.853 -178.102 -177.541 -177.150 -176.912
  149.255  153.887  158.261  162.296  165.945  169.187  172.023  174.472  176.558  178.314  179.770 -179.044 -178.097 -177.365 -176.824 -176.454 -176.238
  149.423  154.215  158.728  162.877  166.612  169.916  172.793  175.265  177.361  179.115 -179.438 -178.265 -177.336 -176.623 -176.104 -175.757 -175.563
  149.597  154.556  159.212  163.477  167.300  170.665  173.581  176.073  178.176  179.927 -178.636 -177.479 -176.569 -175.878 -175.382 -175.058 -174.888
  149.777  154.909  159.714  164.097  168.008  171.434  174.387  176.898  179.005 -179.250 -177.826 -176.686 -175.797 -175.130 -174.657 -174.357 -174.212
  149.964  155.277  160.236  164.740  168.740  172.224  175.212  177.738  179.848 -178.415 -177.007 -175.887 -175.021 -174.377 -173.930 -173.656 -173.536
  150.157  155.660  160.778  165.406  169.494  173.036  176.056  178.596 -179.296 -177.570 -176.179 -175.081 -174.239 -173.621 -173.200 -172.952 -172.859
  150.358  156.059  161.342  166.096  170.272  173.870  176.920  179.470 -178.426 -176.713 -175.342 -174.268 -173.452 -172.862 -172.468 -172.248 -172.181
  150.567  156.475  161.928  166.811  171.076  174.727  177.804 -179.640 -177.542 -175.846 -174.497 -173.449 -172.661 -172.099 -171.735 -171.543 -171.504
  150.785  156.910  162.540  167.554  171.906  175.608  178.708 -178.732 -176.645 -174.968 -173.644 -172.624 -171.866 -171.334 -170.999 -170.837 -170.826
  151.012  157.365  163.178  168.324  172.763  176.514  179.634 -177.806 -175.733 -174.079 -172.783 -171.793 -171.066 -170.566 -170.263 -170.130 -170.149
  151.249  157.841  163.843  169.125  173.649  177.445 -179.419 -176.864 -174.808 -173.179 -171.913 -170.956 -170.263 -169.796 -169.524 -169.423 -169.472
  151.497  158.340  164.539  169.957  174.564  178.402 -178.451 -175.904 -173.870 -172.270 -171.036 -170.114 -169.455 -169.023 -168.785 -168.716 -168.795
  151.757  158.864  165.267  170.822  175.510  179.385 -177.461 -174.927 -172.917 -171.349 -170.152 -169.266 -168.644 -168.247 -168.044 -168.008 -168.119
  152.030  159.416  166.028  171.723  176.489 -179.604 -176.448 -173.932 -171.952 -170.419 -169.260 -168.413 -167.830 -167.470 -167.303 -167.301 -167.444
  152.318  159.996  166.826  172.660  177.500 -178.565 -175.412 -172.919 -170.973 -169.479 -168.361 -167.556 -167.012 -166.691 -166.560 -166.593 -166.769
  152.620  160.609  167.663  173.636  178.547 -177.497 -174.354 -171.889 -169.981 -168.530 -167.456 -166.693 -166.192 -165.911 -165.818 -165.886 -166.095
  152.940  161.256  168.542  174.654  179.629 -176.400 -173.273 -170.842 -168.976 -167.571 -166.544 -165.827 -165.369 -165.129 -165.075 -165.179 -165.422
  153.279  161.941  169.466  175.715 -179.251 -175.273 -172.169 -169.777 -167.959 -166.603 -165.625 -164.956 -164.544 -164.347 -164.332 -164.473 -164.751
  153.638  162.667  170.439  176.821 -178.093 -174.115 -171.042 -168.695 -166.929 -165.627 -164.701 -164.082 -163.717 -163.563 -163.588 -163.768 -164.081
  154.021  163.438  171.463  177.975 -176.896 -172.927 -169.892 -167.597 -165.887 -164.642 -163.772 -163.205 -162.887 -162.778 -162.846 -163.063 -163.412
  154.430  164.260  172.543  179.180 -175.657 -171.707 -168.719 -166.482 -164.833 -163.650 -162.837 -162.324 -162.056 -161.994 -162.103 -162.360 -162.745
  154.867  165.136  173.683 -179.562 -174.376 -170.456 -167.522 -165.350 -163.769 -162.649 -161.897 -161.440 -161.224 -161.209 -161.361 -161.658 -162.079
  155.338  166.072  174.888 -178.248 -173.052 -169.173 -166.303 -164.203 -162.693 -161.642 -160.953 -160.554 -160.391 -160.424 -160.620 -160.957 -161.416
  155.845  167.076  176.162 -176.876 -171.684 -167.858 -165.062 -163.040 -161.607 -160.628 -160.005 -159.666 -159.557 -159.639 -159.880 -160.258 -160.754
  156.393  168.153  177.511 -175.444 -170.271 -166.511 -163.799 -161.863 -160.512 -159.608 -159.053 -158.776 -158.723 -158.855 -159.142 -159.561 -160.094
  156.990  169.313  178.941 -173.947 -168.811 -165.133 -162.514 -160.671 -159.406 -158.582 -158.098 -157.884 -157.888 -158.071 -158.404 -158.865 -159.437
  157.641  170.565 -179.544 -172.385 -167.305 -163.722 -161.208 -159.465 -158.293 -157.550 -157.140 -156.991 -157.053 -157.288 -157.668 -158.172 -158.782
  158.356  171.919 -177.935 -170.754 -165.753 -162.281 -159.881 -158.246 -157.171 -156.514 -156.179 -156.098 -156.219 -156.507 -156.934 -157.480 -158.129
  159.145  173.389 -176.228 -169.052 -164.153 -160.809 -158.535 -157.015 -156.041 -155.474 -155.217 -155.204 -155.385 -155.727 -156.202 -156.791 -157.479
  160.020  174.987 -174.414 -167.277 -162.506 -159.307 -157.171 -155.773 -154.905 -154.430 -154.253 -154.309 -154.552 -154.948 -155.471 -156.104 -156.832
  160.998  176.730 -172.487 -165.428 -160.812 -157.777 -155.788 -154.520 -153.763 -153.383 -153.288 -153.415 -153.721 -154.171 -154.743 -155.420 -156.187
  162.099  178.635 -170.441 -163.503 -159.073 -156.218 -154.389 -153.257 -152.615 -152.333 -152.322 -152.522 -152.890 -153.396 -154.018 -154.738 -155.545
  163.348 -179.277 -168.268 -161.503 -157.289 -154.633 -152.975 -151.985 -151.463 -151.281 -151.356 -151.630 -152.062 -152.624 -153.295 -154.059 -154.906
  164.777 -176.983 -165.962 -159.425 -155.461 -153.024 -151.546 -150.705 -150.307 -150.228 -150.390 -150.738 -151.235 -151.854 -152.575 -153.384 -154.270
  166.429 -174.459 -163.519 -157.273 -153.591 -151.391 -150.105 -149.419 -149.147 -149.174 -149.425 -149.849 -150.411 -151.086 -151.857 -152.711 -153.638
  168.360 -171.678 -160.934 -155.046 -151.683 -149.736 -148.652 -148.127 -147.986 -148.120 -148.461 -148.961 -149.589 -150.321 -151.143 -152.041 -153.008
  170.646 -168.612 -158.205 -152.748 -149.737 -148.063 -147.189 -146.830 -146.822 -147.066 -147.498 -148.076 -148.770 -149.560 -150.432 -151.375 -152.382
  173.387 -165.232 -155.331 -150.382 -147.758 -146.373 -145.718 -145.530 -145.659 -146.014 -146.538 -147.193 -147.953 -148.801 -149.724 -150.712 -151.759
  176.724 -161.514 -152.317 -147.953 -145.749 -144.668 -144.240 -144.227 -144.495 -144.962 -145.580 -146.313 -147.140 -148.046 -149.019 -150.052 -151.140
 -179.150 -157.438 -149.166 -145.467 -143.714 -142.950 -142.757 -142.923 -143.332 -143.913 -144.624 -145.437 -146.331 -147.295 -148.318 -149.396 -150.525
 -173.971 -152.992 -145.889 -142.930 -141.656 -141.224 -141.271 -141.620 -142.171 -142.867 -143.672 -144.564 -145.525 -146.547 -147.621 -148.744 -149.913
 -167.391 -148.183 -142.500 -140.350 -139.582 -139.491 -139.784 -140.317 -141.012 -141.824 -142.724 -143.694 -144.723 -145.803 -146.928 -148.096 -149.304
 -159.001 -143.036 -139.016 -137.737 -137.494 -137.754 -138.297 -139.017 -139.857 -140.785 -141.780 -142.829 -143.925 -145.063 -146.239 -147.451 -148.700
