  44.135  44.149  44.154  44.152  44.142  44.127  44.105  44.077  44.044  44.006  43.962  43.913  43.858  43.798  43.733  43.661  43.582
  44.656  44.658  44.653  44.640  44.621  44.594  44.562  44.523  44.479  44.428  44.372  44.311  44.244  44.171  44.094  44.011  43.923
  45.143  45.139  45.126  45.106  45.078  45.043  45.001  44.951  44.895  44.832  44.763  44.688  44.604  44.517  44.425  44.327  44.224
  45.593  45.584  45.566  45.540  45.504  45.461  45.409  45.349  45.281  45.206  45.123  45.033  44.937  44.834  44.725  44.608  44.488
  46.026  46.014  45.991  45.959  45.916  45.864  45.803  45.732  45.653  45.565  45.468  45.364  45.252  45.133  45.007  44.875  44.736
  46.450  46.435  46.408  46.369  46.320  46.259  46.188  46.107  46.016  45.915  45.805  45.686  45.558  45.423  45.279  45.129  44.972
  46.869  46.850  46.819  46.774  46.718  46.649  46.569  46.477  46.374  46.260  46.135  46.001  45.858  45.705  45.544  45.376  45.200
  47.284  47.262  47.226  47.176  47.112  47.035  46.945  46.842  46.727  46.600  46.461  46.312  46.152  45.983  45.804  45.617  45.421
  47.696  47.671  47.631  47.575  47.504  47.419  47.319  47.205  47.077  46.937  46.784  46.619  46.443  46.256  46.059  45.853  45.638
  48.106  48.078  48.033  47.972  47.894  47.800  47.690  47.565  47.425  47.271  47.103  46.922  46.730  46.525  46.310  46.085  45.851
  48.514  48.484  48.434  48.367  48.282  48.179  48.059  47.923  47.770  47.602  47.420  47.223  47.014  46.792  46.558  46.314  46.060
  48.795  48.764  48.713  48.642  48.552  48.442  48.314  48.168  48.005  47.825  47.629  47.418  47.193  46.954  46.703  46.440  46.166
  49.011  48.981  48.930  48.856  48.762  48.647  48.512  48.357  48.183  47.992  47.783  47.558  47.317  47.062  46.793  46.511  46.217
  49.188  49.161  49.110  49.035  48.937  48.817  48.675  48.512  48.329  48.126  47.904  47.665  47.408  47.136  46.849  46.547  46.233
  49.329  49.306  49.257  49.182  49.082  48.957  48.809  48.638  48.445  48.231  47.997  47.743  47.471  47.181  46.876  46.554  46.218
  49.575  49.553  49.503  49.425  49.321  49.190  49.034  48.854  48.650  48.424  48.176  47.907  47.619  47.313  46.989  46.648  46.292
  50.021  49.994  49.938  49.853  49.740  49.599  49.432  49.240  49.023  48.783  48.520  48.236  47.931  47.608  47.266  46.908  46.534
  50.460  50.429  50.367  50.274  50.152  50.002  49.824  49.620  49.390  49.135  48.857  48.557  48.236  47.895  47.536  47.159  46.766
  50.895  50.859  50.790  50.691  50.560  50.400  50.211  49.994  49.751  49.482  49.188  48.872  48.534  48.175  47.798  47.403  46.991
  51.324  51.284  51.210  51.103  50.964  50.794  50.593  50.364  50.107  49.823  49.514  49.181  48.826  48.450  48.054  47.640  47.210
  51.750  51.705  51.626  51.511  51.364  51.184  50.972  50.730  50.459  50.160  49.836  49.486  49.113  48.719  48.304  47.871  47.421
  52.173  52.124  52.038  51.917  51.761  51.570  51.347  51.092  50.807  50.494  50.153  49.786  49.396  48.983  48.550  48.097  47.628
  52.593  52.540  52.449  52.320  52.154  51.954  51.719  51.451  51.152  50.823  50.466  50.082  49.674  49.243  48.790  48.318  47.829
  53.011  52.954  52.856  52.720  52.546  52.335  52.088  51.807  51.494  51.149  50.776  50.375  49.948  49.498  49.026  48.534  48.025
  53.427  53.365  53.262  53.119  52.935  52.714  52.455  52.161  51.833  51.473  51.082  50.663  50.218  49.749  49.257  48.746  48.216
  53.841  53.776  53.667  53.515  53.323  53.090  52.819  52.512  52.169  51.793  51.385  50.949  50.485  49.996  49.485  48.953  48.403
  54.254  54.184  54.069  53.910  53.708  53.465  53.182  52.860  52.502  52.110  51.685  51.231  50.748  50.240  49.709  49.156  48.585
  54.666  54.591  54.470  54.304  54.092  53.838  53.542  53.207  52.833  52.425  51.983  51.510  51.008  50.480  49.929  49.356  48.763
  55.076  54.997  54.870  54.696  54.475  54.209  53.901  53.551  53.162  52.737  52.277  51.785  51.265  50.717  50.145  49.551  48.938
  55.485  55.402  55.269  55.087  54.856  54.579  54.257  53.893  53.489  53.046  52.569  52.058  51.518  50.950  50.357  49.742  49.108
  55.893  55.806  55.667  55.476  55.236  54.947  54.612  54.233  53.813  53.353  52.858  52.328  51.768  51.180  50.566  49.930  49.275
  56.301  56.209  56.064  55.865  55.614  55.314  54.965  54.572  54.135  53.658  53.144  52.595  52.015  51.406  50.772  50.114  49.437
  56.708  56.612  56.460  56.252  55.991  55.679  55.317  54.908  54.455  53.961  53.428  52.860  52.259  51.630  50.974  50.295  49.596
  57.114  57.014  56.855  56.639  56.368  56.043  55.667  55.243  54.773  54.261  53.709  53.121  52.500  51.850  51.172  50.472  49.751
  57.520  57.415  57.250  57.025  56.743  56.406  56.015  55.576  55.089  54.558  53.987  53.380  52.738  52.066  51.368  50.645  49.903
  57.925  57.816  57.643  57.410  57.117  56.767  56.362  55.907  55.403  54.854  54.263  53.635  52.973  52.280  51.559  50.815  50.050
  58.330  58.216  58.037  57.794  57.490  57.127  56.708  56.236  55.714  55.147  54.537  53.888  53.205  52.490  51.748  50.981  50.194
  58.734  58.615  58.429  58.178  57.862  57.486  57.052  56.563  56.024  55.437  54.808  54.138  53.433  52.697  51.933  51.144  50.334
  59.138  59.015  58.821  58.560  58.233  57.844  57.394  56.889  56.332  55.726  55.076  54.386  53.659  52.901  52.114  51.303  50.471
  59.542  59.414  59.213  58.942  58.604  58.200  57.735  57.213  56.637  56.012  55.341  54.630  53.882  53.101  52.292  51.458  50.604
  59.945  59.812  59.604  59.324  58.973  58.556  58.075  57.535  56.941  56.295  55.604  54.871  54.101  53.298  52.467  51.610  50.733
  60.349  60.210  59.995  59.704  59.341  58.910  58.413  57.856  57.242  56.577  55.864  55.110  54.318  53.492  52.638  51.759  50.859
  60.752  60.608  60.385  60.084  59.709  59.263  58.750  58.174  57.541  56.855  56.122  55.346  54.531  53.683  52.805  51.903  50.980
  61.155  61.006  60.775  60.464  60.076  59.614  59.084  58.491  57.838  57.132  56.377  55.578  54.741  53.870  52.969  52.044  51.098
  61.558  61.404  61.165  60.843  60.441  59.965  59.418  58.806  58.133  57.406  56.629  55.808  54.948  54.053  53.130  52.182  51.213
  61.960  61.801  61.554  61.221  60.806  60.314  59.750  59.118  58.426  57.677  56.878  56.034  55.151  54.234  53.287  52.315  51.323
  62.363  62.198  61.942  61.598  61.170  60.662  60.080  59.429  58.716  57.945  57.124  56.258  55.351  54.410  53.440  52.445  51.430
  62.766  62.595  62.331  61.975  61.533  61.009  60.408  59.738  59.004  58.211  57.368  56.478  55.548  54.584  53.590  52.571  51.533
  63.168  62.992  62.719  62.351  61.895  61.354  60.735  60.045  59.289  58.475  57.608  56.695  55.741  54.753  53.736  52.694  51.632
  63.571  63.389  63.106  62.727  62.255  61.698  61.060  60.350  59.572  58.735  57.845  56.909  55.931  54.919  53.878  52.812  51.727
  63.974  63.785  63.493  63.102  62.615  62.040  61.384  60.652  59.853  58.993  58.080  57.119  56.118  55.082  54.016  52.927  51.818
  64.376  64.182  63.880  63.476  62.974  62.382  61.705  60.952  60.131  59.248  58.311  57.326  56.301  55.240  54.151  53.038  51.905
  64.779  64.578  64.267  63.849  63.332  62.721  62.025  61.250  60.406  59.500  58.538  57.530  56.480  55.395  54.282  53.144  51.989
  65.182  64.974  64.653  64.222  63.689  63.059  62.342  61.546  60.679  59.749  58.763  57.730  56.655  55.546  54.408  53.247  52.068
  65.584  65.371  65.039  64.594  64.044  63.396  62.658  61.840  60.949  59.994  58.984  57.926  56.827  55.693  54.531  53.346  52.143
  65.987  65.767  65.424  64.966  64.398  63.731  62.972  62.130  61.216  60.237  59.202  58.119  56.995  55.837  54.650  53.441  52.215
  66.390  66.163  65.809  65.336  64.752  64.064  63.283  62.419  61.480  60.476  59.417  58.308  57.159  55.976  54.765  53.532  52.282
  66.793  66.558  66.194  65.706  65.103  64.396  63.593  62.704  61.741  60.713  59.627  58.494  57.320  56.112  54.876  53.619  52.345
  67.197  66.954  66.578  66.075  65.454  64.725  63.900  62.988  61.999  60.945  59.834  58.675  57.476  56.243  54.983  53.702  52.404
  67.600  67.350  66.962  66.443  65.803  65.053  64.204  63.268  62.254  61.175  60.038  58.853  57.628  56.370  55.086  53.780  52.459
  68.003  67.746  67.345  66.810  66.151  65.379  64.507  63.545  62.506  61.400  60.238  59.027  57.776  56.493  55.184  53.854  52.510
  68.407  68.141  67.728  67.176  66.497  65.703  64.806  63.820  62.755  61.622  60.433  59.197  57.920  56.612  55.278  53.925  52.557
  68.811  68.537  68.110  67.541  66.842  66.025  65.104  64.091  63.000  61.841  60.625  59.362  58.060  56.727  55.368  53.990  52.599
  69.215  68.932  68.492  67.906  67.185  66.345  65.398  64.359  63.241  62.055  60.813  59.524  58.196  56.837  55.454  54.052  52.637
  69.619  69.327  68.873  68.269  67.527  66.662  65.690  64.624  63.479  62.266  60.997  59.681  58.327  56.943  55.535  54.109  52.671
  70.023  69.722  69.254  68.631  67.866  66.977  65.978  64.886  63.713  62.473  61.176  59.834  58.454  57.044  55.612  54.162  52.701
  70.428  70.117  69.634  68.991  68.204  67.290  66.264  65.144  63.943  62.675  61.352  59.982  58.576  57.142  55.684  54.211  52.726
  70.833  70.512  70.014  69.351  68.540  67.599  66.547  65.398  64.170  62.874  61.523  60.126  58.694  57.234  55.752  54.255  52.747
  71.238  70.907  70.392  69.709  68.874  67.907  66.826  65.649  64.392  63.068  61.689  60.266  58.808  57.322  55.816  54.295  52.764
  71.643  71.302  70.770  70.065  69.205  68.211  67.102  65.896  64.610  63.257  61.851  60.401  58.917  57.406  55.875  54.330  52.776
  72.048  71.696  71.147  70.420  69.535  68.513  67.375  66.139  64.824  63.443  62.008  60.531  59.021  57.484  55.929  54.361  52.784
  72.454  72.090  71.524  70.773  69.862  68.811  67.643  66.378  65.033  63.623  62.161  60.657  59.120  57.558  55.979  54.387  52.787
  72.859  72.484  71.899  71.125  70.186  69.106  67.908  66.613  65.238  63.799  62.308  60.777  59.214  57.628  56.024  54.409  52.786
  73.265  72.878  72.273  71.475  70.508  69.398  68.170  66.844  65.439  63.970  62.451  60.893  59.304  57.692  56.064  54.426  52.781
  73.672  73.271  72.647  71.823  70.827  69.686  68.427  67.070  65.634  64.136  62.589  61.004  59.389  57.752  56.100  54.438  52.771
  74.078  73.664  73.019  72.168  71.143  69.971  68.679  67.291  65.825  64.298  62.722  61.109  59.468  57.807  56.131  54.446  52.757
  74.485  74.057  73.390  72.512  71.456  70.252  68.928  67.507  66.011  64.454  62.850  61.210  59.543  57.857  56.157  54.450  52.738
  74.892  74.449  73.759  72.853  71.765  70.528  69.171  67.719  66.191  64.604  62.972  61.305  59.613  57.902  56.179  54.448  52.715
  75.299  74.841  74.127  73.192  72.071  70.801  69.410  67.925  66.366  64.750  63.089  61.396  59.677  57.942  56.195  54.442  52.687
  75.706  75.232  74.494  73.528  72.374  71.069  69.644  68.126  66.536  64.890  63.201  61.480  59.737  57.977  56.207  54.432  52.655
  76.113  75.623  74.858  73.861  72.672  71.332  69.873  68.322  66.700  65.024  63.307  61.560  59.791  58.007  56.214  54.416  52.619
  76.521  76.013  75.221  74.191  72.967  71.591  70.097  68.512  66.859  65.153  63.408  61.634  59.840  58.032  56.216  54.396  52.577
  76.929  76.402  75.582  74.517  73.257  71.844  70.315  68.697  67.011  65.276  63.503  61.702  59.883  58.052  56.213  54.372  52.532
  77.337  76.791  75.941  74.840  73.542  72.093  70.527  68.875  67.158  65.393  63.592  61.765  59.922  58.066  56.205  54.342  52.481
  77.745  77.178  76.297  75.160  73.823  72.335  70.734  69.048  67.299  65.504  63.675  61.823  59.954  58.076  56.192  54.308  52.426
  78.154  77.565  76.650  75.475  74.099  72.572  70.934  69.214  67.433  65.609  63.753  61.875  59.982  58.080  56.175  54.269  52.367
  78.562  77.950  77.001  75.785  74.369  72.803  71.128  69.373  67.561  65.708  63.824  61.921  60.004  58.079  56.152  54.225  52.303
  78.971  78.334  77.348  76.092  74.633  73.027  71.315  69.527  67.683  65.800  63.890  61.961  60.020  58.073  56.124  54.177  52.235
  79.380  78.716  77.692  76.393  74.891  73.245  71.496  69.673  67.798  65.886  63.949  61.995  60.031  58.062  56.092  54.124  52.162
  79.789  79.096  78.032  76.688  75.143  73.456  71.669  69.812  67.906  65.966  64.003  62.024  60.036  58.045  56.054  54.066  52.084
  80.197  79.475  78.368  76.978  75.388  73.659  71.835  69.944  68.008  66.039  64.050  62.047  60.036  58.023  56.011  54.003  52.002
  80.606  79.851  78.700  77.261  75.626  73.855  71.994  70.069  68.102  66.106  64.091  62.063  60.030  57.996  55.963  53.936  51.916
  81.014  80.225  79.026  77.538  75.856  74.044  72.145  70.187  68.190  66.166  64.125  62.074  60.019  57.963  55.911  53.864  51.825
  81.423  80.596  79.347  77.807  76.078  74.224  72.288  70.297  68.270  66.219  64.153  62.079  60.002  57.926  55.853  53.787  51.729
  81.831  80.963  79.661  78.069  76.292  74.396  72.422  70.399  68.343  66.265  64.175  62.078  59.979  57.883  55.790  53.705  51.629
  82.238  81.327  79.969  78.322  76.497  74.559  72.549  70.493  68.408  66.304  64.190  62.071  59.951  57.834  55.723  53.619  51.525
  82.645  81.686  80.269  78.567  76.692  74.712  72.667  70.579  68.466  66.337  64.199  62.058  59.917  57.780  55.650  53.528  51.416
  83.051  82.041  80.561  78.802  76.878  74.857  72.776  70.657  68.516  66.362  64.201  62.038  59.878  57.721  55.572  53.432  51.302
  83.456  82.389  80.844  79.026  77.054  74.992  72.876  70.727  68.559  66.380  64.197  62.013  59.832  57.657  55.490  53.332  51.184
  83.860  82.731  81.117  79.240  77.219  75.117  72.966  70.788  68.594  66.391  64.186  61.982  59.781  57.587  55.402  53.226  51.062
  84.262  83.064  81.379  79.442  77.373  75.231  73.048  70.841  68.621  66.395  64.168  61.944  59.725  57.513  55.309  53.117  50.935
  84.661  83.389  81.629  79.632  77.515  75.335  73.120  70.885  68.640  66.392  64.144  61.900  59.662  57.432  55.212  53.002  50.804
  85.058  83.703  81.865  79.808  77.645  75.428  73.182  70.920  68.652  66.382  64.114  61.851  59.594  57.347  55.109  52.883  50.668
  85.450  84.004  82.087  79.971  77.763  75.510  73.234  70.947  68.655  66.364  64.076  61.795  59.521  57.256  55.002  52.759  50.528
  85.838  84.291  82.293  80.119  77.868  75.581  73.276  70.964  68.650  66.339  64.032  61.733  59.442  57.160  54.889  52.631  50.384
  86.218  84.561  82.481  80.251  77.959  75.640  73.308  70.973  68.638  66.307  63.982  61.665  59.357  57.059  54.772  52.497  50.235
  86.589  84.811  82.651  80.368  78.037  75.687  73.330  70.972  68.617  66.267  63.925  61.591  59.266  56.953  54.650  52.360  50.082
  86.947  85.039  82.800  80.467  78.101  75.723  73.342  70.963  68.588  66.221  63.861  61.511  59.170  56.841  54.523  52.218  49.925
  87.286  85.240  82.928  80.550  78.151  75.747  73.343  70.944  68.551  66.167  63.791  61.424  59.069  56.724  54.391  52.071  49.763
  87.598  85.411  83.032  80.614  78.186  75.758  73.334  70.916  68.507  66.105  63.714  61.332  58.962  56.602  54.255  51.920  49.597
  87.870  85.548  83.113  80.660  78.206  75.757  73.314  70.880  68.454  66.037  63.630  61.234  58.849  56.475  54.114  51.764  49.427
