  142.537  142.576  142.624  142.680  142.742  142.809  142.883  142.961  143.044  143.132  143.223  143.319  143.418  143.522  143.628  143.739  143.854
  141.974  142.039  142.111  142.191  142.278  142.372  142.471  142.576  142.686  142.802  142.921  143.045  143.173  143.304  143.439  143.576  143.716
  141.436  141.521  141.615  141.718  141.828  141.944  142.069  142.200  142.338  142.481  142.630  142.783  142.941  143.102  143.266  143.433  143.603
  140.921  141.025  141.138  141.261  141.394  141.536  141.686  141.844  142.009  142.181  142.359  142.542  142.731  142.923  143.119  143.318  143.519
  140.414  140.536  140.670  140.814  140.970  141.135  141.311  141.495  141.688  141.888  142.096  142.310  142.529  142.754  142.982  143.214  143.448
  139.913  140.052  140.204  140.370  140.547  140.737  140.937  141.148  141.369  141.598  141.836  142.081  142.332  142.589  142.850  143.115  143.383
  139.411  139.568  139.739  139.925  140.125  140.338  140.563  140.801  141.049  141.308  141.576  141.852  142.136  142.426  142.721  143.020  143.322
  138.910  139.083  139.273  139.479  139.700  139.937  140.188  140.452  140.729  141.017  141.316  141.624  141.940  142.264  142.593  142.926  143.263
  138.407  138.596  138.804  139.030  139.274  139.534  139.811  140.102  140.407  140.725  141.054  141.395  141.744  142.101  142.465  142.834  143.206
  137.901  138.107  138.333  138.579  138.845  139.128  139.430  139.748  140.082  140.430  140.791  141.163  141.546  141.938  142.337  142.742  143.150
  137.393  137.615  137.859  138.125  138.412  138.719  139.046  139.391  139.754  140.132  140.524  140.930  141.347  141.774  142.208  142.649  143.095
  137.019  137.252  137.510  137.792  138.097  138.424  138.773  139.141  139.529  139.934  140.354  140.789  141.237  141.695  142.163  142.637  143.117
  136.711  136.954  137.224  137.520  137.841  138.187  138.555  138.946  139.357  139.787  140.235  140.698  141.176  141.665  142.164  142.672  143.185
  136.442  136.694  136.974  137.283  137.619  137.982  138.370  138.782  139.216  139.671  140.145  140.637  141.144  141.664  142.195  142.736  143.283
  136.209  136.467  136.757  137.078  137.428  137.807  138.214  138.646  139.103  139.582  140.083  140.602  141.139  141.690  142.253  142.827  143.408
  135.868  136.135  136.437  136.772  137.139  137.536  137.964  138.419  138.900  139.406  139.935  140.484  141.051  141.635  142.232  142.840  143.457
  135.316  135.599  135.918  136.272  136.660  137.080  137.533  138.014  138.524  139.061  139.621  140.203  140.805  141.424  142.058  142.703  143.356
  134.766  135.063  135.399  135.772  136.181  136.624  137.101  137.610  138.148  138.715  139.308  139.924  140.561  141.216  141.886  142.569  143.261
  134.216  134.528  134.880  135.271  135.700  136.166  136.668  137.204  137.771  138.369  138.994  139.644  140.316  141.008  141.716  142.437  143.168
  133.666  133.992  134.359  134.769  135.218  135.707  136.233  136.795  137.392  138.021  138.679  139.363  140.072  140.801  141.548  142.308  143.078
  133.115  133.454  133.837  134.264  134.734  135.245  135.796  136.385  137.010  137.670  138.361  139.081  139.826  140.594  141.379  142.180  142.991
  132.563  132.915  133.313  133.757  134.246  134.779  135.355  135.971  136.626  137.317  138.042  138.797  139.580  140.386  141.211  142.052  142.905
  132.009  132.373  132.786  133.247  133.756  134.311  134.911  135.554  136.238  136.961  137.720  138.511  139.331  140.176  141.043  141.925  142.820
  131.453  131.829  132.256  132.734  133.262  133.839  134.463  135.133  135.847  136.601  137.394  138.222  139.080  139.966  140.873  141.798  142.736
  130.895  131.282  131.723  132.218  132.764  133.363  134.011  134.708  135.451  136.238  137.065  137.930  138.827  139.753  140.703  141.671  142.653
  130.334  130.733  131.187  131.697  132.262  132.882  133.555  134.278  135.051  135.870  136.733  137.634  138.571  139.538  140.531  141.544  142.571
  129.771  130.180  130.647  131.173  131.756  132.397  133.093  133.844  134.647  135.498  136.396  137.335  138.312  139.321  140.358  141.416  142.488
  129.205  129.624  130.104  130.644  131.246  131.907  132.627  133.405  134.237  135.122  136.055  137.032  138.050  139.102  140.183  141.287  142.406
  128.636  129.064  129.556  130.111  130.730  131.412  132.156  132.961  133.823  134.740  135.709  136.725  137.784  138.879  140.006  141.156  142.324
  128.064  128.501  129.005  129.574  130.210  130.913  131.680  132.511  133.403  134.353  135.358  136.414  137.514  138.654  139.827  141.025  142.242
  127.490  127.935  128.449  129.032  129.685  130.408  131.198  132.055  132.977  133.961  135.003  136.098  137.241  138.425  139.645  140.893  142.160
  126.912  127.365  127.889  128.486  129.155  129.897  130.710  131.594  132.546  133.563  134.642  135.777  136.963  138.193  139.461  140.759  142.077
  126.331  126.791  127.325  127.935  128.620  129.381  130.217  131.127  132.109  133.159  134.275  135.451  136.680  137.958  139.275  140.623  141.993
  125.746  126.213  126.757  127.378  128.079  128.859  129.718  130.654  131.665  132.750  133.903  135.119  136.394  137.718  139.085  140.486  141.910
  125.159  125.631  126.184  126.817  127.533  128.331  129.212  130.174  131.215  132.334  133.524  134.782  136.102  137.475  138.893  140.346  141.825
  124.568  125.046  125.606  126.251  126.981  127.798  128.700  129.688  130.759  131.911  133.140  134.440  135.805  137.227  138.697  140.205  141.740
  123.974  124.457  125.025  125.680  126.424  127.258  128.181  129.195  130.296  131.482  132.749  134.091  135.503  136.975  138.498  140.062  141.654
  123.376  123.863  124.438  125.103  125.861  126.712  127.656  128.695  129.825  131.046  132.351  133.737  135.195  136.718  138.295  139.916  141.567
  122.776  123.266  123.847  124.521  125.292  126.159  127.124  128.188  129.348  130.602  131.947  133.375  134.882  136.457  138.089  139.768  141.479
  122.172  122.665  123.251  123.934  124.717  125.600  126.586  127.674  128.863  130.151  131.535  133.008  134.562  136.190  137.879  139.617  141.390
  121.565  122.060  122.651  123.342  124.136  125.035  126.040  127.152  128.370  129.693  131.116  132.633  134.237  135.918  137.665  139.464  141.300
  120.954  121.450  122.046  122.744  123.549  124.462  125.487  126.623  127.870  129.227  130.689  132.251  133.905  135.641  137.447  139.308  141.209
  120.341  120.837  121.436  122.141  122.956  123.883  124.926  126.086  127.362  128.752  130.254  131.861  133.566  135.358  137.224  139.149  141.117
  119.724  120.220  120.821  121.532  122.356  123.298  124.359  125.541  126.845  128.270  129.811  131.464  133.220  135.069  136.996  138.987  141.023
  119.104  119.599  120.202  120.918  121.751  122.705  123.783  124.988  126.320  127.779  129.360  131.059  132.867  134.774  136.764  138.822  140.928
  118.481  118.974  119.578  120.298  121.139  122.105  123.200  124.427  125.787  127.279  128.900  130.646  132.507  134.472  136.527  138.653  140.831
  117.855  118.346  118.950  119.673  120.521  121.498  122.609  123.857  125.244  126.770  128.431  130.224  132.138  134.164  136.284  138.481  140.733
  117.226  117.713  118.317  119.042  119.896  120.884  122.010  123.279  124.693  126.251  127.953  129.793  131.762  133.848  136.036  138.305  140.633
  116.593  117.077  117.679  118.406  119.265  120.262  121.403  122.692  124.132  125.723  127.465  129.353  131.377  133.525  135.782  138.125  140.532
  115.958  116.437  117.036  117.764  118.628  119.634  120.788  122.096  123.562  125.186  126.968  128.903  130.983  133.195  135.522  137.942  140.429
  115.321  115.793  116.389  117.117  117.984  118.997  120.165  121.491  122.982  124.638  126.460  128.444  130.580  132.857  135.256  137.754  140.324
  114.680  115.146  115.738  116.464  117.334  118.354  119.533  120.877  122.392  124.080  125.942  127.974  130.168  132.510  134.983  137.561  140.216
  114.037  114.495  115.082  115.806  116.677  117.703  118.893  120.254  121.792  123.511  125.413  127.494  129.745  132.155  134.703  137.364  140.107
  113.391  113.840  114.421  115.142  116.014  117.044  118.244  119.621  121.182  122.932  124.873  127.003  129.313  131.791  134.416  137.162  139.996
  112.742  113.183  113.756  114.473  115.344  116.378  117.586  118.978  120.561  122.341  124.322  126.500  128.870  131.417  134.121  136.954  139.882
  112.091  112.521  113.087  113.799  114.668  115.704  116.920  118.325  119.929  121.739  123.758  125.986  128.415  131.033  133.819  136.742  139.766
  111.438  111.857  112.414  113.119  113.985  115.023  116.245  117.663  119.287  121.125  123.183  125.459  127.950  130.640  133.508  136.523  139.647
  110.782  111.189  111.736  112.434  113.296  114.334  115.561  116.990  118.633  120.499  122.595  124.920  127.472  130.235  133.188  136.299  139.526
  110.124  110.519  111.055  111.744  112.600  113.637  114.868  116.308  117.968  119.861  121.994  124.369  126.981  129.819  132.859  136.068  139.401
  109.465  109.845  110.369  111.049  111.898  112.933  114.166  115.615  117.292  119.210  121.379  123.803  126.478  129.392  132.521  135.831  139.274
  108.803  109.168  109.679  110.348  111.190  112.221  113.455  114.911  116.603  118.547  120.752  123.224  125.961  128.952  132.173  135.586  139.144
  108.139  108.489  108.986  109.643  110.476  111.501  112.735  114.197  115.903  117.870  120.110  122.630  125.430  128.499  131.814  135.335  139.010
  107.473  107.807  108.289  108.933  109.755  110.774  112.006  113.472  115.191  117.179  119.453  122.021  124.884  128.033  131.443  135.075  138.873
  106.806  107.122  107.588  108.218  109.029  110.039  111.268  112.737  114.466  116.475  118.782  121.397  124.323  127.553  131.061  134.807  138.732
  106.137  106.435  106.884  107.498  108.296  109.296  110.520  111.990  113.728  115.757  118.095  120.756  123.746  127.058  130.667  134.531  138.587
  105.467  105.746  106.176  106.774  107.557  108.547  109.764  111.233  112.978  115.024  117.392  120.099  123.153  126.547  130.260  134.245  138.438
  104.796  105.054  105.465  106.045  106.813  107.789  108.998  110.465  112.215  114.277  116.673  119.425  122.542  126.021  129.839  133.950  138.284
  104.123  104.361  104.751  105.312  106.062  107.025  108.223  109.685  111.439  113.514  115.938  118.733  121.913  125.477  129.403  133.644  138.126
  103.450  103.665  104.034  104.575  105.307  106.253  107.440  108.895  110.650  112.737  115.185  118.022  121.265  124.915  128.952  133.328  137.963
  102.775  102.968  103.315  103.833  104.545  105.474  106.647  108.094  109.848  111.944  114.415  117.293  120.597  124.334  128.485  132.999  137.794
  102.099  102.269  102.592  103.088  103.778  104.688  105.845  107.281  109.032  111.135  113.627  116.544  119.910  123.734  128.000  132.659  137.620
  101.423  101.568  101.867  102.339  103.007  103.895  105.034  106.457  108.202  110.310  112.821  115.774  119.200  123.113  127.498  132.305  137.439
  100.747  100.866  101.140  101.586  102.229  103.095  104.214  105.623  107.359  109.469  111.995  114.984  118.469  122.469  126.976  131.936  137.253
  100.069  100.163  100.410  100.830  101.447  102.289  103.386  104.777  106.503  108.611  111.151  114.171  117.714  121.803  126.433  131.553  137.059
   99.392   99.458   99.678  100.071  100.661  101.476  102.549  103.920  105.632  107.737  110.286  113.337  116.935  121.113  125.869  131.154  136.858
   98.715   98.753   98.944   99.308   99.870  100.657  101.704  103.052  104.748  106.845  109.402  112.479  116.131  120.397  125.281  130.737  136.648
   98.037   98.047   98.209   98.543   99.074   99.831  100.851  102.174  103.850  105.937  108.497  111.597  115.300  119.654  124.669  130.302  136.430
   97.360   97.340   97.472   97.775   98.274   99.000   99.989  101.285  102.939  105.011  107.571  110.691  114.442  118.882  124.031  129.847  136.203
   96.682   96.633   96.733   97.004   97.470   98.163   99.119  100.385  102.013  104.068  106.623  109.759  113.556  118.081  123.364  129.370  135.966
   96.006   95.926   95.994   96.231   96.663   97.320   98.242   99.475  101.074  103.108  105.654  108.802  112.640  117.248  122.668  128.870  135.717
   95.329   95.218   95.253   95.455   95.851   96.472   97.357   98.554  100.121  102.130  104.663  107.817  111.693  116.382  121.940  128.345  135.457
   94.654   94.510   94.511   94.678   95.037   95.619   96.465   97.624   99.155  101.134  103.650  106.806  110.714  115.481  121.177  127.793  135.184
   93.979   93.802   93.769   93.899   94.219   94.762   95.566   96.684   98.176  100.121  102.614  105.766  109.701  114.542  120.379  127.212  134.896
   93.305   93.095   93.026   93.119   93.399   93.899   94.660   95.734   97.184   99.091  101.555  104.697  108.654  113.565  119.540  126.599  134.593
   92.632   92.388   92.283   92.337   92.576   93.032   93.748   94.775   96.178   98.043  100.474  103.599  107.571  112.547  118.660  125.951  134.272
   91.961   91.682   91.540   91.554   91.750   92.162   92.830   93.807   95.161   96.978   99.369  102.472  106.450  111.485  117.735  125.265  133.933
   91.290   90.977   90.797   90.770   90.923   91.287   91.905   92.830   94.130   95.896   98.241  101.314  105.291  110.377  116.762  124.538  133.573
   90.622   90.272   90.054   89.986   90.093   90.409   90.975   91.845   93.088   94.797   97.091  100.124  104.093  109.222  115.736  123.765  133.189
   89.954   89.569   89.311   89.201   89.262   89.528   90.040   90.852   92.034   93.681   95.917   98.904  102.853  108.016  114.655  122.943  132.780
   89.289   88.867   88.569   88.415   88.430   88.645   89.100   89.851   90.969   92.549   94.720   97.652  101.571  106.757  113.513  122.065  132.342
   88.625   88.166   87.828   87.630   87.597   87.758   88.156   88.844   89.893   91.401   93.500   96.368  100.246  105.442  112.307  121.127  131.871
   87.963   87.467   87.088   86.845   86.763   86.870   87.208   87.829   88.807   90.238   92.258   95.052   98.877  104.068  111.031  120.122  131.363
   87.304   86.769   86.349   86.061   85.928   85.980   86.256   86.809   87.711   89.060   90.994   93.705   97.462  102.634  109.680  119.043  130.813
   86.646   86.074   85.612   85.277   85.093   85.088   85.300   85.782   86.605   87.868   89.708   92.325   96.001  101.136  108.249  117.881  130.215
   85.991   85.380   84.876   84.495   84.258   84.195   84.342   84.751   85.491   86.662   88.402   90.914   94.494   99.572  106.731  116.626  129.562
   85.339   84.688   84.141   83.713   83.424   83.301   83.381   83.714   84.369   85.442   87.075   89.472   92.940   97.939  105.120  115.269  128.845
   84.688   83.999   83.409   82.933   82.590   82.407   82.419   82.674   83.239   84.211   85.728   87.999   91.339   96.235  103.410  113.797  128.054
   84.041   83.312   82.679   82.154   81.757   81.513   81.455   81.630   82.103   82.968   84.363   86.496   89.691   94.459  101.594  112.196  127.177
   83.396   82.628   81.951   81.377   80.925   80.619   80.489   80.582   80.960   81.714   82.980   84.965   87.996   92.608   99.664  110.449  126.196
   82.754   81.946   81.225   80.602   80.095   79.725   79.523   79.532   79.812   80.451   81.581   83.406   86.256   90.681   97.615  108.540  125.092
   82.115   81.268   80.502   79.830   79.266   78.833   78.557   78.480   78.660   79.179   80.166   81.820   84.470   88.679   95.439  106.447  123.839
