  129.759  129.982  130.151  130.297  130.431  130.555  130.672  130.781  130.884  130.981  131.072  131.156  131.234  131.306  131.371  131.429  131.479  131.521  131.554  131.577  131.589  131.588  131.570  131.526  131.422
  130.123  130.294  130.457  130.614  130.764  130.910  131.049  131.183  131.311  131.433  131.548  131.657  131.759  131.854  131.942  132.021  132.092  132.155  132.209  132.253  132.288  132.311  132.324  132.324  132.309
  130.319  130.511  130.699  130.883  131.061  131.234  131.402  131.564  131.719  131.868  132.010  132.144  132.267  132.385  132.494  132.594  132.685  132.766  132.837  132.897  132.946  132.984  133.010  133.024  133.026
  130.450  130.673  130.893  131.107  131.317  131.521  131.719  131.911  132.096  132.272  132.441  132.601  132.751  132.892  133.022  133.140  133.249  133.346  133.432  133.506  133.567  133.616  133.652  133.674  133.683
  130.558  130.814  131.067  131.315  131.557  131.794  132.024  132.246  132.460  132.665  132.861  133.047  133.221  133.385  133.536  133.676  133.802  133.914  134.014  134.100  134.173  134.231  134.274  134.302  134.316
  130.653  130.944  131.231  131.513  131.790  132.060  132.322  132.575  132.820  133.054  133.277  133.488  133.687  133.874  134.046  134.205  134.349  134.478  134.589  134.688  134.770  134.836  134.886  134.919  134.936
  130.740  131.067  131.390  131.708  132.019  132.323  132.618  132.903  133.178  133.441  133.692  133.929  134.153  134.361  134.555  134.732  134.893  135.037  135.164  135.272  135.363  135.437  135.493  135.530  135.549
  130.823  131.187  131.547  131.900  132.247  132.585  132.913  133.231  133.537  133.829  134.108  134.371  134.619  134.850  135.064  135.260  135.438  135.597  135.736  135.856  135.955  136.035  136.096  136.136  136.156
  130.903  131.305  131.702  132.092  132.475  132.848  133.210  133.560  133.897  134.220  134.526  134.816  135.088  135.341  135.576  135.790  135.984  136.157  136.309  136.439  136.546  136.632  136.697  136.740  136.761
  130.982  131.422  131.857  132.285  132.704  133.113  133.509  133.893  134.261  134.613  134.947  135.263  135.560  135.835  136.090  136.322  136.532  136.719  136.882  137.022  137.138  137.229  137.297  137.342  137.363
  131.059  131.538  132.012  132.478  132.935  133.380  133.811  134.228  134.628  135.010  135.373  135.715  136.035  136.333  136.607  136.858  137.083  137.283  137.458  137.607  137.730  137.826  137.897  137.943  137.963
  131.004  131.523  132.036  132.540  133.033  133.512  133.977  134.425  134.855  135.264  135.653  136.018  136.360  136.677  136.969  137.234  137.472  137.682  137.865  138.020  138.146  138.243  138.314  138.356  138.371
  130.868  131.430  131.983  132.526  133.055  133.570  134.068  134.548  135.007  135.444  135.858  136.246  136.609  136.944  137.252  137.530  137.779  137.999  138.188  138.346  138.474  138.569  138.636  138.672  138.677
  130.677  131.284  131.880  132.463  133.031  133.582  134.114  134.626  135.115  135.579  136.018  136.429  136.812  137.166  137.488  137.780  138.039  138.266  138.460  138.621  138.749  138.841  138.902  138.929  138.922
  130.435  131.089  131.730  132.356  132.963  133.552  134.119  134.663  135.182  135.675  136.139  136.573  136.975  137.346  137.684  137.987  138.256  138.490  138.688  138.850  138.976  139.062  139.115  139.131  139.108
  130.327  131.027  131.710  132.376  133.023  133.648  134.250  134.827  135.376  135.897  136.386  136.844  137.267  137.657  138.010  138.327  138.607  138.849  139.053  139.219  139.345  139.430  139.478  139.487  139.454
  130.487  131.223  131.943  132.645  133.328  133.989  134.625  135.234  135.814  136.363  136.880  137.362  137.808  138.218  138.589  138.922  139.216  139.470  139.684  139.858  139.991  140.080  140.132  140.144  140.113
  130.637  131.411  132.169  132.910  133.630  134.327  134.998  135.640  136.251  136.829  137.372  137.879  138.348  138.778  139.167  139.516  139.823  140.088  140.311  140.492  140.631  140.724  140.779  140.792  140.761
  130.780  131.594  132.392  133.172  133.930  134.664  135.370  136.045  136.688  137.295  137.866  138.397  138.888  139.338  139.745  140.108  140.428  140.704  140.936  141.123  141.267  141.366  141.419  141.432  141.402
  130.917  131.772  132.612  133.432  134.229  135.000  135.742  136.452  137.126  137.763  138.361  138.917  139.430  139.899  140.323  140.701  141.033  141.319  141.559  141.752  141.899  142.001  142.055  142.068  142.035
  131.050  131.948  132.829  133.691  134.528  135.338  136.116  136.860  137.567  138.233  138.858  139.438  139.973  140.461  140.902  141.294  141.638  141.934  142.180  142.379  142.530  142.633  142.687  142.698  142.663
  131.180  132.121  133.046  133.950  134.828  135.677  136.492  137.271  138.010  138.706  139.358  139.963  140.519  141.026  141.483  141.889  142.244  142.548  142.802  143.005  143.158  143.262  143.315  143.324  143.286
  131.307  132.293  133.262  134.209  135.129  136.018  136.871  137.685  138.457  139.183  139.862  140.491  141.069  141.594  142.067  142.486  142.852  143.164  143.423  143.630  143.785  143.889  143.941  143.947  143.904
  131.432  132.464  133.479  134.470  135.433  136.362  137.253  138.103  138.908  139.664  140.370  141.023  141.622  142.165  142.653  143.085  143.461  143.781  144.045  144.255  144.412  144.515  144.565  144.567  144.520
  131.555  132.635  133.696  134.733  135.739  136.709  137.639  138.525  139.363  140.149  140.882  141.559  142.179  142.740  143.243  143.687  144.072  144.399  144.668  144.881  145.037  145.140  145.186  145.184  145.131
  131.677  132.806  133.915  134.998  136.048  137.060  138.030  138.952  139.823  140.639  141.399  142.100  142.740  143.319  143.836  144.291  144.685  145.019  145.292  145.506  145.663  145.763  145.806  145.799  145.740
  131.798  132.977  134.135  135.265  136.361  137.416  138.425  139.384  140.288  141.135  141.921  142.645  143.306  143.901  144.433  144.899  145.301  145.640  145.917  146.132  146.288  146.386  146.424  146.412  146.346
  131.919  133.149  134.357  135.536  136.677  137.775  138.825  139.821  140.759  141.636  142.449  143.196  143.876  144.489  145.033  145.510  145.920  146.263  146.543  146.759  146.913  147.008  147.041  147.023  146.949
  132.039  133.322  134.582  135.809  136.998  138.140  139.231  140.264  141.236  142.143  142.982  143.752  144.452  145.080  145.637  146.124  146.541  146.889  147.170  147.386  147.538  147.629  147.660  147.632  147.551
  132.160  133.497  134.809  136.087  137.323  138.510  139.642  140.713  141.719  142.656  143.522  144.314  145.033  145.677  146.246  146.742  147.165  147.517  147.799  148.014  148.164  148.250  148.275  148.239  148.149
  132.280  133.673  135.039  136.368  137.653  138.886  140.060  141.169  142.209  143.176  144.068  144.882  145.619  146.278  146.859  147.363  147.792  148.146  148.430  148.643  148.789  148.870  148.889  148.845  148.746
  132.401  133.851  135.271  136.654  137.988  139.267  140.483  141.631  142.705  143.702  144.620  145.456  146.211  146.884  147.476  147.988  148.421  148.779  149.062  149.273  149.415  149.490  149.501  149.449  149.341
  132.523  134.031  135.508  136.944  138.329  139.655  140.914  142.100  143.208  144.235  145.179  146.037  146.809  147.495  148.097  148.617  149.054  149.413  149.695  149.904  150.041  150.110  150.113  150.052  149.933
  132.645  134.213  135.748  137.239  138.676  140.049  141.352  142.577  143.719  144.776  145.744  146.623  147.412  148.112  148.724  149.249  149.690  150.050  150.331  150.536  150.668  150.729  150.724  150.654  150.524
  132.768  134.397  135.992  137.539  139.028  140.450  141.796  143.061  144.238  145.324  146.317  147.216  148.022  148.734  149.354  149.885  150.329  150.689  150.968  151.168  151.294  151.348  151.334  151.253  151.113
  132.892  134.585  136.240  137.844  139.387  140.858  142.249  143.552  144.764  145.879  146.897  147.816  148.637  149.361  149.990  150.526  150.972  151.331  151.606  151.802  151.921  151.967  151.943  151.852  151.700
  133.018  134.775  136.492  138.156  139.753  141.274  142.709  144.052  145.298  146.443  147.484  148.423  149.259  149.994  150.630  151.170  151.617  151.975  152.247  152.437  152.548  152.585  152.551  152.449  152.284
  133.144  134.968  136.749  138.473  140.126  141.698  143.178  144.561  145.841  147.014  148.079  149.037  149.887  150.632  151.275  151.818  152.265  152.621  152.889  153.072  153.176  153.203  153.159  153.044  152.867
  133.272  135.164  137.011  138.796  140.506  142.129  143.655  145.078  146.392  147.593  148.682  149.658  150.521  151.276  151.924  152.470  152.917  153.269  153.532  153.708  153.803  153.821  153.763  153.639  153.449
  133.401  135.364  137.278  139.126  140.894  142.569  144.141  145.604  146.952  148.181  149.293  150.286  151.162  151.925  152.578  153.126  153.571  153.920  154.177  154.346  154.431  154.438  154.368  154.231  154.028
  133.533  135.568  137.551  139.463  141.290  143.018  144.637  146.139  147.521  148.778  149.911  150.921  151.809  152.580  153.237  153.785  154.229  154.573  154.823  154.983  155.059  155.055  154.972  154.822  154.605
  133.665  135.775  137.829  139.807  141.694  143.476  145.141  146.684  148.099  149.383  150.538  151.563  152.463  153.241  153.901  154.449  154.890  155.229  155.471  155.622  155.687  155.671  155.576  155.412  155.180
  133.800  135.987  138.113  140.159  142.107  143.943  145.656  147.239  148.687  149.998  151.173  152.214  153.124  153.907  154.570  155.116  155.553  155.886  156.120  156.261  156.315  156.286  156.178  156.000  155.753
  133.937  136.203  138.404  140.519  142.529  144.420  146.180  147.803  149.284  150.621  151.816  152.871  153.791  154.579  155.243  155.788  156.220  156.545  156.770  156.901  156.943  156.901  156.779  156.586  156.324
  134.076  136.423  138.701  140.886  142.960  144.907  146.716  148.378  149.892  151.254  152.468  153.537  154.464  155.257  155.921  156.462  156.889  157.207  157.422  157.541  157.571  157.515  157.379  157.171  156.894
  134.217  136.648  139.005  141.263  143.402  145.405  147.261  148.964  150.509  151.897  153.129  154.210  155.145  155.940  156.603  157.141  157.561  157.870  158.075  158.182  158.198  158.129  157.977  157.754  157.461
  134.360  136.878  139.317  141.649  143.853  145.914  147.819  149.561  151.138  152.549  153.799  154.891  155.832  156.629  157.290  157.823  158.235  158.535  158.728  158.823  158.826  158.741  158.575  158.336  158.026
  134.507  137.114  139.636  142.044  144.315  146.434  148.387  150.169  151.777  153.211  154.477  155.579  156.526  157.324  157.982  158.509  158.913  159.202  159.383  159.465  159.453  159.353  159.171  158.915  158.589
  134.655  137.355  139.963  142.449  144.789  146.966  148.968  150.788  152.426  153.883  155.164  156.276  157.226  158.024  158.678  159.198  159.593  159.870  160.039  160.106  160.079  159.964  159.765  159.493  159.149
  134.807  137.602  140.298  142.864  145.274  147.510  149.560  151.420  153.087  154.566  155.861  156.980  157.933  158.729  159.379  159.891  160.275  160.540  160.695  160.748  160.705  160.574  160.358  160.069  159.708
  134.962  137.856  140.643  143.290  145.771  148.066  150.166  152.064  153.760  155.258  156.566  157.693  158.647  159.440  160.083  160.586  160.959  161.212  161.353  161.390  161.331  161.183  160.950  160.643  160.262
  135.120  138.116  140.997  143.727  146.280  148.636  150.784  152.720  154.444  155.962  157.281  158.413  159.368  160.157  160.793  161.285  161.646  161.885  162.010  162.032  161.956  161.790  161.540  161.215  160.816
  135.281  138.383  141.360  144.177  146.803  149.220  151.416  153.389  155.140  156.675  158.005  159.141  160.095  160.879  161.506  161.988  162.335  162.559  162.669  162.673  162.580  162.397  162.128  161.785  161.367
  135.446  138.657  141.734  144.638  147.339  149.817  152.062  154.071  155.848  157.400  158.739  159.877  160.828  161.606  162.223  162.693  163.026  163.235  163.328  163.315  163.203  163.002  162.715  162.353  161.916
  135.615  138.939  142.119  145.113  147.890  150.430  152.722  154.767  156.568  158.135  159.482  160.621  161.569  162.338  162.945  163.401  163.719  163.911  163.987  163.956  163.826  163.606  163.300  162.919  162.463
  135.788  139.229  142.515  145.601  148.455  151.057  153.397  155.476  157.301  158.882  160.234  161.373  162.315  163.076  163.670  164.112  164.414  164.589  164.646  164.596  164.448  164.208  163.883  163.483  163.008
  135.965  139.527  142.923  146.104  149.036  151.700  154.087  156.200  158.046  159.639  160.996  162.133  163.069  163.818  164.399  164.825  165.110  165.267  165.306  165.237  165.068  164.809  164.465  164.045  163.549
  136.146  139.835  143.344  146.621  149.633  152.359  154.793  156.937  158.804  160.408  161.768  162.901  163.828  164.566  165.132  165.541  165.809  165.946  165.965  165.876  165.688  165.408  165.044  164.604  164.089
  136.332  140.152  143.778  147.155  150.247  153.035  155.514  157.690  159.575  161.188  162.549  163.677  164.594  165.318  165.868  166.260  166.508  166.626  166.625  166.515  166.306  166.006  165.622  165.162  164.626
  136.524  140.480  144.226  147.704  150.878  153.729  156.252  158.458  160.360  161.980  163.339  164.460  165.365  166.075  166.608  166.981  167.209  167.306  167.284  167.153  166.923  166.602  166.197  165.717  165.160
  136.720  140.819  144.689  148.271  151.528  154.440  157.007  159.241  161.158  162.783  164.139  165.251  166.143  166.837  167.351  167.704  167.911  167.987  167.943  167.791  167.539  167.195  166.771  166.267  165.692
  136.923  141.169  145.168  148.857  152.196  155.170  157.780  160.039  161.970  163.597  164.948  166.050  166.927  167.602  168.097  168.429  168.614  168.668  168.602  168.427  168.154  167.787  167.342  166.817  166.221
  137.131  141.531  145.663  149.461  152.885  155.920  158.570  160.854  162.795  164.423  165.767  166.856  167.717  168.373  168.846  169.156  169.318  169.349  169.260  169.063  168.767  168.378  167.911  167.365  166.747
  137.346  141.906  146.176  150.085  153.594  156.689  159.379  161.684  163.634  165.260  166.595  167.670  168.512  169.147  169.598  169.884  170.023  170.030  169.918  169.697  169.378  168.967  168.478  167.910  167.271
  137.568  142.295  146.708  150.731  154.325  157.480  160.207  162.532  164.487  166.109  167.433  168.490  169.312  169.925  170.352  170.615  170.729  170.711  170.574  170.330  169.988  169.554  169.043  168.452  167.792
  137.798  142.699  147.259  151.399  155.078  158.291  161.054  163.396  165.355  166.970  168.279  169.318  170.118  170.707  171.110  171.346  171.435  171.392  171.230  170.962  170.595  170.139  169.605  168.992  168.311
  138.035  143.119  147.832  152.090  155.855  159.125  161.920  164.276  166.236  167.842  169.135  170.153  170.930  171.493  171.869  172.079  172.142  172.073  171.886  171.592  171.202  170.722  170.165  169.530  168.826
  138.281  143.556  148.426  152.806  156.657  159.982  162.807  165.175  167.132  168.725  170.000  170.995  171.746  172.282  172.631  172.813  172.849  172.753  172.540  172.221  171.806  171.303  170.722  170.064  169.339
  138.536  144.011  149.045  153.548  157.484  160.862  163.714  166.090  168.042  169.620  170.873  171.843  172.567  173.075  173.395  173.548  173.556  173.433  173.193  172.848  172.408  171.881  171.277  170.596  169.849
  138.802  144.485  149.688  154.317  158.338  161.766  164.643  167.023  168.966  170.526  171.756  172.698  173.392  173.870  174.160  174.284  174.263  174.111  173.845  173.474  173.009  172.457  171.830  171.126  170.356
  139.077  144.980  150.359  155.115  159.220  162.696  165.593  167.974  169.904  171.444  172.646  173.559  174.222  174.669  174.927  175.021  174.969  174.790  174.495  174.098  173.607  173.031  172.380  171.653  170.860
  139.365  145.498  151.058  155.943  160.130  163.651  166.565  168.943  170.857  172.372  173.545  174.427  175.057  175.470  175.696  175.758  175.676  175.467  175.144  174.720  174.203  173.602  172.925  172.176  171.362
  139.665  146.041  151.788  156.804  161.071  164.633  167.559  169.930  171.824  173.311  174.453  175.300  175.895  176.274  176.466  176.495  176.382  176.143  175.792  175.340  174.797  174.171  173.470  172.698  171.860
  139.979  146.609  152.550  157.698  162.044  165.642  168.576  170.935  172.805  174.261  175.368  176.178  176.737  177.080  177.237  177.233  177.088  176.818  176.437  175.958  175.388  174.738  174.011  173.216  172.356
  140.308  147.206  153.348  158.628  163.048  166.679  169.615  171.958  173.800  175.221  176.290  177.062  177.582  177.888  178.009  177.970  177.792  177.491  177.082  176.574  175.978  175.301  174.550  173.731  172.848
  140.653  147.834  154.183  159.595  164.087  167.745  170.678  172.999  174.809  176.192  177.220  177.951  178.431  178.697  178.781  178.708  178.496  178.164  177.724  177.188  176.562  175.863  175.087  174.244  173.338
  141.016  148.495  155.058  160.602  165.162  168.840  171.764  174.059  175.831  177.173  178.158  178.845  179.283  179.509  179.555  179.445  179.199  178.835  178.364  177.799  177.147  176.421  175.620  174.754  173.824
  141.398  149.192  155.976  161.651  166.273  169.965  172.874  175.136  176.867  178.163  179.102  179.743 -179.863 -179.678 -179.672 -179.819  179.901  179.504  179.003  178.409  177.729  176.977  176.151  175.260  174.308
  141.803  149.930  156.940  162.745  167.421  171.121  174.008  176.231  177.916  179.163 -179.948 -179.354 -179.006 -178.864 -178.898 -179.083 -179.399 -179.829  179.639  179.016  178.309  177.530  176.679  175.764  174.788
  142.231  150.711  157.954  163.884  168.609  172.308  175.166  177.345  178.978 -179.828 -178.991 -178.448 -178.147 -178.049 -178.125 -178.348 -178.700 -179.163 -179.727  179.620  178.885  178.081  177.204  176.265  175.266
  142.686  151.539  159.020  165.073  169.838  173.527  176.347  178.475 -179.947 -178.810 -178.029 -177.537 -177.285 -177.234 -177.351 -177.614 -178.002 -178.500 -179.095 -179.778  179.460  178.628  177.726  176.763  175.740
  143.171  152.420  160.144  166.313  171.108  174.778  177.552  179.623 -178.861 -177.784 -177.061 -176.624 -176.423 -176.418 -176.579 -176.881 -177.306 -177.838 -178.466 -179.178 -179.969  179.173  178.245  177.257  176.211
  143.690  153.358  161.330  167.607  172.422  176.061  178.781 -179.212 -177.762 -176.750 -176.088 -175.707 -175.558 -175.602 -175.807 -176.150 -176.612 -177.179 -177.839 -178.582 -179.400  179.713  178.761  177.749  176.680
  144.246  154.361  162.582  168.958  173.780  177.377 -179.966 -178.031 -176.652 -175.709 -175.110 -174.788 -174.693 -174.785 -175.035 -175.420 -175.920 -176.522 -177.214 -177.987 -178.834 -179.748  179.274  178.238  177.145
  144.845  155.433  163.905  170.368  175.183  178.726 -178.690 -176.833 -175.532 -174.660 -174.128 -173.867 -173.827 -173.969 -174.265 -174.691 -175.230 -175.867 -176.592 -177.396 -178.271 -179.213  179.785  178.724  177.607
  145.492  156.583  165.305  171.840  176.632 -179.892 -177.392 -175.621 -174.401 -173.605 -173.142 -172.944 -172.960 -173.154 -173.496 -173.964 -174.542 -175.215 -175.973 -176.808 -177.711 -178.680 -179.708  179.206  178.066
  146.195  157.820  166.786  173.377  178.128 -178.477 -176.071 -174.393 -173.260 -172.544 -172.153 -172.019 -172.093 -172.339 -172.728 -173.240 -173.857 -174.566 -175.357 -176.222 -177.154 -178.150 -179.204  179.686  178.522
  146.961  159.154  168.357  174.982  179.671 -177.030 -174.728 -173.150 -172.110 -171.477 -171.160 -171.093 -171.226 -171.525 -171.962 -172.517 -173.173 -173.919 -174.743 -175.639 -176.600 -177.624 -178.703 -179.838  178.975
  147.801  160.595  170.022  176.656 -178.737 -175.551 -173.364 -171.895 -170.952 -170.406 -170.165 -170.166 -170.360 -170.713 -171.198 -171.797 -172.493 -173.274 -174.132 -175.062 -176.049 -177.100 -178.206 -179.365  179.424
  148.728  162.157  171.788  178.403 -177.097 -174.040 -171.980 -170.626 -169.786 -169.330 -169.168 -169.238 -169.494 -169.901 -170.436 -171.079 -171.815 -172.633 -173.525 -174.485 -175.501 -176.580 -177.711 -178.895  179.871
  149.755  163.854  173.663 -179.777 -175.409 -172.499 -170.576 -169.345 -168.612 -168.250 -168.169 -168.310 -168.629 -169.092 -169.676 -170.363 -171.140 -171.995 -172.920 -173.911 -174.957 -176.062 -177.219 -178.428 -179.686
  150.903  165.702  175.653 -177.880 -173.673 -170.927 -169.155 -168.053 -167.433 -167.166 -167.169 -167.383 -167.765 -168.284 -168.918 -169.651 -170.467 -171.359 -172.318 -173.340 -174.415 -175.548 -176.731 -177.964 -179.246
  152.195  167.720  177.765 -175.907 -171.890 -169.327 -167.715 -166.751 -166.247 -166.080 -166.169 -166.456 -166.902 -167.479 -168.163 -168.940 -169.798 -170.727 -171.720 -172.773 -173.876 -175.037 -176.246 -177.503 -178.809
  153.661  169.929 -179.995 -173.857 -170.062 -167.700 -166.260 -165.440 -165.057 -164.992 -165.168 -165.530 -166.042 -166.675 -167.411 -168.233 -169.132 -170.098 -171.124 -172.208 -173.343 -174.529 -175.764 -177.046 -178.375
  155.339  172.351 -177.620 -171.729 -168.188 -166.047 -164.790 -164.121 -163.862 -163.902 -164.167 -164.606 -165.183 -165.875 -166.661 -167.529 -168.469 -169.472 -170.532 -171.647 -172.812 -174.025 -175.285 -176.591 -177.944
  157.279  175.011 -175.106 -169.524 -166.273 -164.371 -163.306 -162.794 -162.664 -162.812 -163.167 -163.683 -164.327 -165.077 -165.915 -166.828 -167.809 -168.849 -169.944 -171.089 -172.283 -173.523 -174.809 -176.140 -177.517
  159.548  177.936 -172.450 -167.245 -164.317 -162.672 -161.811 -161.461 -161.464 -161.721 -162.168 -162.762 -163.473 -164.282 -165.171 -166.131 -167.152 -168.229 -169.358 -170.535 -171.758 -173.025 -174.337 -175.692 -177.092
  162.233 -178.848 -169.649 -164.893 -162.324 -160.954 -160.305 -160.124 -160.262 -160.630 -161.170 -161.843 -162.623 -163.490 -164.431 -165.436 -166.499 -167.613 -168.776 -169.984 -171.236 -172.530 -173.867 -175.247 -176.671
  165.452 -175.315 -166.703 -162.474 -160.296 -159.218 -158.791 -158.783 -159.060 -159.541 -160.175 -160.927 -161.775 -162.701 -163.694 -164.746 -165.849 -167.001 -168.197 -169.436 -170.717 -172.039 -173.401 -174.806 -176.253
  169.363 -171.443 -163.618 -159.990 -158.238 -157.467 -157.270 -157.439 -157.857 -158.453 -159.182 -160.015 -160.931 -161.916 -162.961 -164.058 -165.203 -166.392 -167.622 -168.891 -170.202 -171.550 -172.938 -174.367 -175.838
  174.176 -167.218 -160.399 -157.450 -156.153 -155.703 -155.744 -156.094 -156.656 -157.367 -158.192 -159.105 -160.090 -161.135 -162.232 -163.375 -164.561 -165.787 -167.053 -168.350 -169.690 -171.065 -172.479 -173.932 -175.426
