  47.312  47.388  47.422  47.437  47.440  47.434  47.419  47.398  47.371  47.338  47.300  47.257  47.210  47.158  47.101  47.040  46.975  46.906  46.832  46.753  46.669  46.578  46.478  46.363  46.209
  47.931  47.943  47.944  47.937  47.922  47.899  47.870  47.834  47.792  47.744  47.690  47.632  47.568  47.499  47.426  47.348  47.267  47.181  47.091  46.998  46.900  46.799  46.694  46.585  46.470
  48.429  48.428  48.418  48.400  48.374  48.340  48.298  48.249  48.194  48.132  48.063  47.989  47.907  47.822  47.731  47.636  47.536  47.432  47.323  47.211  47.096  46.977  46.855  46.730  46.601
  48.880  48.873  48.856  48.830  48.794  48.750  48.698  48.638  48.569  48.493  48.410  48.321  48.224  48.122  48.013  47.898  47.779  47.656  47.528  47.396  47.260  47.121  46.979  46.835  46.688
  49.313  49.301  49.278  49.245  49.201  49.148  49.085  49.013  48.932  48.843  48.745  48.640  48.527  48.407  48.281  48.148  48.010  47.865  47.717  47.565  47.408  47.249  47.086  46.921  46.753
  49.737  49.720  49.692  49.652  49.600  49.538  49.465  49.381  49.287  49.184  49.072  48.951  48.821  48.684  48.539  48.388  48.230  48.067  47.897  47.724  47.546  47.365  47.181  46.994  46.805
  50.154  50.134  50.100  50.053  49.994  49.922  49.839  49.744  49.638  49.521  49.393  49.256  49.110  48.955  48.792  48.621  48.444  48.260  48.071  47.875  47.677  47.474  47.268  47.060  46.849
  50.568  50.544  50.505  50.452  50.384  50.304  50.210  50.103  49.984  49.853  49.711  49.557  49.394  49.221  49.040  48.850  48.652  48.448  48.238  48.022  47.801  47.576  47.348  47.118  46.886
  50.979  50.951  50.907  50.847  50.772  50.682  50.578  50.459  50.327  50.182  50.024  49.855  49.675  49.484  49.283  49.074  48.856  48.631  48.400  48.163  47.920  47.673  47.423  47.171  46.917
  51.388  51.357  51.307  51.241  51.158  51.059  50.944  50.813  50.668  50.508  50.335  50.150  49.952  49.743  49.523  49.294  49.056  48.811  48.558  48.299  48.034  47.765  47.493  47.219  46.942
  51.796  51.761  51.706  51.633  51.542  51.433  51.308  51.165  51.006  50.832  50.644  50.441  50.226  49.999  49.760  49.511  49.253  48.986  48.711  48.431  48.144  47.853  47.559  47.262  46.963
  52.079  52.044  51.988  51.913  51.817  51.702  51.568  51.416  51.247  51.061  50.859  50.643  50.412  50.168  49.913  49.646  49.369  49.082  48.788  48.487  48.180  47.866  47.550  47.231  46.909
  52.297  52.266  52.212  52.135  52.037  51.917  51.777  51.617  51.439  51.242  51.028  50.798  50.553  50.294  50.022  49.737  49.442  49.137  48.823  48.501  48.172  47.837  47.498  47.156  46.810
  52.476  52.451  52.400  52.324  52.224  52.101  51.956  51.789  51.602  51.395  51.170  50.927  50.668  50.394  50.105  49.804  49.490  49.166  48.832  48.489  48.139  47.781  47.419  47.051  46.680
  52.618  52.601  52.556  52.482  52.383  52.258  52.108  51.935  51.740  51.524  51.288  51.033  50.760  50.471  50.166  49.847  49.516  49.172  48.818  48.454  48.082  47.700  47.314  46.921  46.522
  52.862  52.850  52.805  52.731  52.628  52.498  52.341  52.160  51.955  51.727  51.478  51.209  50.921  50.615  50.294  49.957  49.606  49.243  48.869  48.484  48.091  47.687  47.278  46.862  46.439
  53.310  53.290  53.237  53.153  53.039  52.897  52.728  52.533  52.313  52.070  51.804  51.518  51.212  50.888  50.547  50.191  49.820  49.437  49.043  48.638  48.224  47.801  47.372  46.937  46.497
  53.750  53.722  53.662  53.569  53.445  53.291  53.110  52.901  52.666  52.407  52.125  51.821  51.497  51.154  50.794  50.417  50.027  49.623  49.208  48.783  48.349  47.906  47.457  47.003  46.544
  54.184  54.150  54.081  53.979  53.845  53.681  53.486  53.264  53.014  52.739  52.440  52.118  51.776  51.414  51.034  50.638  50.227  49.803  49.367  48.921  48.466  48.004  47.534  47.061  46.583
  54.613  54.573  54.496  54.386  54.242  54.065  53.858  53.622  53.357  53.066  52.750  52.411  52.049  51.668  51.269  50.852  50.421  49.976  49.519  49.052  48.577  48.094  47.604  47.110  46.613
  55.038  54.992  54.908  54.789  54.634  54.447  54.227  53.976  53.697  53.389  53.056  52.698  52.318  51.918  51.498  51.061  50.609  50.143  49.666  49.178  48.681  48.177  47.667  47.153  46.636
  55.460  55.408  55.317  55.189  55.024  54.825  54.592  54.327  54.032  53.708  53.358  52.982  52.583  52.163  51.723  51.265  50.792  50.305  49.806  49.297  48.779  48.254  47.723  47.190  46.653
  55.879  55.821  55.723  55.586  55.411  55.200  54.954  54.675  54.364  54.024  53.656  53.262  52.843  52.403  51.943  51.465  50.970  50.462  49.942  49.411  48.872  48.326  47.774  47.220  46.664
  56.295  56.232  56.126  55.981  55.796  55.573  55.314  55.020  54.694  54.336  53.950  53.537  53.100  52.639  52.159  51.660  51.144  50.614  50.073  49.520  48.960  48.393  47.820  47.245  46.669
  56.710  56.640  56.528  56.373  56.178  55.943  55.671  55.362  55.020  54.646  54.241  53.810  53.352  52.872  52.370  51.850  51.313  50.762  50.198  49.625  49.043  48.454  47.860  47.265  46.668
  57.122  57.048  56.928  56.764  56.558  56.311  56.025  55.702  55.343  54.952  54.529  54.078  53.601  53.100  52.578  52.036  51.478  50.905  50.320  49.724  49.121  48.511  47.896  47.280  46.663
  57.533  57.453  57.326  57.154  56.937  56.678  56.378  56.039  55.664  55.255  54.814  54.344  53.847  53.325  52.782  52.219  51.638  51.044  50.437  49.819  49.194  48.563  47.927  47.290  46.652
  57.943  57.857  57.723  57.541  57.314  57.042  56.728  56.374  55.983  55.556  55.096  54.606  54.089  53.546  52.981  52.397  51.795  51.178  50.549  49.910  49.263  48.610  47.953  47.295  46.637
  58.352  58.261  58.119  57.928  57.689  57.405  57.077  56.707  56.299  55.854  55.375  54.865  54.327  53.764  53.178  52.571  51.947  51.308  50.657  49.996  49.327  48.653  47.975  47.296  46.618
  58.759  58.662  58.513  58.313  58.063  57.766  57.423  57.038  56.612  56.149  55.651  55.121  54.563  53.978  53.370  52.742  52.096  51.435  50.761  50.078  49.387  48.692  47.993  47.293  46.594
  59.166  59.064  58.907  58.697  58.435  58.125  57.768  57.366  56.923  56.441  55.924  55.374  54.795  54.188  53.559  52.908  52.240  51.557  50.861  50.156  49.443  48.726  48.006  47.285  46.566
  59.572  59.464  59.299  59.079  58.807  58.483  58.111  57.693  57.232  56.731  56.194  55.624  55.023  54.395  53.744  53.071  52.380  51.675  50.957  50.230  49.495  48.756  48.015  47.273  46.533
  59.977  59.863  59.691  59.461  59.177  58.839  58.452  58.017  57.538  57.019  56.462  55.871  55.248  54.599  53.925  53.230  52.517  51.789  51.049  50.299  49.543  48.782  48.019  47.257  46.497
  60.381  60.262  60.082  59.842  59.545  59.194  58.791  58.340  57.843  57.304  56.726  56.114  55.470  54.799  54.103  53.385  52.650  51.899  51.137  50.365  49.586  48.804  48.020  47.237  46.456
  60.785  60.660  60.472  60.222  59.913  59.547  59.129  58.660  58.144  57.586  56.988  56.355  55.689  54.995  54.277  53.537  52.779  52.005  51.220  50.426  49.626  48.822  48.017  47.212  46.412
  61.189  61.058  60.861  60.601  60.279  59.899  59.465  58.978  58.444  57.866  57.247  56.592  55.905  55.188  54.447  53.684  52.903  52.108  51.300  50.484  49.661  48.836  48.009  47.184  46.364
  61.592  61.455  61.250  60.979  60.644  60.250  59.799  59.295  58.741  58.143  57.503  56.826  56.117  55.378  54.614  53.828  53.025  52.206  51.376  50.537  49.693  48.846  47.998  47.152  46.311
  61.994  61.851  61.638  61.356  61.009  60.599  60.131  59.609  59.036  58.417  57.756  57.057  56.325  55.564  54.777  53.968  53.142  52.300  51.448  50.587  49.721  48.852  47.983  47.117  46.255
  62.397  62.247  62.025  61.732  61.372  60.947  60.462  59.921  59.329  58.689  58.006  57.285  56.531  55.746  54.936  54.105  53.255  52.391  51.516  50.632  49.744  48.854  47.964  47.077  46.195
  62.799  62.643  62.412  62.108  61.733  61.293  60.791  60.231  59.619  58.958  58.253  57.510  56.733  55.925  55.092  54.237  53.365  52.478  51.580  50.674  49.764  48.852  47.941  47.033  46.132
  63.200  63.038  62.798  62.482  62.094  61.638  61.118  60.539  59.906  59.224  58.498  57.732  56.931  56.101  55.244  54.366  53.470  52.560  51.640  50.712  49.780  48.846  47.914  46.986  46.064
  63.602  63.433  63.184  62.856  62.454  61.982  61.444  60.845  60.192  59.488  58.739  57.950  57.126  56.272  55.392  54.491  53.572  52.639  51.696  50.745  49.791  48.837  47.884  46.935  45.993
  64.003  63.828  63.569  63.229  62.813  62.324  61.767  61.149  60.474  59.748  58.977  58.165  57.318  56.440  55.537  54.612  53.669  52.714  51.748  50.775  49.799  48.823  47.849  46.880  45.919
  64.405  64.223  63.954  63.601  63.170  62.664  62.089  61.451  60.754  60.006  59.212  58.376  57.506  56.604  55.677  54.729  53.763  52.784  51.796  50.801  49.804  48.806  47.811  46.822  45.840
  64.806  64.617  64.338  63.973  63.526  63.003  62.409  61.750  61.032  60.261  59.443  58.585  57.690  56.765  55.814  54.842  53.853  52.851  51.840  50.823  49.804  48.785  47.769  46.760  45.758
  65.207  65.011  64.722  64.344  63.881  63.340  62.727  62.047  61.307  60.513  59.672  58.789  57.871  56.921  55.947  54.951  53.939  52.914  51.880  50.841  49.800  48.760  47.724  46.694  45.673
  65.608  65.404  65.105  64.713  64.235  63.676  63.043  62.341  61.579  60.762  59.897  58.990  58.048  57.074  56.076  55.056  54.021  52.973  51.916  50.855  49.793  48.731  47.675  46.625  45.584
  66.008  65.798  65.488  65.082  64.588  64.010  63.357  62.633  61.848  61.008  60.119  59.188  58.221  57.223  56.201  55.157  54.098  53.027  51.949  50.865  49.781  48.699  47.622  46.551  45.491
  66.409  66.191  65.870  65.451  64.939  64.343  63.668  62.923  62.115  61.250  60.337  59.382  58.390  57.368  56.321  55.254  54.172  53.078  51.977  50.872  49.766  48.663  47.565  46.475  45.395
  66.810  66.584  66.252  65.818  65.290  64.674  63.978  63.210  62.378  61.490  60.552  59.572  58.556  57.509  56.438  55.348  54.242  53.125  52.001  50.874  49.747  48.623  47.504  46.395  45.296
  67.211  66.977  66.633  66.184  65.638  65.003  64.285  63.495  62.639  61.726  60.763  59.758  58.717  57.646  56.551  55.436  54.307  53.168  52.021  50.872  49.724  48.579  47.440  46.311  45.193
  67.612  67.369  67.013  66.550  65.986  65.330  64.590  63.776  62.896  61.959  60.971  59.941  58.875  57.779  56.660  55.521  54.369  53.206  52.038  50.867  49.697  48.531  47.373  46.223  45.086
  68.013  67.762  67.394  66.914  66.332  65.655  64.893  64.055  63.151  62.188  61.175  60.120  59.029  57.908  56.764  55.602  54.426  53.241  52.050  50.857  49.666  48.480  47.301  46.132  44.977
  68.413  68.154  67.773  67.278  66.676  65.978  65.193  64.331  63.402  62.413  61.375  60.294  59.178  58.033  56.865  55.678  54.479  53.271  52.058  50.844  49.632  48.425  47.226  46.038  44.863
  68.814  68.546  68.152  67.640  67.019  66.300  65.491  64.604  63.649  62.635  61.571  60.465  59.323  58.153  56.961  55.751  54.528  53.297  52.062  50.827  49.593  48.366  47.148  45.940  44.746
  69.215  68.938  68.531  68.002  67.361  66.619  65.786  64.874  63.894  62.854  61.764  60.632  59.465  58.270  57.053  55.819  54.573  53.320  52.062  50.805  49.551  48.304  47.065  45.838  44.626
  69.617  69.330  68.909  68.362  67.701  66.936  66.079  65.141  64.134  63.068  61.952  60.794  59.602  58.382  57.140  55.883  54.614  53.338  52.058  50.780  49.505  48.238  46.980  45.733  44.503
  70.018  69.721  69.286  68.721  68.039  67.250  66.368  65.405  64.372  63.279  62.136  60.952  59.734  58.489  57.223  55.942  54.650  53.351  52.051  50.751  49.455  48.168  46.890  45.625  44.376
  70.419  70.113  69.663  69.079  68.375  67.562  66.655  65.665  64.605  63.486  62.316  61.106  59.862  58.592  57.302  55.997  54.682  53.361  52.039  50.718  49.402  48.094  46.797  45.513  44.245
  70.820  70.504  70.038  69.436  68.709  67.872  66.939  65.922  64.835  63.688  62.492  61.255  59.986  58.691  57.377  56.048  54.710  53.367  52.022  50.681  49.344  48.017  46.700  45.397  44.112
  71.222  70.895  70.414  69.791  69.041  68.179  67.219  66.175  65.061  63.887  62.663  61.400  60.105  58.785  57.447  56.094  54.733  53.368  52.002  50.640  49.283  47.936  46.600  45.279  43.975
  71.624  71.285  70.788  70.145  69.372  68.484  67.496  66.425  65.282  64.081  62.831  61.541  60.220  58.875  57.512  56.136  54.753  53.365  51.978  50.595  49.218  47.852  46.496  45.157  43.834
  72.025  71.676  71.161  70.497  69.700  68.785  67.770  66.671  65.500  64.270  62.993  61.677  60.330  58.960  57.573  56.174  54.768  53.358  51.950  50.546  49.149  47.763  46.389  45.031  43.691
  72.427  72.066  71.534  70.848  70.025  69.084  68.041  66.913  65.713  64.456  63.151  61.808  60.436  59.041  57.629  56.207  54.778  53.347  51.918  50.493  49.077  47.671  46.278  44.902  43.544
  72.829  72.455  71.906  71.197  70.349  69.379  68.308  67.150  65.922  64.637  63.304  61.935  60.537  59.117  57.681  56.236  54.784  53.332  51.881  50.436  49.000  47.576  46.164  44.770  43.394
  73.232  72.845  72.277  71.545  70.670  69.672  68.571  67.384  66.127  64.813  63.453  62.056  60.633  59.188  57.729  56.260  54.786  53.312  51.841  50.376  48.920  47.476  46.046  44.634  43.240
  73.634  73.234  72.646  71.890  70.988  69.961  68.830  67.613  66.327  64.984  63.596  62.173  60.724  59.254  57.771  56.280  54.784  53.288  51.796  50.311  48.836  47.374  45.925  44.495  43.084
  74.036  73.623  73.015  72.234  71.303  70.246  69.085  67.838  66.522  65.150  63.735  62.285  60.810  59.316  57.809  56.295  54.777  53.260  51.748  50.243  48.748  47.267  45.800  44.352  42.924
  74.439  74.011  73.382  72.575  71.615  70.528  69.336  68.059  66.712  65.312  63.868  62.392  60.891  59.373  57.842  56.305  54.766  53.228  51.695  50.171  48.657  47.157  45.672  44.206  42.760
  74.842  74.399  73.748  72.914  71.925  70.806  69.583  68.274  66.898  65.468  63.997  62.494  60.968  59.425  57.871  56.311  54.750  53.192  51.639  50.094  48.562  47.043  45.540  44.057  42.594
  75.245  74.786  74.112  73.251  72.231  71.080  69.825  68.485  67.078  65.619  64.120  62.591  61.039  59.472  57.895  56.313  54.730  53.151  51.578  50.014  48.463  46.926  45.405  43.905  42.425
  75.648  75.173  74.475  73.585  72.533  71.350  70.062  68.690  67.253  65.765  64.238  62.682  61.105  59.514  57.914  56.310  54.706  53.106  51.513  49.930  48.360  46.805  45.267  43.749  42.252
  76.051  75.559  74.837  73.916  72.832  71.616  70.294  68.891  67.423  65.905  64.351  62.768  61.166  59.551  57.928  56.302  54.677  53.057  51.444  49.843  48.254  46.681  45.125  43.590  42.076
  76.454  75.945  75.196  74.245  73.127  71.877  70.522  69.086  67.587  66.040  64.458  62.849  61.222  59.583  57.938  56.290  54.644  53.004  51.372  49.751  48.144  46.553  44.980  43.427  41.897
  76.858  76.330  75.554  74.570  73.418  72.133  70.744  69.275  67.745  66.170  64.560  62.925  61.273  59.610  57.942  56.273  54.607  52.946  51.295  49.655  48.030  46.421  44.831  43.262  41.715
  77.261  76.713  75.909  74.892  73.704  72.384  70.960  69.459  67.898  66.293  64.656  62.995  61.319  59.633  57.942  56.252  54.565  52.884  51.214  49.556  47.913  46.286  44.679  43.093  41.529
  77.665  77.096  76.262  75.210  73.986  72.629  71.171  69.637  68.045  66.411  64.746  63.060  61.359  59.650  57.937  56.225  54.518  52.819  51.129  49.453  47.792  46.148  44.524  42.921  41.341
  78.069  77.478  76.613  75.525  74.264  72.870  71.376  69.809  68.186  66.523  64.831  63.119  61.394  59.662  57.927  56.195  54.467  52.748  51.040  49.346  47.668  46.006  44.365  42.745  41.149
  78.472  77.859  76.961  75.835  74.536  73.104  71.575  69.974  68.321  66.629  64.909  63.172  61.423  59.669  57.913  56.159  54.412  52.674  50.948  49.235  47.539  45.860  44.203  42.567  40.954
  78.876  78.238  77.306  76.142  74.802  73.333  71.768  70.134  68.449  66.728  64.982  63.220  61.447  59.670  57.893  56.119  54.353  52.596  50.851  49.120  47.407  45.711  44.037  42.385  40.757
  79.280  78.616  77.647  76.443  75.063  73.555  71.954  70.286  68.571  66.822  65.049  63.262  61.466  59.667  57.869  56.075  54.289  52.513  50.750  49.002  47.272  45.559  43.869  42.200  40.556
  79.684  78.992  77.985  76.739  75.318  73.771  72.133  70.432  68.686  66.909  65.110  63.298  61.479  59.658  57.839  56.026  54.220  52.426  50.645  48.880  47.133  45.403  43.697  42.012  40.352
  80.087  79.366  78.320  77.030  75.566  73.979  72.306  70.572  68.795  66.990  65.165  63.329  61.487  59.645  57.805  55.972  54.148  52.335  50.537  48.754  46.990  45.245  43.521  41.821  40.145
  80.491  79.738  78.649  77.315  75.808  74.181  72.471  70.704  68.897  67.064  65.214  63.354  61.490  59.626  57.766  55.913  54.071  52.240  50.424  48.625  46.844  45.082  43.343  41.626  39.935
  80.894  80.108  78.975  77.594  76.043  74.375  72.629  70.829  68.992  67.132  65.256  63.373  61.487  59.602  57.722  55.850  53.989  52.141  50.308  48.491  46.694  44.916  43.161  41.429  39.722
  81.297  80.474  79.295  77.866  76.270  74.562  72.779  70.946  69.080  67.193  65.293  63.386  61.478  59.573  57.673  55.783  53.904  52.038  50.187  48.354  46.540  44.747  42.976  41.228  39.506
  81.699  80.838  79.609  78.131  76.489  74.740  72.921  71.056  69.161  67.247  65.323  63.393  61.464  59.538  57.620  55.711  53.814  51.930  50.063  48.214  46.383  44.574  42.788  41.025  39.286
  82.101  81.198  79.917  78.388  76.700  74.910  73.056  71.159  69.235  67.295  65.346  63.395  61.444  59.499  57.561  55.634  53.719  51.819  49.935  48.069  46.223  44.398  42.596  40.818  39.064
  82.502  81.554  80.218  78.636  76.902  75.072  73.181  71.253  69.301  67.336  65.364  63.390  61.419  59.454  57.498  55.553  53.621  51.704  49.803  47.922  46.059  44.219  42.401  40.608  38.839
  82.902  81.905  80.512  78.876  77.094  75.224  73.299  71.340  69.360  67.370  65.375  63.379  61.388  59.404  57.430  55.467  53.518  51.584  49.668  47.771  45.892  44.037  42.204  40.395  38.611
  83.301  82.251  80.797  79.106  77.278  75.367  73.408  71.418  69.412  67.397  65.379  63.363  61.352  59.349  57.356  55.376  53.410  51.460  49.528  47.615  45.721  43.851  42.003  40.179  38.380
  83.699  82.590  81.073  79.326  77.451  75.501  73.507  71.489  69.456  67.417  65.377  63.340  61.310  59.289  57.279  55.281  53.299  51.333  49.385  47.457  45.547  43.661  41.798  39.960  38.146
  84.094  82.922  81.339  79.535  77.613  75.624  73.598  71.550  69.492  67.430  65.369  63.312  61.263  59.223  57.196  55.182  53.183  51.201  49.238  47.294  45.369  43.469  41.591  39.737  37.909
  84.488  83.246  81.593  79.733  77.764  75.738  73.679  71.604  69.521  67.436  65.354  63.278  61.210  59.153  57.108  55.078  53.063  51.066  49.087  47.128  45.189  43.273  41.381  39.512  37.669
  84.878  83.560  81.836  79.918  77.904  75.841  73.751  71.649  69.542  67.435  65.332  63.237  61.152  59.077  57.016  54.970  52.939  50.926  48.932  46.958  45.005  43.074  41.167  39.284  37.426
  85.264  83.863  82.064  80.090  78.032  75.933  73.814  71.685  69.555  67.427  65.305  63.191  61.088  58.997  56.919  54.857  52.811  50.783  48.774  46.785  44.817  42.872  40.950  39.053  37.181
  85.644  84.152  82.278  80.248  78.147  76.014  73.866  71.713  69.560  67.411  65.270  63.139  61.018  58.911  56.817  54.740  52.679  50.636  48.612  46.609  44.626  42.667  40.731  38.819  36.932
  86.018  84.426  82.476  80.391  78.250  76.084  73.909  71.731  69.557  67.389  65.229  63.080  60.943  58.820  56.711  54.618  52.542  50.485  48.446  46.428  44.432  42.458  40.508  38.582  36.680
  86.383  84.682  82.656  80.519  78.340  76.143  73.941  71.741  69.546  67.359  65.182  63.016  60.863  58.724  56.600  54.492  52.402  50.330  48.277  46.245  44.235  42.247  40.282  38.341  36.426
  86.735  84.918  82.817  80.631  78.416  76.190  73.964  71.742  69.528  67.323  65.128  62.946  60.777  58.623  56.484  54.362  52.257  50.171  48.104  46.058  44.034  42.032  40.053  38.098  36.168
  87.069  85.129  82.958  80.727  78.478  76.225  73.976  71.734  69.501  67.279  65.068  62.870  60.686  58.517  56.364  54.227  52.108  50.008  47.929  45.867  43.829  41.814  39.821  37.852  35.908
