 -134.284 -134.052 -133.829 -133.614 -133.405 -133.205 -133.012 -132.828 -132.652 -132.486 -132.329 -132.184 -132.049 -131.928 -131.820 -131.727 -131.651
 -134.021 -133.735 -133.454 -133.180 -132.912 -132.651 -132.399 -132.155 -131.922 -131.699 -131.488 -131.290 -131.105 -130.934 -130.778 -130.637 -130.513
 -133.809 -133.457 -133.110 -132.769 -132.435 -132.110 -131.794 -131.490 -131.197 -130.918 -130.652 -130.402 -130.168 -129.950 -129.751 -129.570 -129.408
 -133.642 -133.219 -132.800 -132.389 -131.985 -131.592 -131.211 -130.846 -130.493 -130.156 -129.836 -129.534 -129.252 -128.991 -128.751 -128.533 -128.337
 -133.500 -133.001 -132.507 -132.021 -131.546 -131.082 -130.633 -130.200 -129.785 -129.389 -129.014 -128.665 -128.335 -128.031 -127.752 -127.499 -127.273
 -133.368 -132.789 -132.216 -131.653 -131.103 -130.566 -130.047 -129.547 -129.069 -128.614 -128.184 -127.780 -127.405 -127.061 -126.744 -126.458 -126.203
 -133.241 -132.578 -131.924 -131.280 -130.651 -130.040 -129.448 -128.880 -128.337 -127.822 -127.337 -126.882 -126.461 -126.073 -125.720 -125.405 -125.124
 -133.115 -132.365 -131.625 -130.898 -130.188 -129.498 -128.833 -128.194 -127.586 -127.010 -126.469 -125.964 -125.497 -125.070 -124.682 -124.335 -124.032
 -132.989 -132.148 -131.318 -130.504 -129.709 -128.939 -128.198 -127.488 -126.813 -126.176 -125.579 -125.024 -124.513 -124.046 -123.626 -123.251 -122.923
 -132.862 -131.926 -131.002 -130.096 -129.214 -128.361 -127.541 -126.757 -126.015 -125.316 -124.664 -124.059 -123.505 -123.002 -122.550 -122.150 -121.801
 -132.732 -131.695 -130.674 -129.673 -128.701 -127.761 -126.860 -126.002 -125.191 -124.430 -123.722 -123.070 -122.473 -121.934 -121.453 -121.030 -120.664
 -132.782 -131.654 -130.543 -129.456 -128.401 -127.384 -126.411 -125.487 -124.616 -123.801 -123.047 -122.353 -121.723 -121.157 -120.654 -120.215 -119.840
 -132.945 -131.726 -130.527 -129.356 -128.221 -127.129 -126.086 -125.098 -124.170 -123.305 -122.507 -121.776 -121.116 -120.526 -120.006 -119.556 -119.176
 -133.181 -131.872 -130.585 -129.329 -128.114 -126.946 -125.835 -124.784 -123.800 -122.886 -122.046 -121.281 -120.593 -119.982 -119.448 -118.990 -118.608
 -133.486 -132.086 -130.711 -129.370 -128.074 -126.832 -125.652 -124.540 -123.501 -122.540 -121.659 -120.862 -120.148 -119.519 -118.973 -118.511 -118.130
 -133.611 -132.110 -130.637 -129.202 -127.818 -126.493 -125.238 -124.057 -122.959 -121.946 -121.022 -120.188 -119.447 -118.797 -118.237 -117.767 -117.385
 -133.376 -131.755 -130.164 -128.617 -127.127 -125.705 -124.361 -123.101 -121.933 -120.860 -119.886 -119.011 -118.236 -117.561 -116.983 -116.501 -116.112
 -133.142 -131.394 -129.679 -128.015 -126.416 -124.893 -123.458 -122.118 -120.880 -119.749 -118.726 -117.812 -117.007 -116.309 -115.716 -115.226 -114.834
 -132.908 -131.025 -129.180 -127.393 -125.679 -124.052 -122.524 -121.104 -119.797 -118.608 -117.538 -116.588 -115.756 -115.040 -114.436 -113.941 -113.550
 -132.672 -130.645 -128.663 -126.747 -124.914 -123.180 -121.558 -120.056 -118.681 -117.436 -116.322 -115.339 -114.483 -113.752 -113.141 -112.645 -112.259
 -132.430 -130.252 -128.125 -126.073 -124.117 -122.273 -120.555 -118.971 -117.529 -116.230 -115.076 -114.062 -113.187 -112.445 -111.831 -111.338 -110.960
 -132.182 -129.843 -127.563 -125.369 -123.285 -121.327 -119.512 -117.847 -116.339 -114.990 -113.797 -112.758 -111.867 -111.119 -110.506 -110.020 -109.655
 -131.927 -129.417 -126.975 -124.632 -122.413 -120.340 -118.426 -116.681 -115.110 -113.712 -112.486 -111.425 -110.523 -109.773 -109.165 -108.691 -108.342
 -131.661 -128.969 -126.356 -123.856 -121.499 -119.307 -117.294 -115.470 -113.838 -112.396 -111.140 -110.063 -109.155 -108.407 -107.809 -107.351 -107.023
 -131.384 -128.497 -125.703 -123.039 -120.539 -118.225 -116.113 -114.212 -112.522 -111.040 -109.760 -108.671 -107.762 -107.022 -106.439 -106.002 -105.698
 -131.093 -127.999 -125.012 -122.176 -119.527 -117.090 -114.880 -112.904 -111.160 -109.644 -108.344 -107.249 -106.345 -105.619 -105.056 -104.643 -104.368
 -130.786 -127.470 -124.279 -121.263 -118.460 -115.898 -113.591 -111.543 -109.751 -108.206 -106.893 -105.798 -104.905 -104.197 -103.659 -103.275 -103.033
 -130.461 -126.908 -123.499 -120.293 -117.333 -114.645 -112.243 -110.128 -108.293 -106.725 -105.406 -104.318 -103.441 -102.758 -102.250 -101.901 -101.695
 -130.116 -126.307 -122.667 -119.263 -116.140 -113.326 -110.833 -108.656 -106.785 -105.201 -103.883 -102.809 -101.956 -101.303 -100.830 -100.519 -100.355
 -129.747 -125.662 -121.777 -118.164 -114.876 -111.937 -109.356 -107.125 -105.225 -103.634 -102.325 -101.272 -100.449  -99.832  -99.400  -99.133  -99.012
 -129.351 -124.969 -120.821 -116.992 -113.534 -110.473 -107.810 -105.532 -103.613 -102.023 -100.732  -99.708  -98.922  -98.348  -97.962  -97.742  -97.670
 -128.924 -124.219 -119.792 -115.737 -112.109 -108.929 -106.192 -103.876 -101.948 -100.370  -99.106  -98.119  -97.377  -96.852  -96.516  -96.348  -96.328
 -128.462 -123.407 -118.682 -114.392 -110.592 -107.300 -104.498 -102.156 -100.229  -98.674  -97.446  -96.506  -95.816  -95.345  -95.065  -94.953  -94.989
 -127.958 -122.522 -117.480 -112.947 -108.978 -105.580 -102.726 -100.370  -98.458  -96.937  -95.756  -94.870  -94.239  -93.828  -93.610  -93.558  -93.652
 -127.405 -121.554 -116.174 -111.391 -107.257 -103.766 -100.873  -98.518  -96.634  -95.160  -94.036  -93.213  -92.648  -92.305  -92.152  -92.164  -92.320
 -126.797 -120.491 -114.751 -109.714 -105.422 -101.851  -98.936  -96.599  -94.759  -93.344  -92.288  -91.538  -91.046  -90.775  -90.693  -90.773  -90.994
 -126.122 -119.317 -113.195 -107.902 -103.464  -99.831  -96.914  -94.613  -92.834  -91.492  -90.516  -89.846  -89.435  -89.242  -89.235  -89.386  -89.674
 -125.368 -118.014 -111.489 -105.942 -101.375  -97.703  -94.807  -92.563  -90.860  -89.605  -88.720  -88.141  -87.817  -87.707  -87.779  -88.005  -88.362
 -124.520 -116.561 -109.613 -103.820  -99.147  -95.463  -92.613  -90.448  -88.842  -87.688  -86.905  -86.424  -86.194  -86.173  -86.327  -86.630  -87.060
 -123.558 -114.929 -107.542 -101.520  -96.771  -93.108  -90.334  -88.273  -86.781  -85.743  -85.072  -84.699  -84.569  -84.641  -84.881  -85.263  -85.767
 -122.455 -113.086 -105.249  -99.026  -94.240  -90.638  -87.972  -86.040  -84.681  -83.774  -83.227  -82.968  -82.943  -83.112  -83.442  -83.906  -84.485
 -121.178 -110.992 -102.706  -96.321  -91.550  -88.052  -85.531  -83.754  -82.548  -81.785  -81.371  -81.233  -81.320  -81.590  -82.012  -82.560  -83.215
 -119.683 -108.596  -99.879  -93.392  -88.697  -85.354  -83.014  -81.419  -80.385  -79.780  -79.508  -79.499  -79.702  -80.076  -80.592  -81.226  -81.959
 -117.907 -105.836  -96.731  -90.224  -85.679  -82.547  -80.427  -79.042  -78.198  -77.763  -77.642  -77.768  -78.091  -78.572  -79.184  -79.904  -80.716
 -115.765 -102.636  -93.227  -86.807  -82.499  -79.639  -77.779  -76.629  -75.992  -75.739  -75.777  -76.043  -76.488  -77.079  -77.789  -78.597  -79.488
 -113.135  -98.906  -89.330  -83.138  -79.165  -76.638  -75.078  -74.188  -73.774  -73.713  -73.917  -74.326  -74.898  -75.600  -76.408  -77.305  -78.276
 -109.842  -94.540  -85.013  -79.220  -75.688  -73.558  -72.335  -71.726  -71.550  -71.689  -72.064  -72.621  -73.321  -74.135  -75.043  -76.029  -77.079
 -105.624  -89.421  -80.257  -75.064  -72.084  -70.411  -69.560  -69.253  -69.326  -69.673  -70.223  -70.930  -71.760  -72.688  -73.695  -74.769  -75.899
 -100.093  -83.437  -75.067  -70.695  -68.376  -67.216  -66.765  -66.778  -67.109  -67.668  -68.397  -69.256  -70.216  -71.257  -72.365  -73.528  -74.737
  -92.684  -76.513  -69.472  -66.149  -64.591  -63.990  -63.964  -64.308  -64.904  -65.680  -66.590  -67.601  -68.692  -69.846  -71.054  -72.304  -73.592
  -82.649  -68.654  -63.541  -61.473  -60.757  -60.753  -61.169  -61.853  -62.718  -63.713  -64.803  -65.967  -67.188  -68.456  -69.762  -71.100  -72.465
  -69.312  -60.001  -57.375  -56.724  -56.909  -57.525  -58.393  -59.420  -60.556  -61.770  -63.041  -64.356  -65.707  -67.086  -68.490  -69.915  -71.357
  -52.895  -50.863  -51.106  -51.965  -53.080  -54.325  -55.647  -57.019  -58.424  -59.855  -61.305  -62.771  -64.249  -65.739  -67.240  -68.749  -70.271
  -35.441  -41.672  -44.878  -47.259  -49.302  -51.172  -52.944  -54.656  -56.327  -57.972  -59.598  -61.212  -62.817  -64.415  -66.011  -67.604  -69.201
  -19.826  -32.878  -38.831  -42.666  -45.605  -48.083  -50.294  -52.337  -54.269  -56.124  -57.923  -59.681  -61.410  -63.115  -64.804  -66.480  -68.149
   -7.526  -24.821  -33.081  -38.237  -42.016  -45.072  -47.705  -50.069  -52.254  -54.312  -56.280  -58.180  -60.029  -61.839  -63.619  -65.376  -67.117
    1.634  -17.682  -27.711  -34.011  -38.556  -42.152  -45.185  -47.857  -50.285  -52.541  -54.671  -56.709  -58.676  -60.588  -62.457  -64.293  -66.104
    8.406  -11.491  -22.766  -30.017  -35.240  -39.334  -42.741  -45.704  -48.364  -50.810  -53.099  -55.270  -57.351  -59.362  -61.318  -63.231  -65.110
   13.491   -6.187  -18.261  -26.269  -32.081  -36.623  -40.377  -43.613  -46.494  -49.121  -51.562  -53.862  -56.054  -58.161  -60.202  -62.193  -64.136
   17.397   -1.660  -14.187  -22.774  -29.084  -34.024  -38.096  -41.588  -44.677  -47.477  -50.063  -52.487  -54.786  -56.986  -59.109  -61.173  -63.181
   20.468    2.203  -10.518  -19.529  -26.252  -31.542  -35.901  -39.628  -42.913  -45.877  -48.601  -51.144  -53.546  -55.837  -58.039  -60.174  -62.246
   22.936    5.514   -7.221  -16.526  -23.583  -29.175  -33.792  -37.737  -41.204  -44.321  -47.178  -49.834  -52.335  -54.713  -56.993  -59.195  -61.329
   24.958    8.366   -4.261  -13.754  -21.073  -26.924  -31.770  -35.912  -39.549  -42.811  -45.792  -48.557  -51.153  -53.615  -55.969  -58.238  -60.432
   26.643   10.838   -1.600  -11.197  -18.718  -24.786  -29.834  -34.155  -37.948  -41.346  -44.445  -47.313  -49.999  -52.542  -54.971  -57.300  -59.553
   28.068   12.996    0.796   -8.839  -16.510  -22.757  -27.982  -32.465  -36.401  -39.925  -43.135  -46.101  -48.874  -51.494  -53.992  -56.384  -58.693
   29.289   14.892    2.957   -6.665  -14.441  -20.835  -26.213  -30.840  -34.907  -38.549  -41.863  -44.922  -47.778  -50.471  -53.035  -55.487  -57.851
   30.347   16.568    4.913   -4.658  -12.503  -19.014  -24.523  -29.279  -33.465  -37.216  -40.628  -43.774  -46.708  -49.472  -52.100  -54.610  -57.027
   31.274   18.059    6.688   -2.805  -10.687  -17.290  -22.910  -27.779  -32.075  -35.925  -39.429  -42.658  -45.667  -48.498  -51.187  -53.753  -56.221
   32.092   19.393    8.304   -1.090   -8.985  -15.657  -21.371  -26.341  -30.734  -34.677  -38.265  -41.572  -44.652  -47.551  -50.295  -52.915  -55.432
   32.821   20.593    9.780    0.498   -7.389  -14.112  -19.902  -24.960  -29.441  -33.469  -37.137  -40.517  -43.664  -46.624  -49.424  -52.096  -54.664
   33.476   21.679   11.131    1.972   -5.891  -12.648  -18.502  -23.635  -28.196  -32.301  -36.043  -39.491  -42.701  -45.720  -48.574  -51.295  -53.910
   34.066   22.665   12.373    3.342   -4.484  -11.261  -17.166  -22.364  -26.996  -31.172  -34.981  -38.494  -41.764  -44.838  -47.744  -50.513  -53.172
   34.603   23.565   13.518    4.618   -3.162   -9.946  -15.891  -21.145  -25.839  -30.080  -33.952  -37.525  -40.852  -43.978  -46.933  -49.749  -52.451
   35.093   24.391   14.575    5.808   -1.917   -8.699  -14.673  -19.975  -24.725  -29.024  -32.955  -36.584  -39.967  -43.140  -46.142  -49.002  -51.746
   35.543   25.150   15.556    6.920   -0.744   -7.516  -13.511  -18.853  -23.652  -28.004  -31.988  -35.669  -39.103  -42.323  -45.371  -48.275  -51.056
   35.958   25.851   16.466    7.962    0.362   -6.392  -12.401  -17.775  -22.617  -27.017  -31.051  -34.781  -38.261  -41.527  -44.617  -47.563  -50.382
   36.343   26.501   17.315    8.939    1.407   -5.324  -11.341  -16.741  -21.620  -26.063  -30.142  -33.918  -37.442  -40.751  -43.882  -46.867  -49.723
   36.700   27.105   18.108    9.857    2.395   -4.308  -10.326  -15.748  -20.659  -25.141  -29.261  -33.082  -36.644  -39.994  -43.164  -46.187  -49.078
   37.034   27.669   18.850   10.721    3.331   -3.341   -9.356  -14.793  -19.732  -24.248  -28.407  -32.266  -35.868  -39.256  -42.466  -45.522  -48.448
   37.347   28.196   19.546   11.535    4.217   -2.420   -8.427  -13.876  -18.839  -23.385  -27.578  -31.474  -35.113  -38.537  -41.783  -44.873  -47.832
   37.641   28.690   20.200   12.304    5.059   -1.541   -7.538  -12.994  -17.976  -22.550  -26.775  -30.704  -34.377  -37.836  -41.116  -44.239  -47.229
   37.918   29.155   20.817   13.032    5.858   -0.702   -6.686  -12.146  -17.144  -21.742  -25.998  -29.955  -33.661  -37.153  -40.465  -43.619  -46.640
   38.180   29.592   21.399   13.721    6.619    0.099   -5.868  -11.329  -16.341  -20.960  -25.242  -29.228  -32.964  -36.489  -39.830  -43.014  -46.064
   38.428   30.006   21.950   14.375    7.343    0.864   -5.084  -10.543  -15.565  -20.203  -24.508  -28.520  -32.285  -35.839  -39.209  -42.422  -45.500
   38.664   30.397   22.471   14.997    8.033    1.597   -4.330   -9.786  -14.816  -19.472  -23.795  -27.833  -31.624  -35.206  -38.603  -41.844  -44.949
   38.888   30.769   22.966   15.588    8.692    2.299   -3.607   -9.056  -14.092  -18.761  -23.103  -27.164  -30.980  -34.588  -38.012  -41.279  -44.410
   39.103   31.122   23.437   16.151    9.322    2.971   -2.911   -8.353  -13.392  -18.072  -22.432  -26.513  -30.355  -33.986  -37.434  -40.726  -43.883
   39.308   31.458   23.886   16.688    9.924    3.616   -2.242   -7.674  -12.717  -17.405  -21.779  -25.880  -29.744  -33.398  -36.870  -40.186  -43.367
   39.505   31.779   24.313   17.201   10.501    4.235   -1.597   -7.019  -12.062  -16.757  -21.146  -25.264  -29.149  -32.824  -36.320  -39.659  -42.862
   39.694   32.085   24.722   17.692   11.053    4.830   -0.977   -6.386  -11.427  -16.129  -20.530  -24.667  -28.568  -32.264  -35.781  -39.143  -42.369
   39.876   32.379   25.112   18.162   11.584    5.403   -0.379   -5.777  -10.813  -15.520  -19.932  -24.084  -28.003  -31.718  -35.256  -38.638  -41.886
   40.052   32.660   25.486   18.613   12.093    5.953    0.199   -5.186  -10.217  -14.928  -19.350  -23.516  -27.451  -31.185  -34.742  -38.145  -41.414
   40.221   32.930   25.845   19.045   12.582    6.484    0.755   -4.614   -9.641  -14.354  -18.786  -22.963  -26.913  -30.665  -34.240  -37.663  -40.951
   40.386   33.190   26.190   19.460   13.053    6.995    1.291   -4.061   -9.081  -13.797  -18.236  -22.424  -26.389  -30.156  -33.750  -37.191  -40.499
   40.545   33.440   26.521   19.860   13.506    7.488    1.811   -3.525   -8.539  -13.255  -17.701  -21.899  -25.877  -29.660  -33.271  -36.730  -40.056
   40.699   33.681   26.840   20.244   13.943    7.961    2.314   -3.006   -8.013  -12.728  -17.180  -21.388  -25.378  -29.176  -32.802  -36.279  -39.623
   40.849   33.914   27.147   20.615   14.364    8.421    2.801   -2.503   -7.502  -12.219  -16.673  -20.889  -24.891  -28.702  -32.344  -35.837  -39.199
   40.995   34.139   27.444   20.973   14.769    8.866    3.272   -2.015   -7.006  -11.722  -16.179  -20.403  -24.416  -28.240  -31.896  -35.405  -38.784
   41.137   34.357   27.730   21.315   15.162    9.296    3.728   -1.542   -6.527  -11.238  -15.698  -19.929  -23.951  -27.788  -31.458  -34.982  -38.377
   41.276   34.568   28.005   21.650   15.543    9.712    4.170   -1.083   -6.059  -10.767  -15.230  -19.466  -23.498  -27.346  -31.030  -34.569  -37.979
   41.412   34.771   28.274   21.973   15.911   10.115    4.599   -0.637   -5.604  -10.309  -14.773  -19.015  -23.055  -26.914  -30.611  -34.164  -37.590
