  69.078  69.093  69.099  69.097  69.088  69.073  69.051  69.024  68.990  68.951  68.907  68.858  68.803  68.742  68.676  68.603  68.524
  69.601  69.604  69.599  69.587  69.568  69.541  69.508  69.469  69.424  69.372  69.315  69.252  69.184  69.110  69.031  68.947  68.858
  70.086  70.083  70.071  70.051  70.023  69.987  69.943  69.892  69.834  69.770  69.698  69.621  69.537  69.448  69.353  69.252  69.147
  70.539  70.531  70.513  70.486  70.450  70.405  70.351  70.286  70.216  70.137  70.051  69.958  69.858  69.751  69.639  69.520  69.397
  70.973  70.961  70.939  70.905  70.861  70.806  70.741  70.667  70.583  70.490  70.389  70.278  70.161  70.036  69.905  69.767  69.624
  71.398  71.383  71.355  71.315  71.262  71.198  71.122  71.036  70.938  70.831  70.713  70.587  70.452  70.308  70.157  70.000  69.837
  71.818  71.799  71.766  71.719  71.658  71.584  71.497  71.397  71.286  71.163  71.030  70.886  70.733  70.571  70.400  70.222  70.037
  72.233  72.211  72.172  72.118  72.049  71.965  71.866  71.754  71.628  71.489  71.339  71.177  71.005  70.823  70.633  70.434  70.228
  72.645  72.620  72.576  72.515  72.437  72.342  72.231  72.105  71.964  71.809  71.642  71.461  71.270  71.068  70.857  70.637  70.410
  73.056  73.027  72.978  72.909  72.822  72.716  72.592  72.452  72.296  72.124  71.938  71.739  71.528  71.306  71.073  70.832  70.582
  73.465  73.432  73.377  73.301  73.204  73.087  72.950  72.795  72.623  72.434  72.230  72.011  71.780  71.536  71.282  71.019  70.747
  73.746  73.712  73.655  73.574  73.470  73.344  73.197  73.029  72.843  72.639  72.418  72.182  71.932  71.669  71.395  71.111  70.817
  73.961  73.929  73.871  73.787  73.677  73.544  73.387  73.209  73.010  72.791  72.555  72.302  72.033  71.751  71.457  71.152  70.836
  74.137  74.109  74.051  73.965  73.851  73.711  73.546  73.356  73.145  72.912  72.660  72.390  72.104  71.803  71.488  71.161  70.824
  74.277  74.254  74.198  74.112  73.995  73.849  73.675  73.476  73.252  73.006  72.738  72.452  72.147  71.827  71.492  71.144  70.784
  74.523  74.501  74.444  74.353  74.230  74.075  73.891  73.679  73.441  73.179  72.895  72.590  72.266  71.926  71.570  71.201  70.818
  74.970  74.941  74.876  74.774  74.638  74.469  74.269  74.040  73.783  73.502  73.197  72.871  72.526  72.164  71.786  71.395  70.992
  75.410  75.375  75.301  75.189  75.040  74.856  74.639  74.391  74.116  73.813  73.488  73.140  72.773  72.389  71.989  71.576  71.152
  75.845  75.804  75.720  75.597  75.434  75.235  75.001  74.735  74.439  74.116  73.768  73.398  73.009  72.602  72.180  71.745  71.298
  76.275  76.227  76.135  75.999  75.823  75.607  75.355  75.070  74.753  74.409  74.039  73.646  73.234  72.804  72.359  71.901  71.432
  76.701  76.647  76.545  76.397  76.206  75.974  75.703  75.397  75.059  74.692  74.300  73.884  73.448  72.995  72.526  72.046  71.554
  77.124  77.063  76.951  76.791  76.584  76.334  76.044  75.718  75.357  74.968  74.551  74.112  73.652  73.175  72.683  72.179  71.665
  77.544  77.476  77.354  77.180  76.957  76.689  76.379  76.030  75.647  75.234  74.793  74.330  73.845  73.344  72.829  72.301  71.765
  77.961  77.886  77.753  77.565  77.326  77.038  76.707  76.336  75.929  75.492  75.026  74.538  74.029  73.503  72.964  72.413  71.854
  78.377  78.294  78.149  77.947  77.689  77.382  77.028  76.634  76.203  75.740  75.250  74.736  74.202  73.652  73.089  72.515  71.932
  78.790  78.699  78.542  78.324  78.048  77.720  77.343  76.924  76.468  75.980  75.464  74.925  74.366  73.791  73.203  72.605  72.000
  79.202  79.102  78.933  78.698  78.402  78.051  77.651  77.207  76.725  76.211  75.668  75.103  74.519  73.919  73.307  72.686  72.058
  79.612  79.503  79.320  79.068  78.751  78.377  77.952  77.482  76.973  76.432  75.863  75.271  74.661  74.036  73.400  72.756  72.105
  80.021  79.902  79.704  79.433  79.095  78.696  78.245  77.748  77.212  76.643  76.047  75.429  74.793  74.144  73.483  72.815  72.143
  80.428  80.299  80.086  79.795  79.433  79.009  78.530  78.006  77.441  76.845  76.222  75.577  74.915  74.240  73.556  72.865  72.170
  80.834  80.694  80.464  80.152  79.765  79.314  78.808  78.254  77.661  77.036  76.385  75.714  75.026  74.326  73.618  72.904  72.187
  81.240  81.087  80.839  80.504  80.091  79.612  79.076  78.493  77.870  77.217  76.538  75.840  75.126  74.402  73.670  72.933  72.195
  81.643  81.478  81.210  80.851  80.410  79.902  79.335  78.721  78.069  77.387  76.680  75.955  75.216  74.467  73.711  72.953  72.193
  82.046  81.866  81.578  81.192  80.722  80.182  79.584  78.939  78.257  77.545  76.810  76.058  75.294  74.521  73.742  72.962  72.181
  82.448  82.252  81.941  81.527  81.026  80.454  79.823  79.146  78.433  77.692  76.929  76.151  75.361  74.564  73.763  72.960  72.159
  82.848  82.636  82.299  81.855  81.322  80.715  80.051  79.342  78.598  77.827  77.036  76.231  75.417  74.596  73.773  72.949  72.128
  83.248  83.016  82.652  82.176  81.607  80.966  80.267  79.525  78.750  77.949  77.131  76.300  75.461  74.618  73.773  72.928  72.087
  83.646  83.393  82.999  82.488  81.883  81.205  80.471  79.695  78.889  78.059  77.214  76.358  75.495  74.629  73.762  72.898  72.037
  84.042  83.766  83.339  82.791  82.147  81.431  80.661  79.852  79.014  78.156  77.284  76.403  75.517  74.628  73.741  72.857  71.978
  84.437  84.134  83.672  83.083  82.398  81.643  80.838  79.995  79.127  78.240  77.342  76.436  75.527  74.618  73.710  72.807  71.910
  84.830  84.497  83.995  83.363  82.636  81.841  80.999  80.123  79.225  78.310  77.386  76.457  75.526  74.596  73.669  72.747  71.833
  85.221  84.854  84.308  83.629  82.859  82.024  81.145  80.237  79.308  78.367  77.418  76.466  75.514  74.563  73.618  72.678  71.747
  85.609  85.203  84.608  83.881  83.065  82.190  81.275  80.335  79.377  78.410  77.437  76.463  75.490  74.520  73.557  72.600  71.652
  85.993  85.542  84.894  84.115  83.253  82.338  81.388  80.416  79.431  78.439  77.443  76.448  75.455  74.467  73.486  72.512  71.548
  86.373  85.870  85.163  84.331  83.422  82.467  81.483  80.482  79.470  78.454  77.436  76.421  75.409  74.403  73.405  72.416  71.436
  86.747  86.182  85.412  84.525  83.570  82.577  81.560  80.530  79.493  78.454  77.416  76.381  75.352  74.329  73.315  72.310  71.316
  87.112  86.476  85.638  84.695  83.696  82.666  81.618  80.562  79.501  78.441  77.383  76.330  75.284  74.245  73.215  72.196  71.188
  87.466  86.747  85.838  84.840  83.798  82.733  81.657  80.576  79.494  78.414  77.338  76.267  75.205  74.151  73.106  72.073  71.052
  87.801  86.987  86.006  84.956  83.875  82.779  81.677  80.573  79.471  78.372  77.279  76.193  75.115  74.047  72.989  71.942  70.908
  88.109  87.189  86.139  85.042  83.926  82.803  81.677  80.553  79.433  78.317  77.208  76.107  75.015  73.933  72.862  71.803  70.756
  88.375  87.345  86.233  85.096  83.951  82.804  81.658  80.516  79.379  78.248  77.125  76.010  74.905  73.810  72.727  71.655  70.597
  88.573  87.446  86.286  85.118  83.949  82.783  81.620  80.462  79.311  78.166  77.030  75.903  74.785  73.678  72.583  71.500  70.431
  88.674  87.485  86.295  85.106  83.920  82.739  81.562  80.392  79.227  78.071  76.923  75.784  74.655  73.537  72.431  71.337  70.258
  88.655  87.460  86.260  85.061  83.865  82.673  81.486  80.305  79.130  77.963  76.804  75.655  74.516  73.387  72.271  71.167  70.077
  88.521  87.372  86.183  84.984  83.784  82.586  81.391  80.202  79.018  77.842  76.674  75.516  74.367  73.229  72.103  70.990  69.890
  88.299  87.227  86.065  84.877  83.679  82.478  81.279  80.084  78.893  77.710  76.534  75.367  74.209  73.062  71.927  70.805  69.696
  88.019  87.034  85.911  84.740  83.549  82.351  81.150  79.951  78.755  77.565  76.382  75.208  74.042  72.888  71.744  70.613  69.496
  87.700  86.801  85.724  84.577  83.398  82.204  81.004  79.803  78.604  77.410  76.221  75.040  73.867  72.705  71.554  70.415  69.290
  87.358  86.536  85.508  84.389  83.226  82.040  80.843  79.642  78.441  77.243  76.049  74.862  73.684  72.515  71.357  70.211  69.077
  86.999  86.246  85.267  84.179  83.034  81.859  80.668  79.468  78.266  77.066  75.868  74.677  73.492  72.317  71.152  70.000  68.859
  86.630  85.936  85.005  83.949  82.825  81.662  80.478  79.282  78.080  76.878  75.678  74.482  73.293  72.112  70.941  69.782  68.634
  86.253  85.610  84.725  83.702  82.599  81.451  80.275  79.083  77.884  76.681  75.479  74.280  73.086  71.901  70.724  69.559  68.404
  85.871  85.272  84.430  83.439  82.359  81.226  80.060  78.874  77.677  76.474  75.271  74.069  72.872  71.682  70.501  69.330  68.169
  85.484  84.924  84.121  83.161  82.105  80.988  79.833  78.653  77.460  76.259  75.055  73.851  72.651  71.457  70.272  69.095  67.928
  85.093  84.567  83.801  82.872  81.839  80.738  79.595  78.423  77.234  76.035  74.831  73.626  72.424  71.226  70.036  68.854  67.682
  84.701  84.204  83.471  82.571  81.561  80.478  79.347  78.183  76.999  75.803  74.599  73.394  72.189  70.989  69.795  68.608  67.432
  84.305  83.836  83.133  82.261  81.274  80.208  79.089  77.934  76.756  75.563  74.361  73.155  71.949  70.745  69.548  68.357  67.176
  83.909  83.462  82.787  81.942  80.977  79.929  78.822  77.677  76.505  75.315  74.115  72.909  71.702  70.496  69.296  68.101  66.915
  83.510  83.085  82.436  81.616  80.672  79.641  78.548  77.412  76.246  75.061  73.862  72.657  71.449  70.243  69.039  67.841  66.650
  83.110  82.704  82.079  81.282  80.359  79.345  78.265  77.139  75.980  74.799  73.604  72.399  71.191  69.983  68.777  67.575  66.382
  82.709  82.321  81.717  80.943  80.040  79.042  77.975  76.859  75.707  74.531  73.339  72.136  70.927  69.718  68.509  67.305  66.109
  82.307  81.934  81.351  80.597  79.714  78.732  77.678  76.572  75.428  74.257  73.068  71.867  70.658  69.448  68.237  67.030  65.831
  81.905  81.546  80.981  80.247  79.382  78.416  77.375  76.280  75.143  73.978  72.792  71.592  70.384  69.173  67.961  66.751  65.549
  81.501  81.155  80.608  79.893  79.045  78.094  77.067  75.981  74.852  73.692  72.510  71.312  70.107  68.894  67.680  66.468  65.263
  81.096  80.763  80.231  79.534  78.703  77.767  76.752  75.676  74.556  73.401  72.223  71.028  69.823  68.610  67.395  66.182  64.973
  80.691  80.369  79.852  79.171  78.356  77.435  76.433  75.367  74.254  73.106  71.931  70.739  69.535  68.322  67.106  65.891  64.680
  80.285  79.973  79.471  78.805  78.006  77.099  76.108  75.052  73.947  72.805  71.635  70.445  69.242  68.029  66.812  65.597  64.383
  79.878  79.576  79.087  78.436  77.651  76.758  75.779  74.733  73.636  72.499  71.334  70.148  68.945  67.733  66.515  65.298  64.082
  79.471  79.178  78.701  78.064  77.293  76.413  75.446  74.410  73.320  72.190  71.028  69.845  68.644  67.432  66.216  64.996  63.778
  79.063  78.778  78.313  77.690  76.932  76.065  75.108  74.082  73.000  71.876  70.719  69.539  68.339  67.128  65.911  64.691  63.470
  78.655  78.378  77.924  77.313  76.568  75.712  74.767  73.750  72.676  71.558  70.405  69.228  68.030  66.820  65.603  64.382  63.159
  78.246  77.976  77.532  76.933  76.201  75.357  74.422  73.414  72.348  71.236  70.089  68.914  67.718  66.508  65.292  64.069  62.845
  77.836  77.574  77.140  76.552  75.831  74.999  74.074  73.075  72.016  70.910  69.768  68.596  67.402  66.195  64.977  63.754  62.528
  77.426  77.170  76.745  76.168  75.459  74.637  73.723  72.733  71.681  70.581  69.443  68.274  67.083  65.877  64.659  63.435  62.208
  77.016  76.766  76.350  75.783  75.084  74.273  73.368  72.387  71.343  70.250  69.115  67.949  66.760  65.556  64.338  63.113  61.884
  76.604  76.361  75.953  75.396  74.707  73.906  73.011  72.038  71.001  69.914  68.783  67.621  66.434  65.231  64.014  62.788  61.558
  76.193  75.955  75.555  75.007  74.328  73.537  72.651  71.686  70.656  69.574  68.449  67.290  66.107  64.904  63.687  62.461  61.229
  75.780  75.548  75.155  74.616  73.947  73.166  72.289  71.331  70.310  69.232  68.111  66.955  65.775  64.573  63.357  62.130  60.898
  75.368  75.140  74.755  74.224  73.565  72.792  71.924  70.974  69.959  68.887  67.770  66.618  65.440  64.240  63.024  61.797  60.563
  74.954  74.732  74.353  73.831  73.180  72.416  71.556  70.614  69.605  68.539  67.427  66.280  65.103  63.904  62.688  61.461  60.226
  74.540  74.323  73.951  73.436  72.794  72.038  71.186  70.253  69.249  68.188  67.080  65.937  64.763  63.565  62.350  61.122  59.887
  74.126  73.913  73.547  73.040  72.406  71.659  70.814  69.888  68.891  67.835  66.731  65.592  64.420  63.223  62.009  60.781  59.544
  73.711  73.502  73.143  72.643  72.016  71.277  70.440  69.521  68.530  67.479  66.382  65.244  64.074  62.879  61.666  60.438  59.200
  73.295  73.091  72.737  72.244  71.625  70.894  70.066  69.152  68.166  67.121  66.028  64.893  63.726  62.533  61.320  60.091  58.853
  72.879  72.679  72.331  71.845  71.233  70.509  69.688  68.780  67.801  66.760  65.672  64.540  63.375  62.184  60.971  59.743  58.503
  72.463  72.266  71.924  71.444  70.839  70.123  69.308  68.407  67.433  66.397  65.313  64.185  63.022  61.832  60.620  59.392  58.151
  72.045  71.853  71.515  71.042  70.443  69.735  68.926  68.031  67.063  66.034  64.953  63.828  62.667  61.478  60.267  59.039  57.797
  71.628  71.439  71.106  70.639  70.048  69.345  68.542  67.653  66.691  65.667  64.590  63.468  62.310  61.122  59.912  58.683  57.441
  71.209  71.024  70.696  70.236  69.650  68.953  68.157  67.274  66.318  65.298  64.225  63.106  61.950  60.764  59.554  58.325  57.082
  70.790  70.609  70.288  69.831  69.251  68.560  67.770  66.893  65.943  64.927  63.857  62.742  61.588  60.404  59.194  57.965  56.722
  70.371  70.195  69.876  69.424  68.850  68.165  67.381  66.510  65.566  64.554  63.488  62.375  61.224  60.041  58.832  57.603  56.359
