  63.323  63.371  63.409  63.439  63.462  63.477  63.486  63.488  63.484  63.474  63.457  63.434  63.404  63.368  63.324  63.272  63.211
  63.837  63.882  63.918  63.948  63.970  63.984  63.992  63.993  63.987  63.973  63.953  63.926  63.893  63.852  63.805  63.750  63.688
  64.307  64.358  64.398  64.430  64.454  64.470  64.477  64.477  64.468  64.452  64.428  64.396  64.354  64.307  64.252  64.189  64.119
  64.740  64.795  64.840  64.876  64.902  64.920  64.928  64.927  64.917  64.897  64.869  64.831  64.784  64.729  64.665  64.593  64.512
  65.151  65.213  65.264  65.305  65.335  65.354  65.363  65.362  65.349  65.326  65.293  65.249  65.195  65.132  65.058  64.974  64.882
  65.550  65.620  65.678  65.724  65.758  65.780  65.790  65.788  65.773  65.747  65.708  65.658  65.597  65.524  65.439  65.345  65.239
  65.942  66.020  66.085  66.137  66.175  66.200  66.210  66.208  66.191  66.161  66.118  66.061  65.991  65.908  65.814  65.707  65.588
  66.329  66.416  66.488  66.546  66.588  66.615  66.627  66.624  66.605  66.571  66.523  66.459  66.381  66.288  66.182  66.063  65.930
  66.712  66.808  66.888  66.951  66.998  67.028  67.041  67.038  67.017  66.979  66.924  66.854  66.767  66.664  66.546  66.414  66.267
  67.091  67.196  67.284  67.354  67.406  67.439  67.453  67.449  67.426  67.384  67.324  67.246  67.150  67.036  66.907  66.761  66.600
  67.467  67.583  67.679  67.756  67.812  67.848  67.864  67.859  67.834  67.788  67.721  67.635  67.530  67.406  67.264  67.104  66.928
  67.705  67.832  67.938  68.023  68.085  68.125  68.143  68.138  68.111  68.061  67.989  67.895  67.781  67.645  67.491  67.317  67.125
  67.871  68.011  68.127  68.221  68.290  68.335  68.355  68.350  68.321  68.268  68.190  68.089  67.964  67.818  67.649  67.460  67.251
  67.992  68.146  68.275  68.378  68.454  68.504  68.527  68.524  68.493  68.436  68.352  68.243  68.109  67.950  67.767  67.562  67.335
  68.073  68.243  68.385  68.498  68.583  68.639  68.665  68.662  68.630  68.569  68.480  68.362  68.218  68.046  67.849  67.627  67.381
  68.269  68.452  68.606  68.729  68.820  68.881  68.910  68.907  68.873  68.808  68.713  68.587  68.432  68.248  68.037  67.799  67.535
  68.686  68.878  69.040  69.168  69.265  69.328  69.358  69.354  69.317  69.248  69.146  69.012  68.847  68.652  68.428  68.177  67.899
  69.094  69.296  69.466  69.601  69.702  69.769  69.800  69.795  69.755  69.681  69.572  69.429  69.254  69.047  68.810  68.545  68.251
  69.494  69.707  69.885  70.028  70.134  70.204  70.236  70.231  70.188  70.108  69.992  69.840  69.654  69.435  69.185  68.904  68.595
  69.887  70.111  70.299  70.450  70.562  70.635  70.668  70.662  70.616  70.531  70.407  70.246  70.049  69.817  69.552  69.256  68.929
  70.275  70.510  70.708  70.867  70.985  71.062  71.097  71.090  71.040  70.950  70.818  70.647  70.438  70.193  69.913  69.600  69.257
  70.657  70.905  71.113  71.281  71.405  71.486  71.522  71.514  71.462  71.365  71.226  71.044  70.823  70.564  70.268  69.938  69.577
  71.034  71.295  71.515  71.691  71.822  71.907  71.945  71.936  71.880  71.777  71.629  71.437  71.203  70.929  70.617  70.270  69.890
  71.406  71.681  71.912  72.098  72.236  72.326  72.366  72.356  72.296  72.187  72.030  71.827  71.579  71.290  70.961  70.596  70.197
  71.774  72.063  72.307  72.503  72.648  72.743  72.785  72.774  72.710  72.594  72.428  72.213  71.952  71.646  71.300  70.916  70.497
  72.138  72.442  72.698  72.905  73.058  73.158  73.201  73.189  73.122  72.999  72.823  72.596  72.320  71.998  71.634  71.230  70.791
  72.497  72.817  73.087  73.304  73.466  73.571  73.617  73.604  73.532  73.402  73.216  72.976  72.685  72.346  71.963  71.539  71.078
  72.852  73.188  73.473  73.702  73.872  73.983  74.031  74.017  73.941  73.803  73.606  73.353  73.046  72.689  72.287  71.842  71.360
  73.204  73.557  73.856  74.097  74.277  74.393  74.444  74.429  74.348  74.202  73.994  73.727  73.403  73.028  72.605  72.139  71.635
  73.551  73.922  74.236  74.490  74.680  74.802  74.856  74.839  74.754  74.600  74.380  74.098  73.757  73.363  72.919  72.431  71.904
  73.894  74.283  74.614  74.881  75.081  75.211  75.267  75.249  75.158  74.995  74.763  74.466  74.107  73.693  73.228  72.717  72.166
  74.233  74.642  74.989  75.271  75.482  75.618  75.677  75.658  75.562  75.390  75.145  74.831  74.454  74.019  73.531  72.997  72.422
  74.567  74.996  75.362  75.658  75.880  76.024  76.086  76.066  75.964  75.782  75.523  75.193  74.796  74.340  73.829  73.271  72.671
  74.897  75.347  75.732  76.044  76.278  76.430  76.495  76.474  76.366  76.173  75.900  75.552  75.135  74.656  74.121  73.538  72.913
  75.222  75.694  76.098  76.427  76.674  76.834  76.904  76.881  76.766  76.563  76.274  75.908  75.470  74.967  74.408  73.799  73.148
  75.543  76.038  76.462  76.809  77.069  77.238  77.311  77.287  77.166  76.950  76.646  76.260  75.800  75.273  74.688  74.054  73.376
  75.858  76.377  76.823  77.188  77.463  77.641  77.719  77.693  77.564  77.336  77.016  76.609  76.125  75.573  74.963  74.301  73.596
  76.168  76.712  77.181  77.565  77.855  78.044  78.126  78.098  77.962  77.721  77.382  76.954  76.446  75.868  75.230  74.541  73.809
  76.472  77.042  77.535  77.940  78.246  78.446  78.532  78.503  78.358  78.103  77.746  77.295  76.762  76.157  75.491  74.774  74.014
  76.770  77.367  77.885  78.312  78.636  78.847  78.939  78.907  78.754  78.484  78.106  77.632  77.072  76.439  75.744  74.998  74.210
  77.062  77.688  78.232  78.682  79.024  79.248  79.345  79.311  79.149  78.863  78.464  77.964  77.377  76.715  75.991  75.215  74.398
  77.347  78.002  78.574  79.048  79.411  79.648  79.751  79.715  79.542  79.239  78.818  78.291  77.675  76.983  76.229  75.424  74.578
  77.625  78.311  78.912  79.412  79.795  80.047  80.156  80.118  79.934  79.613  79.168  78.614  77.967  77.244  76.459  75.623  74.748
  77.896  78.613  79.244  79.772  80.178  80.445  80.562  80.521  80.326  79.985  79.514  78.930  78.252  77.497  76.680  75.814  74.909
  78.158  78.908  79.572  80.129  80.559  80.843  80.967  80.924  80.715  80.353  79.855  79.240  78.530  77.742  76.893  75.995  75.060
  78.412  79.196  79.893  80.481  80.937  81.240  81.372  81.326  81.104  80.719  80.191  79.544  78.800  77.978  77.096  76.166  75.202
  78.657  79.476  80.208  80.829  81.313  81.636  81.777  81.728  81.490  81.081  80.522  79.841  79.061  78.205  77.289  76.328  75.333
  78.892  79.747  80.515  81.171  81.686  82.031  82.182  82.129  81.875  81.439  80.847  80.130  79.313  78.421  77.472  76.479  75.454
  79.117  80.009  80.815  81.508  82.056  82.425  82.587  82.530  82.258  81.792  81.165  80.410  79.556  78.627  77.644  76.619  75.565
  79.331  80.261  81.107  81.839  82.422  82.817  82.992  82.931  82.638  82.141  81.476  80.681  79.788  78.823  77.804  76.748  75.664
  79.533  80.502  81.389  82.162  82.783  83.208  83.397  83.331  83.015  82.483  81.778  80.942  80.009  79.006  77.954  76.866  75.753
  79.723  80.732  81.661  82.478  83.140  83.597  83.802  83.730  83.389  82.820  82.072  81.192  80.218  79.178  78.091  76.971  75.830
  79.900  80.948  81.921  82.784  83.491  83.984  84.207  84.128  83.760  83.149  82.355  81.430  80.414  79.336  78.215  77.065  75.896
  80.063  81.152  82.169  83.080  83.835  84.368  84.612  84.526  84.125  83.469  82.626  81.655  80.597  79.482  78.327  77.147  75.950
  80.212  81.341  82.403  83.365  84.172  84.750  85.016  84.922  84.486  83.780  82.885  81.866  80.766  79.613  78.425  77.216  75.992
  80.346  81.514  82.622  83.636  84.499  85.127  85.421  85.317  84.839  84.079  83.130  82.062  80.920  79.730  78.510  77.272  76.023
  80.464  81.671  82.825  83.892  84.814  85.499  85.826  85.710  85.185  84.364  83.359  82.242  81.058  79.832  78.581  77.315  76.041
  80.566  81.811  83.010  84.131  85.117  85.865  86.230  86.101  85.520  84.635  83.570  82.404  81.179  79.919  78.638  77.346  76.048
  80.651  81.932  83.175  84.351  85.403  86.223  86.634  86.488  85.843  84.887  83.762  82.548  81.283  79.989  78.680  77.363  76.042
  80.718  82.034  83.320  84.549  85.670  86.570  87.037  86.870  86.151  85.119  83.934  82.672  81.369  80.044  78.708  77.366  76.025
  80.768  82.116  83.442  84.724  85.914  86.903  87.440  87.246  86.438  85.327  84.082  82.775  81.436  80.082  78.720  77.357  75.995
  80.800  82.178  83.541  84.871  86.131  87.216  87.842  87.612  86.701  85.507  84.205  82.856  81.485  80.103  78.718  77.334  75.953
  80.814  82.219  83.615  84.990  86.315  87.502  88.241  87.962  86.932  85.658  84.302  82.915  81.514  80.108  78.701  77.298  75.899
  80.809  82.238  83.664  85.078  86.462  87.751  88.636  88.287  87.124  85.774  84.371  82.951  81.524  80.095  78.670  77.249  75.834
  80.786  82.235  83.686  85.133  86.566  87.948  89.021  88.571  87.269  85.853  84.412  82.963  81.513  80.066  78.623  77.187  75.757
  80.744  82.211  83.682  85.154  86.623  88.077  89.377  88.781  87.358  85.893  84.423  82.952  81.484  80.020  78.562  77.111  75.668
  80.685  82.166  83.651  85.140  86.632  88.125  89.612  88.878  87.386  85.893  84.403  82.917  81.435  79.958  78.487  77.024  75.568
  80.607  82.099  83.594  85.093  86.592  88.086  89.504  88.831  87.350  85.853  84.355  82.859  81.366  79.879  78.398  76.923  75.457
  80.513  82.011  83.512  85.012  86.503  87.963  89.179  88.656  87.254  85.774  84.277  82.778  81.279  79.784  78.295  76.811  75.335
  80.401  81.903  83.405  84.899  86.371  87.771  88.801  88.394  87.103  85.657  84.172  82.675  81.174  79.674  78.178  76.687  75.203
  80.273  81.776  83.274  84.756  86.198  87.525  88.408  88.080  86.905  85.506  84.041  82.551  81.051  79.549  78.048  76.551  75.059
  80.129  81.631  83.121  84.586  85.991  87.240  88.008  87.735  86.668  85.324  83.884  82.406  80.911  79.409  77.905  76.404  74.906
  79.970  81.468  82.947  84.390  85.754  86.927  87.605  87.371  86.400  85.114  83.705  82.243  80.755  79.255  77.751  76.245  74.743
  79.797  81.288  82.754  84.172  85.492  86.593  87.199  86.995  86.107  84.879  83.505  82.062  80.584  79.088  77.584  76.077  74.571
  79.609  81.092  82.543  83.934  85.209  86.243  86.793  86.612  85.794  84.624  83.285  81.863  80.397  78.908  77.405  75.898  74.389
  79.409  80.882  82.315  83.678  84.908  85.882  86.385  86.222  85.465  84.350  83.048  81.649  80.197  78.715  77.216  75.708  74.198
  79.196  80.658  82.072  83.405  84.592  85.512  85.976  85.828  85.124  84.060  82.795  81.421  79.984  78.511  77.016  75.510  73.998
  78.972  80.421  81.816  83.119  84.264  85.135  85.566  85.431  84.772  83.756  82.528  81.179  79.758  78.295  76.806  75.302  73.790
  78.736  80.172  81.546  82.819  83.925  84.752  85.156  85.031  84.412  83.440  82.248  80.924  79.521  78.069  76.586  75.085  73.574
  78.490  79.912  81.265  82.509  83.577  84.366  84.745  84.629  84.046  83.114  81.956  80.658  79.273  77.832  76.357  74.860  73.349
  78.234  79.641  80.973  82.189  83.222  83.975  84.334  84.225  83.673  82.779  81.654  80.382  79.014  77.586  76.119  74.626  73.118
  77.968  79.361  80.672  81.860  82.860  83.581  83.922  83.820  83.295  82.436  81.343  80.095  78.747  77.332  75.873  74.385  72.878
  77.694  79.072  80.362  81.523  82.492  83.185  83.510  83.414  82.913  82.086  81.023  79.800  78.470  77.068  75.618  74.136  72.632
  77.412  78.774  80.044  81.179  82.120  82.786  83.098  83.006  82.528  81.729  80.695  79.496  78.185  76.797  75.356  73.880  72.379
  77.122  78.469  79.719  80.829  81.743  82.385  82.684  82.598  82.139  81.368  80.360  79.185  77.892  76.517  75.086  73.616  72.120
  76.824  78.156  79.386  80.474  81.362  81.983  82.271  82.188  81.747  81.001  80.020  78.866  77.591  76.231  74.810  73.347  71.854
  76.520  77.837  79.048  80.113  80.978  81.579  81.857  81.778  81.353  80.630  79.673  78.541  77.284  75.938  74.527  73.070  71.582
  76.209  77.511  78.704  79.748  80.591  81.173  81.442  81.367  80.957  80.255  79.321  78.211  76.971  75.638  74.237  72.788  71.304
  75.893  77.180  78.355  79.378  80.201  80.767  81.027  80.955  80.559  79.877  78.964  77.874  76.652  75.332  73.942  72.500  71.020
  75.570  76.843  78.001  79.005  79.808  80.358  80.611  80.542  80.159  79.496  78.603  77.532  76.327  75.021  73.640  72.206  70.731
  75.242  76.502  77.643  78.628  79.413  79.949  80.195  80.129  79.757  79.111  78.238  77.186  75.996  74.703  73.334  71.907  70.437
  74.909  76.155  77.280  78.248  79.016  79.539  79.779  79.715  79.353  78.724  77.869  76.835  75.661  74.381  73.022  71.602  70.138
  74.572  75.804  76.913  77.865  78.617  79.128  79.362  79.300  78.949  78.334  77.497  76.479  75.321  74.054  72.705  71.293  69.833
  74.229  75.449  76.543  77.479  78.217  78.716  78.944  78.885  78.543  77.942  77.121  76.120  74.977  73.722  72.383  70.978  69.525
  73.882  75.090  76.170  77.091  77.814  78.303  78.526  78.469  78.135  77.548  76.743  75.757  74.628  73.386  72.056  70.660  69.211
  73.532  74.727  75.793  76.700  77.410  77.889  78.108  78.052  77.727  77.152  76.362  75.391  74.276  73.045  71.726  70.337  68.893
  73.177  74.360  75.414  76.307  77.005  77.474  77.689  77.635  77.317  76.754  75.978  75.021  73.919  72.701  71.391  70.009  68.571
  72.819  73.991  75.032  75.911  76.598  77.058  77.269  77.217  76.906  76.355  75.591  74.649  73.560  72.353  71.052  69.678  68.245
  72.457  73.618  74.647  75.514  76.189  76.642  76.849  76.799  76.494  75.953  75.203  74.273  73.197  72.001  70.709  69.342  67.915
  72.091  73.242  74.259  75.115  75.780  76.225  76.428  76.380  76.082  75.550  74.812  73.895  72.830  71.645  70.363  69.003  67.582
  71.723  72.863  73.869  74.714  75.369  75.807  76.007  75.960  75.668  75.146  74.419  73.514  72.461  71.286  70.013  68.660  67.244
