  -93.199  -93.045  -92.889  -92.731  -92.571  -92.411  -92.251  -92.091  -91.932  -91.774  -91.619  -91.466  -91.316  -91.171  -91.030  -90.894  -90.765
  -93.498  -93.296  -93.089  -92.880  -92.668  -92.455  -92.241  -92.027  -91.814  -91.603  -91.394  -91.189  -90.988  -90.791  -90.601  -90.417  -90.240
  -93.816  -93.563  -93.304  -93.041  -92.774  -92.506  -92.236  -91.966  -91.697  -91.431  -91.167  -90.908  -90.654  -90.406  -90.166  -89.933  -89.710
  -94.152  -93.846  -93.533  -93.214  -92.891  -92.566  -92.239  -91.911  -91.585  -91.261  -90.941  -90.627  -90.318  -90.018  -89.726  -89.445  -89.175
  -94.501  -94.141  -93.772  -93.397  -93.016  -92.631  -92.245  -91.858  -91.473  -91.090  -90.713  -90.341  -89.978  -89.624  -89.280  -88.949  -88.632
  -94.863  -94.448  -94.022  -93.587  -93.146  -92.701  -92.254  -91.805  -91.359  -90.916  -90.479  -90.049  -89.629  -89.220  -88.824  -88.443  -88.078
  -95.238  -94.765  -94.280  -93.785  -93.283  -92.775  -92.264  -91.753  -91.243  -90.738  -90.240  -89.750  -89.272  -88.807  -88.357  -87.925  -87.511
  -95.624  -95.093  -94.548  -93.990  -93.424  -92.852  -92.276  -91.699  -91.125  -90.555  -89.994  -89.443  -88.905  -88.382  -87.878  -87.393  -86.931
  -96.024  -95.432  -94.825  -94.203  -93.571  -92.932  -92.289  -91.644  -91.003  -90.367  -89.740  -89.126  -88.527  -87.946  -87.385  -86.848  -86.336
  -96.436  -95.783  -95.111  -94.424  -93.724  -93.016  -92.303  -91.589  -90.877  -90.173  -89.479  -88.800  -88.138  -87.496  -86.879  -86.288  -85.726
  -96.862  -96.146  -95.408  -94.652  -93.882  -93.103  -92.317  -91.531  -90.748  -89.973  -89.210  -88.463  -87.737  -87.034  -86.358  -85.712  -85.100
  -97.253  -96.483  -95.688  -94.873  -94.042  -93.201  -92.353  -91.503  -90.658  -89.821  -88.999  -88.194  -87.412  -86.657  -85.932  -85.241  -84.587
  -97.635  -96.815  -95.967  -95.097  -94.209  -93.309  -92.401  -91.493  -90.588  -89.694  -88.814  -87.955  -87.122  -86.318  -85.548  -84.816  -84.124
  -98.017  -97.148  -96.249  -95.325  -94.381  -93.424  -92.459  -91.492  -90.530  -89.579  -88.645  -87.734  -86.851  -86.000  -85.188  -84.417  -83.690
  -98.394  -97.479  -96.532  -95.556  -94.558  -93.545  -92.524  -91.501  -90.483  -89.478  -88.491  -87.529  -86.598  -85.704  -84.850  -84.043  -83.285
  -98.800  -97.833  -96.828  -95.792  -94.732  -93.656  -92.569  -91.481  -90.399  -89.330  -88.281  -87.261  -86.274  -85.328  -84.427  -83.577  -82.781
  -99.271  -98.235  -97.157  -96.044  -94.904  -93.745  -92.576  -91.404  -90.238  -89.088  -87.960  -86.864  -85.806  -84.793  -83.830  -82.922  -82.074
  -99.760  -98.653  -97.499  -96.307  -95.084  -93.840  -92.584  -91.325  -90.073  -88.839  -87.630  -86.455  -85.324  -84.242  -83.215  -82.250  -81.351
 -100.267  -99.087  -97.856  -96.581  -95.273  -93.940  -92.594  -91.245  -89.904  -88.581  -87.288  -86.033  -84.826  -83.674  -82.583  -81.560  -80.610
 -100.793  -99.539  -98.228  -96.868  -95.471  -94.046  -92.606  -91.163  -89.729  -88.315  -86.935  -85.597  -84.312  -83.088  -81.932  -80.851  -79.849
 -101.340 -100.009  -98.615  -97.168  -95.678  -94.157  -92.620  -91.078  -89.547  -88.040  -86.568  -85.145  -83.780  -82.483  -81.262  -80.122  -79.068
 -101.907 -100.498  -99.019  -97.481  -95.894  -94.274  -92.635  -90.992  -89.360  -87.754  -86.188  -84.677  -83.230  -81.858  -80.570  -79.371  -78.266
 -102.496 -101.007  -99.441  -97.808  -96.121  -94.397  -92.652  -90.902  -89.165  -87.457  -85.794  -84.191  -82.660  -81.212  -79.856  -78.598  -77.442
 -103.108 -101.538  -99.880  -98.149  -96.359  -94.527  -92.671  -90.809  -88.962  -87.147  -85.383  -83.686  -82.069  -80.543  -79.118  -77.801  -76.596
 -103.744 -102.090 -100.340  -98.507  -96.609  -94.663  -92.691  -90.713  -88.751  -86.825  -84.956  -83.161  -81.455  -79.851  -78.357  -76.981  -75.726
 -104.406 -102.665 -100.819  -98.882  -96.871  -94.807  -92.713  -90.613  -88.530  -86.489  -84.511  -82.615  -80.818  -79.133  -77.570  -76.135  -74.832
 -105.094 -103.266 -101.321  -99.274  -97.146  -94.958  -92.737  -90.508  -88.300  -86.138  -84.046  -82.046  -80.156  -78.389  -76.756  -75.263  -73.913
 -105.810 -103.892 -101.845  -99.686  -97.435  -95.117  -92.762  -90.400  -88.059  -85.771  -83.561  -81.454  -79.468  -77.618  -75.914  -74.364  -72.968
 -106.556 -104.547 -102.395 -100.118  -97.739  -95.285  -92.790  -90.286  -87.807  -85.386  -83.054  -80.835  -78.751  -76.817  -75.043  -73.436  -71.997
 -107.332 -105.230 -102.970 -100.571  -98.059  -95.463  -92.820  -90.167  -87.542  -84.983  -82.522  -80.189  -78.004  -75.985  -74.142  -72.479  -70.998
 -108.141 -105.945 -103.574 -101.049  -98.396  -95.651  -92.852  -90.042  -87.264  -84.560  -81.966  -79.513  -77.227  -75.122  -73.209  -71.493  -69.971
 -108.985 -106.693 -104.208 -101.551  -98.752  -95.849  -92.886  -89.910  -86.971  -84.114  -81.382  -78.807  -76.415  -74.224  -72.243  -70.475  -68.916
 -109.865 -107.476 -104.874 -102.081  -99.129  -96.060  -92.923  -89.772  -86.662  -83.646  -80.768  -78.067  -75.569  -73.291  -71.243  -69.424  -67.832
 -110.784 -108.297 -105.575 -102.640  -99.528  -96.283  -92.962  -89.626  -86.336  -83.151  -80.123  -77.291  -74.684  -72.321  -70.206  -68.341  -66.718
 -111.742 -109.157 -106.312 -103.231  -99.950  -96.521  -93.005  -89.471  -85.991  -82.629  -79.443  -76.477  -73.761  -71.311  -69.133  -67.224  -65.573
 -112.743 -110.059 -107.089 -103.855 -100.398  -96.774  -93.051  -89.308  -85.625  -82.077  -78.727  -75.622  -72.795  -70.260  -68.021  -66.072  -64.398
 -113.789 -111.007 -107.909 -104.518 -100.875  -97.043  -93.100  -89.134  -85.236  -81.492  -77.971  -74.724  -71.784  -69.166  -66.869  -64.884  -63.192
 -114.882 -112.002 -108.774 -105.220 -101.383  -97.332  -93.153  -88.949  -84.823  -80.871  -77.171  -73.779  -70.727  -68.027  -65.677  -63.660  -61.955
 -116.024 -113.048 -109.689 -105.966 -101.925  -97.640  -93.211  -88.751  -84.382  -80.211  -76.325  -72.784  -69.620  -66.842  -64.441  -62.398  -60.687
 -117.218 -114.149 -110.657 -106.760 -102.505  -97.972  -93.273  -88.540  -83.911  -79.508  -75.428  -71.735  -68.460  -65.607  -63.162  -61.100  -59.387
 -118.466 -115.307 -111.683 -107.606 -103.125  -98.328  -93.340  -88.314  -83.406  -78.758  -74.477  -70.629  -67.244  -64.321  -61.838  -59.763  -58.055
 -119.771 -116.527 -112.770 -108.510 -103.792  -98.712  -93.414  -88.070  -82.864  -77.956  -73.465  -69.461  -65.970  -62.982  -60.469  -58.387  -56.693
 -121.136 -117.811 -113.925 -109.476 -104.509  -99.128  -93.494  -87.808  -82.281  -77.097  -72.389  -68.228  -64.633  -61.588  -59.052  -56.974  -55.300
 -122.562 -119.165 -115.151 -110.510 -105.283  -99.579  -93.581  -87.523  -81.651  -76.175  -71.242  -66.924  -63.232  -60.138  -57.588  -55.522  -53.877
 -124.053 -120.592 -116.455 -111.620 -106.119 -100.070  -93.677  -87.214  -80.969  -75.183  -70.018  -65.544  -61.763  -58.629  -56.077  -54.032  -52.425
 -125.611 -122.096 -117.844 -112.813 -107.027 -100.606  -93.783  -86.877  -80.227  -74.113  -68.710  -64.084  -60.222  -57.061  -54.517  -52.504  -50.944
 -127.237 -123.681 -119.323 -114.098 -108.013 -101.193  -93.900  -86.508  -79.419  -72.956  -67.310  -62.539  -58.607  -55.431  -52.908  -50.940  -49.436
 -128.934 -125.352 -120.899 -115.483 -109.089 -101.839  -94.029  -86.102  -78.535  -71.703  -65.811  -60.902  -56.915  -53.739  -51.252  -49.339  -47.902
 -130.703 -127.113 -122.581 -116.981 -110.267 -102.553  -94.174  -85.654  -77.564  -70.341  -64.203  -59.169  -55.143  -51.984  -49.548  -47.704  -46.343
 -132.545 -128.968 -124.375 -118.601 -111.559 -103.346  -94.336  -85.155  -76.492  -68.859  -62.477  -57.333  -53.289  -50.167  -47.798  -46.035  -44.761
 -134.462 -130.919 -126.289 -120.358 -112.983 -104.232  -94.518  -84.596  -75.306  -67.240  -60.622  -55.389  -51.350  -48.287  -46.002  -44.335  -43.158
 -136.452 -132.971 -128.332 -122.264 -114.557 -105.227  -94.726  -83.968  -73.984  -65.469  -58.628  -53.333  -49.326  -46.345  -44.163  -42.606  -41.537
 -138.515 -135.124 -130.510 -124.337 -116.303 -106.351  -94.963  -83.255  -72.506  -63.526  -56.484  -51.159  -47.217  -44.342  -42.284  -40.849  -39.898
 -140.649 -137.380 -132.830 -126.590 -118.248 -107.630  -95.238  -82.439  -70.843  -61.390  -54.178  -48.865  -45.022  -42.282  -40.365  -39.069  -38.246
 -142.853 -139.740 -135.299 -129.043 -120.421 -109.097  -95.558  -81.496  -68.961  -59.037  -51.700  -46.447  -42.743  -40.166  -38.412  -37.267  -36.581
 -145.122 -142.202 -137.921 -131.711 -122.858 -110.794  -95.936  -80.395  -66.819  -56.442  -49.040  -43.905  -40.383  -37.999  -36.427  -35.447  -34.908
 -147.452 -144.763 -140.699 -134.612 -125.599 -112.776  -96.389  -79.092  -64.366  -53.577  -46.190  -41.238  -37.945  -35.784  -34.414  -33.612  -33.228
 -149.838 -147.417 -143.632 -137.759 -128.689 -115.114  -96.940  -77.528  -61.540  -50.414  -43.144  -38.451  -35.435  -33.527  -32.378  -31.765  -31.544
 -152.272 -150.160 -146.718 -141.165 -132.178 -117.903  -97.626  -75.619  -58.265  -46.927  -39.899  -35.549  -32.858  -31.234  -30.323  -29.912  -29.860
 -154.748 -152.980 -149.949 -144.834 -136.117 -121.269  -98.502  -73.240  -54.453  -43.092  -36.459  -32.540  -30.225  -28.911  -28.255  -28.054  -28.178
 -157.257 -155.868 -153.313 -148.765 -140.552 -125.378  -99.656  -70.208  -50.002  -38.895  -32.831  -29.434  -27.543  -26.565  -26.179  -26.196  -26.501
 -159.789 -158.811 -156.795 -152.946 -145.520 -130.448 -101.243  -66.232  -44.806  -34.332  -29.032  -26.248  -24.823  -24.204  -24.100  -24.343  -24.832
 -162.335 -161.795 -160.373 -157.352 -151.033 -136.743 -103.558  -60.856  -38.768  -29.420  -25.084  -22.996  -22.077  -21.836  -22.023  -22.497  -23.173
 -164.885 -164.803 -164.023 -161.947 -157.067 -144.548 -107.229  -53.346  -31.835  -24.194  -21.017  -19.699  -19.317  -19.469  -19.954  -20.662  -21.527
 -167.428 -167.819 -167.715 -166.679 -163.547 -154.069 -113.842  -42.603  -24.040  -18.719  -16.868  -16.378  -16.555  -17.110  -17.898  -18.842  -19.897
 -169.955 -170.827 -171.421 -171.489 -170.344 -165.235 -128.457  -27.411  -15.546  -13.080  -12.679  -13.055  -13.805  -14.767  -15.860  -17.041  -18.285
 -172.456 -173.809 -175.108 -176.308 -177.280 -177.484 -168.039   -7.900   -6.664   -7.383   -8.494   -9.751  -11.079  -12.449  -13.845  -15.262  -16.693
 -174.922 -176.750 -178.747  178.929  175.844  170.206  138.621   12.496    2.198   -1.738   -4.356   -6.488   -8.388  -10.161  -11.858  -13.506  -15.123
 -177.344 -179.637  177.690  174.287  169.219  158.885  116.322   29.427   10.638    3.751   -0.307   -3.286   -5.744   -7.911   -9.902  -11.778  -13.578
 -179.715  177.545  174.228  169.820  162.995  149.175  107.296   41.671   18.359    8.994    3.617   -0.162   -3.155   -5.704   -7.981  -10.080  -12.058
  177.970  174.806  170.886  165.568  157.270  141.192  102.656   50.213   25.209   13.928    7.389    2.868   -0.630   -3.545   -6.099   -8.414  -10.565
  175.719  172.155  167.681  161.560  152.086  134.747   99.867   56.263   31.166   18.513   10.985    5.793    1.823   -1.439   -4.257   -6.781   -9.100
  173.534  169.599  164.622  157.812  147.443  129.559   98.015   60.685   36.289   22.732   14.392    8.605    4.199    0.611   -2.460   -5.183   -7.665
  171.420  167.142  161.717  154.329  143.313  125.358   96.700   64.021   40.677   26.589   17.602   11.296    6.495    2.602   -0.707   -3.622   -6.260
  169.378  164.787  158.969  151.106  139.653  121.922   95.719   66.612   44.435   30.097   20.614   13.864    8.706    4.532    0.999   -2.098   -4.886
  167.409  162.536  156.376  148.134  136.412  119.078   94.960   68.676   47.665   33.278   23.430   16.307   10.832    6.400    2.657   -0.613   -3.544
  165.516  160.389  153.936  145.400  133.539  116.698   94.357   70.354   50.453   36.160   26.057   18.625   12.872    8.205    4.266    0.834   -2.234
  163.696  158.345  151.645  142.887  130.989  114.684   93.867   71.745   52.875   38.771   28.504   20.822   14.826    9.946    5.827    2.242   -0.955
  161.951  156.400  149.495  140.578  128.718  112.961   93.460   72.914   54.991   41.137   30.779   22.901   16.696   11.624    7.338    3.611    0.291
  160.278  154.554  147.480  138.457  126.690  111.473   93.118   73.911   56.851   43.285   32.895   24.865   18.482   13.240    8.802    4.941    1.505
  158.675  152.801  145.592  136.506  124.872  110.178   92.827   74.771   58.495   45.238   34.863   26.721   20.187   14.794   10.217    6.232    2.687
  157.142  151.138  143.824  134.710  123.236  109.042   92.576   75.520   59.958   47.018   36.693   28.472   21.814   16.288   11.584    7.485    3.837
  155.675  149.562  142.167  133.055  121.759  108.037   92.358   76.178   61.265   48.644   38.395   30.126   23.366   17.724   12.905    8.700    4.956
  154.273  148.068  140.615  131.527  120.421  107.144   92.168   76.761   62.440   50.133   39.981   31.686   24.845   19.102   14.181    9.877    6.044
  152.933  146.651  139.159  130.115  119.204  106.345   91.999   77.281   63.501   51.500   41.460   33.160   26.255   20.425   15.412   11.019    7.102
  151.653  145.309  137.793  128.807  118.094  105.626   91.850   77.748   64.463   52.757   42.840   34.551   27.599   21.695   16.599   12.124    8.129
  150.430  144.035  136.511  127.594  117.078  104.977   91.716   78.170   65.339   53.918   44.129   35.865   28.880   22.914   17.745   13.195    9.127
  149.260  142.828  135.306  126.467  116.146  104.387   91.597   78.552   66.140   54.991   45.336   37.108   30.101   24.084   18.850   14.232   10.097
  148.143  141.682  134.173  125.418  115.288  103.850   91.489   78.901   66.875   55.985   46.467   38.284   31.265   25.206   19.916   15.235   11.038
  147.076  140.594  133.106  124.439  114.496  103.359   91.391   79.221   67.551   56.909   47.527   39.397   32.376   26.283   20.943   16.207   11.952
  146.055  139.561  132.101  123.526  113.764  102.909   91.303   79.515   68.176   57.769   48.524   40.451   33.435   27.316   21.934   17.147   12.839
  145.079  138.579  131.152  122.671  113.084  102.494   91.223   79.786   68.754   58.571   49.461   41.450   34.447   28.309   22.889   18.057   13.701
  144.146  137.646  130.257  121.871  112.452  102.111   91.149   80.037   69.292   59.321   50.343   42.398   35.412   29.261   23.811   18.938   14.537
  143.253  136.758  129.411  121.120  111.864  101.757   91.082   80.271   69.792   60.024   51.176   43.299   36.335   30.176   24.700   19.791   15.348
  142.399  135.913  128.611  120.414  111.315  101.428   91.021   80.488   70.259   60.683   51.962   44.155   37.217   31.055   25.557   20.616   16.136
  141.581  135.108  127.853  119.750  110.801  101.122   90.964   80.691   70.696   61.302   52.705   44.968   38.060   31.899   26.384   21.415   16.900
  140.797  134.341  127.135  119.124  110.320  100.837   90.912   80.881   71.105   61.886   53.409   45.743   38.868   32.711   27.182   22.188   17.642
  140.047  133.609  126.453  118.534  109.869  100.571   90.864   81.060   71.490   62.436   54.076   46.481   39.640   33.492   27.953   22.937   18.363
  139.327  132.911  125.806  117.976  109.444  100.322   90.820   81.228   71.852   62.956   54.709   47.185   40.381   34.243   28.696   23.662   19.062
  138.637  132.245  125.192  117.449  109.045  100.089   90.780   81.386   72.194   63.447   55.310   47.857   41.090   34.965   29.414   24.364   19.741
  137.976  131.608  124.607  116.949  108.668   99.869   90.742   81.536   72.516   63.913   55.882   48.499   41.771   35.661   30.108   25.044   20.400
