  70.237  70.320  70.400  70.477  70.551  70.622  70.690  70.755  70.817  70.875  70.930  70.981  71.027  71.069  71.106  71.136  71.161
  70.351  70.450  70.548  70.644  70.737  70.828  70.916  71.002  71.083  71.162  71.236  71.306  71.372  71.433  71.488  71.538  71.582
  70.429  70.549  70.667  70.784  70.899  71.011  71.120  71.226  71.329  71.427  71.522  71.611  71.696  71.775  71.848  71.915  71.975
  70.477  70.619  70.759  70.897  71.034  71.168  71.299  71.426  71.550  71.669  71.784  71.893  71.996  72.094  72.184  72.267  72.343
  70.507  70.670  70.833  70.994  71.152  71.309  71.462  71.611  71.756  71.896  72.031  72.161  72.283  72.399  72.507  72.608  72.699
  70.523  70.708  70.893  71.076  71.258  71.436  71.612  71.783  71.950  72.112  72.268  72.417  72.559  72.695  72.821  72.938  73.045
  70.527  70.734  70.942  71.148  71.352  71.553  71.751  71.945  72.134  72.318  72.495  72.666  72.828  72.982  73.126  73.260  73.384
  70.520  70.750  70.980  71.208  71.435  71.659  71.880  72.097  72.309  72.514  72.714  72.905  73.088  73.262  73.425  73.577  73.717
  70.504  70.756  71.008  71.259  71.509  71.756  72.000  72.240  72.474  72.703  72.924  73.137  73.341  73.534  73.717  73.887  74.045
  70.478  70.752  71.026  71.300  71.573  71.843  72.110  72.373  72.631  72.882  73.126  73.361  73.586  73.801  74.003  74.193  74.368
  70.443  70.739  71.036  71.332  71.628  71.922  72.212  72.498  72.779  73.053  73.320  73.577  73.825  74.061  74.284  74.493  74.686
  70.376  70.692  71.009  71.326  71.642  71.956  72.267  72.574  72.875  73.170  73.456  73.733  73.999  74.252  74.492  74.717  74.925
  70.289  70.625  70.962  71.299  71.635  71.969  72.299  72.626  72.946  73.259  73.564  73.859  74.142  74.412  74.667  74.906  75.127
  70.189  70.545  70.902  71.258  71.614  71.967  72.317  72.663  73.002  73.334  73.657  73.969  74.269  74.554  74.824  75.076  75.308
  70.079  70.455  70.831  71.208  71.583  71.955  72.324  72.689  73.046  73.396  73.736  74.065  74.381  74.681  74.964  75.228  75.471
  69.994  70.390  70.786  71.182  71.577  71.969  72.358  72.743  73.121  73.491  73.851  74.199  74.533  74.851  75.152  75.431  75.688
  69.951  70.366  70.782  71.198  71.614  72.029  72.440  72.848  73.249  73.642  74.026  74.398  74.757  75.099  75.423  75.727  76.006
  69.897  70.330  70.765  71.202  71.639  72.076  72.509  72.940  73.364  73.781  74.189  74.586  74.969  75.336  75.684  76.011  76.314
  69.831  70.283  70.738  71.195  71.653  72.111  72.567  73.020  73.468  73.909  74.341  74.762  75.170  75.561  75.935  76.286  76.613
  69.755  70.226  70.700  71.177  71.656  72.135  72.613  73.089  73.560  74.025  74.481  74.927  75.360  75.776  76.175  76.551  76.902
  69.670  70.158  70.652  71.149  71.648  72.148  72.648  73.146  73.641  74.129  74.610  75.081  75.538  75.981  76.404  76.806  77.183
  69.575  70.082  70.594  71.110  71.630  72.151  72.673  73.193  73.710  74.223  74.728  75.223  75.706  76.174  76.624  77.052  77.454
  69.472  69.996  70.527  71.062  71.602  72.143  72.687  73.229  73.769  74.305  74.834  75.355  75.863  76.357  76.833  77.288  77.716
  69.360  69.902  70.450  71.005  71.564  72.126  72.690  73.255  73.817  74.377  74.930  75.475  76.010  76.530  77.032  77.513  77.968
  69.240  69.799  70.365  70.938  71.516  72.099  72.684  73.270  73.855  74.437  75.015  75.585  76.144  76.691  77.220  77.728  78.211
  69.112  69.688  70.272  70.863  71.460  72.062  72.667  73.274  73.882  74.487  75.088  75.683  76.268  76.841  77.397  77.933  78.444
  68.977  69.569  70.170  70.778  71.394  72.015  72.641  73.269  73.898  74.526  75.151  75.770  76.380  76.979  77.563  78.127  78.666
  68.834  69.442  70.060  70.686  71.320  71.960  72.605  73.253  73.904  74.554  75.202  75.845  76.481  77.106  77.717  78.309  78.877
  68.685  69.308  69.942  70.585  71.237  71.895  72.559  73.228  73.899  74.571  75.242  75.909  76.570  77.222  77.860  78.480  79.078
  68.528  69.167  69.816  70.476  71.145  71.821  72.505  73.193  73.884  74.578  75.271  75.962  76.648  77.325  77.990  78.639  79.266
  68.365  69.018  69.683  70.359  71.045  71.739  72.440  73.148  73.859  74.574  75.289  76.003  76.713  77.416  78.108  78.785  79.442
  68.195  68.863  69.543  70.235  70.937  71.648  72.367  73.093  73.824  74.559  75.296  76.033  76.766  77.494  78.213  78.918  79.605
  68.019  68.701  69.396  70.103  70.821  71.549  72.285  73.029  73.780  74.534  75.292  76.051  76.808  77.560  78.305  79.038  79.754
  67.837  68.532  69.242  69.963  70.697  71.441  72.195  72.956  73.725  74.499  75.277  76.057  76.837  77.613  78.384  79.145  79.890
  67.649  68.357  69.081  69.817  70.566  71.325  72.095  72.874  73.660  74.453  75.251  76.052  76.854  77.654  78.450  79.237  80.012
  67.455  68.177  68.913  69.663  70.427  71.202  71.987  72.782  73.586  74.397  75.214  76.035  76.859  77.682  78.502  79.315  80.118
  67.255  67.990  68.739  69.503  70.280  71.070  71.871  72.682  73.503  74.332  75.167  76.007  76.851  77.696  78.540  79.379  80.210
  67.050  67.797  68.559  69.336  70.127  70.931  71.747  72.574  73.410  74.256  75.109  75.968  76.832  77.698  78.564  79.428  80.286
  66.840  67.599  68.373  69.163  69.967  70.785  71.615  72.457  73.309  74.170  75.040  75.917  76.800  77.687  78.575  79.462  80.345
  66.624  67.395  68.181  68.983  69.800  70.631  71.475  72.331  73.198  74.075  74.962  75.856  76.757  77.662  78.571  79.481  80.389
  66.404  67.185  67.984  68.797  69.627  70.471  71.328  72.198  73.079  73.971  74.873  75.783  76.701  77.626  78.554  79.485  80.416
  66.178  66.971  67.780  68.605  69.447  70.303  71.173  72.056  72.951  73.857  74.774  75.700  76.635  77.576  78.523  79.474  80.427
  65.948  66.751  67.571  68.408  69.261  70.129  71.011  71.907  72.815  73.735  74.665  75.606  76.556  77.514  78.478  79.448  80.421
  65.713  66.526  67.357  68.205  69.068  69.948  70.842  71.750  72.670  73.603  74.547  75.502  76.467  77.439  78.420  79.407  80.399
  65.474  66.297  67.138  67.996  68.870  69.761  70.666  71.586  72.519  73.463  74.420  75.388  76.366  77.353  78.348  79.351  80.360
  65.230  66.063  66.914  67.782  68.666  69.568  70.484  71.414  72.359  73.315  74.284  75.264  76.254  77.255  78.264  79.281  80.305
  64.982  65.824  66.685  67.563  68.457  69.368  70.295  71.236  72.191  73.158  74.138  75.130  76.133  77.145  78.166  79.196  80.234
  64.730  65.581  66.451  67.338  68.243  69.163  70.100  71.051  72.016  72.994  73.985  74.987  76.000  77.024  78.057  79.098  80.147
  64.473  65.334  66.212  67.109  68.023  68.952  69.898  70.859  71.834  72.822  73.822  74.835  75.858  76.892  77.935  78.986  80.046
  64.213  65.082  65.969  66.875  67.797  68.736  69.691  70.661  71.645  72.642  73.652  74.674  75.706  76.749  77.801  78.861  79.930
  63.949  64.826  65.722  66.636  67.567  68.514  69.478  70.457  71.450  72.456  73.474  74.504  75.545  76.596  77.656  78.724  79.799
  63.682  64.567  65.470  66.393  67.332  68.288  69.259  70.246  71.248  72.262  73.288  74.326  75.375  76.433  77.500  78.574  79.655
  63.410  64.303  65.215  66.145  67.092  68.056  69.035  70.030  71.039  72.061  73.095  74.140  75.196  76.260  77.333  78.413  79.497
  63.135  64.036  64.955  65.893  66.848  67.819  68.806  69.808  70.825  71.854  72.894  73.946  75.008  76.078  77.156  78.240  79.327
  62.857  63.765  64.691  65.636  66.599  67.577  68.571  69.581  70.604  71.640  72.687  73.745  74.812  75.888  76.970  78.056  79.146
  62.576  63.490  64.424  65.376  66.345  67.331  68.332  69.348  70.378  71.420  72.474  73.536  74.609  75.688  76.773  77.862  78.952
  62.291  63.212  64.153  65.112  66.088  67.080  68.088  69.110  70.146  71.194  72.253  73.321  74.397  75.481  76.568  77.659  78.748
  62.002  62.931  63.878  64.844  65.826  66.825  67.839  68.867  69.909  70.962  72.026  73.099  74.179  75.265  76.355  77.445  78.534
  61.711  62.646  63.600  64.572  65.561  66.566  67.586  68.619  69.666  70.725  71.794  72.870  73.953  75.042  76.133  77.223  78.310
  61.417  62.358  63.318  64.296  65.291  66.302  67.328  68.366  69.419  70.482  71.555  72.635  73.721  74.811  75.903  76.993  78.076
  61.120  62.067  63.033  64.017  65.018  66.035  67.066  68.110  69.166  70.234  71.311  72.395  73.482  74.574  75.666  76.754  77.834
  60.820  61.773  62.745  63.735  64.741  65.763  66.800  67.849  68.909  69.981  71.061  72.148  73.238  74.330  75.421  76.508  77.584
  60.517  61.476  62.454  63.449  64.461  65.488  66.529  67.583  68.648  69.723  70.806  71.895  72.987  74.080  75.170  76.254  77.326
  60.211  61.176  62.159  63.160  64.177  65.209  66.255  67.313  68.381  69.460  70.546  71.637  72.730  73.823  74.912  75.993  77.061
  59.903  60.873  61.862  62.868  63.890  64.927  65.977  67.039  68.112  69.193  70.281  71.374  72.469  73.561  74.648  75.726  76.789
  59.592  60.568  61.561  62.572  63.599  64.641  65.695  66.762  67.838  68.921  70.012  71.106  72.202  73.293  74.379  75.453  76.510
  59.279  60.259  61.258  62.274  63.306  64.351  65.410  66.480  67.559  68.645  69.738  70.834  71.929  73.020  74.103  75.174  76.226
  58.962  59.948  60.952  61.973  63.009  64.059  65.121  66.195  67.277  68.365  69.460  70.556  71.652  72.741  73.823  74.889  75.935
  58.644  59.635  60.643  61.669  62.709  63.763  64.829  65.906  66.991  68.083  69.177  70.275  71.370  72.459  73.537  74.599  75.639
  58.323  59.319  60.332  61.362  62.406  63.464  64.534  65.614  66.701  67.795  68.891  69.989  71.083  72.171  73.246  74.304  75.338
  58.000  59.000  60.018  61.052  62.101  63.162  64.235  65.318  66.408  67.503  68.600  69.698  70.793  71.879  72.951  74.005  75.032
  57.674  58.679  59.702  60.740  61.792  62.858  63.934  65.019  66.112  67.209  68.307  69.404  70.498  71.582  72.651  73.700  74.722
  57.347  58.356  59.383  60.425  61.481  62.550  63.629  64.717  65.812  66.910  68.010  69.106  70.199  71.281  72.348  73.392  74.407
  57.017  58.030  59.061  60.107  61.167  62.239  63.322  64.412  65.509  66.608  67.709  68.805  69.896  70.976  72.040  73.079  74.088
  56.684  57.703  58.737  59.788  60.851  61.926  63.011  64.104  65.202  66.303  67.404  68.500  69.590  70.668  71.728  72.762  73.765
  56.350  57.373  58.411  59.465  60.532  61.610  62.698  63.793  64.893  65.995  67.096  68.193  69.280  70.356  71.412  72.443  73.439
  56.014  57.040  58.083  59.140  60.211  61.292  62.382  63.480  64.581  65.684  66.785  67.881  68.967  70.040  71.093  72.119  73.109
  55.675  56.706  57.753  58.813  59.887  60.971  62.064  63.163  64.266  65.370  66.471  67.567  68.651  69.721  70.770  71.792  72.776
  55.335  56.369  57.420  58.484  59.561  60.648  61.743  62.844  63.948  65.053  66.154  67.249  68.331  69.399  70.445  71.461  72.441
  54.992  56.031  57.085  58.153  59.232  60.322  61.420  62.522  63.628  64.733  65.834  66.928  68.010  69.074  70.116  71.128  72.101
  54.648  55.690  56.748  57.819  58.902  59.994  61.094  62.198  63.305  64.410  65.512  66.605  67.685  68.746  69.784  70.791  71.758
  54.302  55.348  56.409  57.483  58.569  59.664  60.765  61.871  62.979  64.085  65.186  66.278  67.357  68.415  69.449  70.452  71.413
  53.954  55.003  56.068  57.145  58.234  59.331  60.435  61.542  62.651  63.758  64.858  65.949  67.026  68.082  69.112  70.109  71.065
  53.604  54.657  55.725  56.805  57.897  58.996  60.102  61.211  62.321  63.427  64.528  65.618  66.692  67.746  68.772  69.765  70.715
  53.252  54.309  55.380  56.463  57.557  58.659  59.767  60.877  61.988  63.095  64.195  65.284  66.356  67.407  68.429  69.418  70.362
  52.898  53.959  55.033  56.119  57.216  58.320  59.429  60.541  61.653  62.760  63.860  64.947  66.018  67.066  68.086  69.068  70.007
  52.543  53.607  54.684  55.774  56.873  57.979  59.090  60.203  61.315  62.423  63.522  64.608  65.677  66.723  67.738  68.716  69.650
  52.185  53.253  54.334  55.426  56.527  57.636  58.749  59.863  60.976  62.083  63.182  64.267  65.334  66.377  67.389  68.362  69.291
  51.826  52.897  53.981  55.076  56.180  57.291  58.405  59.521  60.634  61.742  62.840  63.924  64.989  66.029  67.037  68.007  68.929
  51.466  52.540  53.627  54.725  55.831  56.944  58.060  59.176  60.290  61.398  62.496  63.578  64.641  65.679  66.684  67.649  68.566
  51.103  52.181  53.271  54.371  55.480  56.595  57.712  58.830  59.945  61.052  62.149  63.231  64.292  65.326  66.328  67.289  68.202
  50.739  51.820  52.913  54.016  55.127  56.244  57.363  58.482  59.597  60.705  61.801  62.881  63.940  64.972  65.970  66.927  67.835
  50.374  51.458  52.554  53.660  54.773  55.891  57.012  58.132  59.247  60.355  61.451  62.530  63.587  64.616  65.611  66.564  67.467
  50.006  51.094  52.193  53.301  54.417  55.537  56.659  57.780  58.896  60.003  61.098  62.176  63.231  64.258  65.249  66.198  67.096
  49.638  50.728  51.830  52.941  54.059  55.181  56.304  57.426  58.542  59.650  60.744  61.820  62.874  63.898  64.886  65.831  66.724
  49.267  50.361  51.465  52.579  53.699  54.823  55.947  57.070  58.187  59.294  60.388  61.463  62.514  63.536  64.521  65.462  66.351
  48.895  49.992  51.099  52.215  53.337  54.463  55.589  56.713  57.830  58.937  60.030  61.104  62.153  63.172  64.154  65.091  65.976
  48.521  49.621  50.731  51.850  52.974  54.102  55.229  56.353  57.471  58.578  59.671  60.743  61.790  62.807  63.785  64.719  65.599
  48.146  49.249  50.362  51.483  52.609  53.738  54.867  55.993  57.111  58.218  59.309  60.381  61.426  62.440  63.415  64.345  65.221
  47.769  48.875  49.991  51.114  52.243  53.374  54.504  55.630  56.749  57.855  58.946  60.016  61.060  62.071  63.044  63.970  64.842
  47.391  48.500  49.619  50.744  51.875  53.007  54.139  55.266  56.385  57.491  58.582  59.650  60.692  61.701  62.670  63.593  64.461
