  -70.899  -70.930  -70.936  -70.920  -70.884  -70.828  -70.754  -70.663  -70.554  -70.429  -70.288  -70.130  -69.956  -69.765  -69.556  -69.328  -69.079
  -72.439  -72.440  -72.420  -72.378  -72.316  -72.234  -72.132  -72.010  -71.869  -71.710  -71.532  -71.336  -71.122  -70.891  -70.642  -70.377  -70.094
  -73.881  -73.872  -73.840  -73.784  -73.704  -73.602  -73.476  -73.328  -73.157  -72.964  -72.750  -72.514  -72.257  -71.980  -71.683  -71.367  -71.032
  -75.229  -75.219  -75.181  -75.116  -75.025  -74.907  -74.762  -74.590  -74.391  -74.166  -73.916  -73.640  -73.338  -73.013  -72.664  -72.293  -71.900
  -76.534  -76.526  -76.488  -76.419  -76.319  -76.189  -76.027  -75.834  -75.610  -75.355  -75.070  -74.754  -74.409  -74.034  -73.632  -73.209  -72.755
  -77.814  -77.812  -77.777  -77.707  -77.602  -77.463  -77.287  -77.076  -76.829  -76.546  -76.228  -75.874  -75.485  -75.067  -74.611  -74.124  -73.607
  -79.077  -79.085  -79.056  -78.988  -78.882  -78.737  -78.551  -78.324  -78.057  -77.748  -77.398  -77.012  -76.581  -76.110  -75.601  -75.055  -74.473
  -80.328  -80.349  -80.329  -80.267  -80.163  -80.014  -79.821  -79.582  -79.297  -78.965  -78.591  -78.165  -77.693  -77.176  -76.613  -76.007  -75.359
  -81.569  -81.605  -81.598  -81.545  -81.445  -81.297  -81.100  -80.852  -80.552  -80.204  -79.799  -79.341  -78.830  -78.266  -77.651  -76.985  -76.271
  -82.801  -82.856  -82.864  -82.823  -82.731  -82.587  -82.389  -82.135  -81.827  -81.458  -81.030  -80.542  -79.993  -79.385  -78.718  -77.993  -77.212
  -84.025  -84.101  -84.127  -84.101  -84.021  -83.884  -83.688  -83.432  -83.116  -82.733  -82.284  -81.769  -81.185  -80.535  -79.817  -79.033  -78.186
  -84.836  -84.935  -84.981  -84.971  -84.903  -84.774  -84.581  -84.323  -84.001  -83.604  -83.134  -82.591  -81.973  -81.279  -80.510  -79.665  -78.748
  -85.431  -85.556  -85.624  -85.632  -85.577  -85.457  -85.267  -85.013  -84.678  -84.267  -83.776  -83.204  -82.548  -81.809  -80.984  -80.075  -79.083
  -85.898  -86.051  -86.142  -86.169  -86.129  -86.017  -85.832  -85.577  -85.234  -84.808  -84.295  -83.693  -82.998  -82.209  -81.326  -80.348  -79.275
  -86.248  -86.431  -86.548  -86.595  -86.570  -86.468  -86.287  -86.031  -85.681  -85.239  -84.703  -84.068  -83.332  -82.491  -81.546  -80.493  -79.335
  -86.928  -87.140  -87.282  -87.351  -87.344  -87.257  -87.085  -86.833  -86.481  -86.030  -85.478  -84.819  -84.049  -83.166  -82.166  -81.048  -79.811
  -88.239  -88.479  -88.648  -88.743  -88.760  -88.695  -88.542  -88.306  -87.965  -87.521  -86.968  -86.302  -85.518  -84.611  -83.577  -82.414  -81.121
  -89.524  -89.794  -89.993  -90.117  -90.161  -90.121  -89.991  -89.775  -89.449  -89.016  -88.468  -87.799  -87.004  -86.077  -85.012  -83.807  -82.459
  -90.783  -91.086  -91.317  -91.473  -91.548  -91.537  -91.434  -91.241  -90.935  -90.516  -89.978  -89.311  -88.510  -87.567  -86.476  -85.232  -83.832
  -92.020  -92.357  -92.624  -92.814  -92.923  -92.944  -92.878  -92.705  -92.423  -92.024  -91.499  -90.840  -90.038  -89.085  -87.972  -86.693  -85.242
  -93.235  -93.609  -93.913  -94.140  -94.285  -94.341  -94.309  -94.168  -93.914  -93.539  -93.034  -92.387  -91.590  -90.631  -89.502  -88.192  -86.696
  -94.430  -94.843  -95.185  -95.451  -95.635  -95.730  -95.735  -95.628  -95.407  -95.062  -94.581  -93.952  -93.166  -92.208  -91.068  -89.733  -88.196
  -95.604  -96.058  -96.441  -96.749  -96.974  -97.110  -97.154  -97.087  -96.903  -96.591  -96.140  -95.536  -94.766  -93.815  -92.671  -91.318  -89.745
  -96.760  -97.255  -97.681  -98.032  -98.301  -98.480  -98.568  -98.543  -98.400  -98.127  -97.710  -97.136  -96.390  -95.454  -94.312  -92.949  -91.347
  -97.896  -98.434  -98.904  -99.300  -99.615  -99.840  -99.975  -99.996  -99.898  -99.668  -99.292  -98.754  -98.037  -97.124  -95.993  -94.626  -93.003
  -99.014  -99.596 -100.111 -100.554 -100.916 -101.191 -101.374 -101.445 -101.396 -101.214 -100.883 -100.388  -99.708  -98.824  -97.713  -96.351  -94.716
 -100.114 -100.741 -101.302 -101.793 -102.205 -102.530 -102.764 -102.888 -102.892 -102.762 -102.483 -102.036 -101.400 -100.554  -99.471  -98.125  -96.488
 -101.195 -101.868 -102.477 -103.017 -103.479 -103.857 -104.146 -104.325 -104.385 -104.312 -104.089 -103.697 -103.113 -102.313 -101.268  -99.948  -98.319
 -102.258 -102.977 -103.635 -104.225 -104.740 -105.172 -105.511 -105.754 -105.874 -105.862 -105.701 -105.369 -104.844 -104.098 -103.102 -101.818 -100.211
 -103.304 -104.069 -104.776 -105.417 -105.986 -106.474 -106.872 -107.175 -107.358 -107.411 -107.315 -107.051 -106.592 -105.909 -104.971 -103.736 -102.163
 -104.331 -105.144 -105.900 -106.593 -107.217 -107.762 -108.220 -108.586 -108.835 -108.956 -108.932 -108.739 -108.353 -107.743 -106.873 -105.700 -104.176
 -105.336 -106.201 -107.007 -107.753 -108.432 -109.036 -109.556 -109.986 -110.304 -110.497 -110.547 -110.433 -110.127 -109.598 -108.806 -107.708 -106.247
 -106.328 -107.241 -108.097 -108.896 -109.631 -110.295 -110.877 -111.375 -111.763 -112.031 -112.161 -112.129 -111.910 -111.469 -110.768 -109.757 -108.376
 -107.302 -108.263 -109.170 -110.022 -110.814 -111.538 -112.185 -112.750 -113.211 -113.557 -113.770 -113.826 -113.699 -113.356 -112.754 -111.844 -110.560
 -108.259 -109.268 -110.225 -111.131 -111.980 -112.765 -113.477 -114.112 -114.647 -115.073 -115.372 -115.520 -115.492 -115.254 -114.762 -113.965 -112.796
 -109.199 -110.251 -111.263 -112.223 -113.129 -113.975 -114.753 -115.458 -116.070 -116.578 -116.966 -117.210 -117.286 -117.159 -116.788 -116.117 -115.078
 -110.121 -111.221 -112.283 -113.297 -114.261 -115.168 -116.012 -116.789 -117.478 -118.070 -118.549 -118.893 -119.078 -119.069 -118.827 -118.295 -117.404
 -111.027 -112.173 -113.286 -114.353 -115.374 -116.344 -117.254 -118.097 -118.870 -119.548 -120.120 -120.567 -120.864 -120.980 -120.874 -120.493 -119.766
 -111.915 -113.108 -114.272 -115.392 -116.470 -117.501 -118.478 -119.394 -120.245 -121.009 -121.677 -122.229 -122.642 -122.888 -122.926 -122.706 -122.158
 -112.788 -114.027 -115.236 -116.413 -117.548 -118.641 -119.684 -120.672 -121.603 -122.454 -123.217 -123.876 -124.409 -124.789 -124.978 -124.929 -124.574
 -113.643 -114.928 -116.186 -117.416 -118.608 -119.761 -120.871 -121.932 -122.941 -123.880 -124.741 -125.508 -126.163 -126.680 -127.025 -127.155 -127.005
 -114.483 -115.813 -117.119 -118.401 -119.649 -120.863 -122.039 -123.172 -124.260 -125.287 -126.245 -127.122 -127.899 -128.557 -129.063 -129.378 -129.445
 -115.306 -116.681 -118.035 -119.369 -120.672 -121.947 -123.188 -124.392 -125.559 -126.673 -127.729 -128.715 -129.617 -130.416 -131.087 -131.593 -131.885
 -116.114 -117.533 -118.934 -120.315 -121.677 -123.011 -124.317 -125.592 -126.837 -128.038 -129.191 -130.287 -131.314 -132.256 -133.092 -133.793 -134.317
 -116.906 -118.368 -119.816 -121.247 -122.663 -124.056 -125.426 -126.772 -128.089 -129.381 -130.631 -131.836 -132.987 -134.072 -135.075 -135.973 -136.733
 -117.682 -119.187 -120.681 -122.162 -123.631 -125.082 -126.515 -127.930 -129.324 -130.701 -132.046 -133.359 -134.634 -135.862 -137.032 -138.127 -139.126
 -118.444 -119.991 -121.530 -123.059 -124.581 -126.089 -127.584 -129.068 -130.537 -131.998 -133.437 -134.857 -136.254 -137.624 -138.959 -140.251 -141.488
 -119.190 -120.779 -122.362 -123.939 -125.510 -127.076 -128.633 -130.184 -131.728 -133.271 -134.803 -136.329 -137.846 -139.355 -140.853 -142.340 -143.813
 -119.922 -121.552 -123.178 -124.802 -126.423 -128.045 -129.662 -131.279 -132.896 -134.519 -136.143 -137.772 -139.408 -141.053 -142.712 -144.391 -146.095
 -120.640 -122.309 -123.978 -125.648 -127.319 -128.995 -130.671 -132.352 -134.041 -135.744 -137.457 -139.186 -140.938 -142.717 -144.533 -146.398 -148.329
 -121.343 -123.052 -124.763 -126.478 -128.197 -129.927 -131.660 -133.405 -135.163 -136.939 -138.743 -140.572 -142.436 -144.346 -146.315 -148.361 -150.510
 -122.033 -123.780 -125.532 -127.291 -129.058 -130.836 -132.629 -134.436 -136.262 -138.114 -140.003 -141.928 -143.902 -145.938 -148.054 -150.275 -152.635
 -122.709 -124.494 -126.286 -128.088 -129.902 -131.730 -133.579 -135.446 -137.339 -139.265 -141.236 -143.254 -145.334 -147.492 -149.751 -152.140 -154.701
 -123.371 -125.193 -127.025 -128.869 -130.729 -132.607 -134.509 -136.435 -138.393 -140.390 -142.441 -144.550 -146.733 -149.009 -151.404 -153.954 -156.706
 -124.021 -125.879 -127.749 -129.635 -131.539 -133.465 -135.420 -137.403 -139.424 -141.491 -143.620 -145.815 -148.097 -150.487 -153.013 -155.715 -158.648
 -124.658 -126.551 -128.459 -130.385 -132.333 -134.305 -136.312 -138.351 -140.433 -142.568 -144.767 -147.051 -149.428 -151.926 -154.577 -157.424 -160.526
 -125.282 -127.210 -129.155 -131.120 -133.110 -135.129 -137.182 -139.278 -141.420 -143.620 -145.892 -148.257 -150.726 -153.327 -156.097 -159.080 -162.341
 -125.894 -127.856 -129.837 -131.841 -133.872 -135.935 -138.036 -140.186 -142.385 -144.649 -146.991 -149.433 -151.989 -154.690 -157.572 -160.683 -164.092
 -126.493 -128.489 -130.505 -132.547 -134.618 -136.725 -138.873 -141.073 -143.328 -145.653 -148.063 -150.580 -153.220 -156.014 -159.002 -162.234 -165.780
 -127.081 -129.109 -131.160 -133.238 -135.349 -137.498 -139.692 -141.942 -144.251 -146.635 -149.109 -151.698 -154.417 -157.301 -160.389 -163.734 -167.406
 -127.658 -129.717 -131.802 -133.916 -136.065 -138.255 -140.493 -142.788 -145.152 -147.593 -150.130 -152.783 -155.583 -158.551 -161.734 -165.183 -168.972
 -128.223 -130.314 -132.431 -134.580 -136.766 -138.996 -141.277 -143.618 -146.033 -148.529 -151.126 -153.845 -156.716 -159.765 -163.036 -166.583 -170.478
 -128.777 -130.898 -133.048 -135.231 -137.453 -139.722 -142.044 -144.430 -146.894 -149.443 -152.098 -154.879 -157.819 -160.943 -164.297 -167.934 -171.927
 -129.320 -131.471 -133.652 -135.868 -138.126 -140.432 -142.795 -145.225 -147.736 -150.335 -153.045 -155.886 -158.891 -162.087 -165.518 -169.239 -173.321
 -129.853 -132.033 -134.244 -136.493 -138.785 -141.128 -143.530 -146.001 -148.555 -151.206 -153.969 -156.867 -159.930 -163.196 -166.700 -170.498 -174.661
 -130.375 -132.583 -134.825 -137.105 -139.431 -141.809 -144.249 -146.761 -149.358 -152.057 -154.870 -157.823 -160.944 -164.273 -167.844 -171.713 -175.950
 -130.887 -133.124 -135.394 -137.705 -140.063 -142.476 -144.953 -147.504 -150.143 -152.887 -155.748 -158.753 -161.930 -165.317 -168.951 -172.886 -177.189
 -131.390 -133.653 -135.952 -138.293 -140.683 -143.129 -145.641 -148.230 -150.909 -153.697 -156.604 -159.659 -162.888 -166.331 -170.023 -174.018 -178.380
 -131.882 -134.172 -136.499 -138.870 -141.290 -143.769 -146.315 -148.941 -151.659 -154.485 -157.440 -160.541 -163.820 -167.310 -171.060 -175.110 -179.527
 -132.366 -134.682 -137.036 -139.434 -141.885 -144.395 -146.975 -149.636 -152.391 -155.257 -158.254 -161.400 -164.726 -168.265 -172.065 -176.165  179.370
 -132.840 -135.181 -137.562 -139.988 -142.467 -145.008 -147.620 -150.315 -153.107 -156.010 -159.048 -162.237 -165.607 -169.192 -173.037 -177.183  178.309
 -133.305 -135.671 -138.077 -140.531 -143.038 -145.609 -148.252 -150.980 -153.806 -156.746 -159.820 -163.051 -166.463 -170.091 -173.979 -178.167  177.287
 -133.761 -136.151 -138.583 -141.063 -143.598 -146.197 -148.871 -151.630 -154.490 -157.465 -160.575 -163.845 -167.296 -170.964 -174.887 -179.117  176.303
 -134.209 -136.623 -139.079 -141.585 -144.146 -146.774 -149.477 -152.267 -155.158 -158.167 -161.312 -164.618 -168.106 -171.812 -175.771  179.965  175.355
 -134.648 -137.085 -139.566 -142.096 -144.684 -147.338 -150.070 -152.889 -155.811 -158.852 -162.031 -165.372 -168.895 -172.635 -176.628  179.077  174.440
 -135.079 -137.539 -140.043 -142.598 -145.211 -147.892 -150.650 -153.499 -156.450 -159.522 -162.732 -166.103 -169.662 -173.434 -177.459  178.223  173.559
 -135.502 -137.984 -140.511 -143.090 -145.728 -148.434 -151.219 -154.095 -157.075 -160.176 -163.416 -166.818 -170.408 -174.211 -178.265  177.392  172.708
 -135.917 -138.421 -140.971 -143.572 -146.234 -148.965 -151.776 -154.678 -157.686 -160.815 -164.084 -167.515 -171.135 -174.966 -179.046  176.588  171.887
 -136.324 -138.850 -141.421 -144.046 -146.731 -149.486 -152.322 -155.250 -158.284 -161.440 -164.736 -168.195 -171.842 -175.700 -179.804  175.809  171.098
 -136.724 -139.271 -141.864 -144.510 -147.218 -149.997 -152.856 -155.809 -158.868 -162.051 -165.373 -168.858 -172.528 -176.413  179.460  175.055  170.331
 -137.117 -139.684 -142.298 -144.966 -147.696 -150.497 -153.380 -156.357 -159.441 -162.647 -165.995 -169.504 -173.199 -177.107  178.746  174.324  169.590
 -137.502 -140.090 -142.724 -145.413 -148.164 -150.988 -153.893 -156.893 -160.000 -163.231 -166.603 -170.135 -173.852 -177.783  178.052  173.615  168.872
 -137.881 -140.488 -143.142 -145.852 -148.624 -151.469 -154.396 -157.418 -160.548 -163.802 -167.196 -170.751 -174.489 -178.436  177.378  172.928  168.178
 -138.252 -140.879 -143.553 -146.282 -149.075 -151.941 -154.889 -157.933 -161.085 -164.360 -167.776 -171.352 -175.110 -179.075  176.723  172.262  167.506
 -138.617 -141.263 -143.956 -146.705 -149.518 -152.404 -155.373 -158.437 -161.610 -164.906 -168.343 -171.939 -175.716 -179.698  176.086  171.614  166.854
 -138.976 -141.640 -144.352 -147.120 -149.952 -152.858 -155.847 -158.931 -162.124 -165.441 -168.897 -172.512 -176.307  179.696  175.470  170.986  166.222
 -139.328 -142.010 -144.741 -147.527 -150.378 -153.303 -156.312 -159.416 -162.628 -165.964 -169.439 -173.072 -176.883  179.105  174.867  170.375  165.609
 -139.674 -142.374 -145.122 -147.927 -150.797 -153.740 -156.768 -159.890 -163.122 -166.476 -169.969 -173.618 -177.445  178.529  174.280  169.781  165.015
 -140.013 -142.731 -145.497 -148.320 -151.208 -154.169 -157.215 -160.356 -163.605 -166.977 -170.487 -174.153 -177.995  177.967  173.709  169.208  164.437
 -140.347 -143.082 -145.866 -148.706 -151.611 -154.590 -157.654 -160.812 -164.079 -167.468 -170.994 -174.676 -178.531  177.419  173.152  168.647  163.876
 -140.675 -143.427 -146.227 -149.085 -152.007 -155.004 -158.084 -161.260 -164.543 -167.948 -171.491 -175.187 -179.055  176.884  172.610  168.100  163.334
 -140.997 -143.765 -146.583 -149.457 -152.396 -155.410 -158.507 -161.699 -164.999 -168.419 -171.977 -175.686 -179.567  176.362  172.081  167.568  162.803
 -141.313 -144.098 -146.932 -149.823 -152.779 -155.808 -158.921 -162.130 -165.445 -168.881 -172.452 -176.175  179.932  175.852  171.565  167.050  162.287
 -141.624 -144.425 -147.276 -150.182 -153.154 -156.199 -159.329 -162.552 -165.883 -169.333 -172.919 -176.654  179.443  175.354  171.061  166.544  161.785
 -141.930 -144.747 -147.613 -150.536 -153.523 -156.584 -159.728 -162.967 -166.312 -169.777 -173.375 -177.123  178.964  174.868  170.570  166.051  161.295
 -142.230 -145.063 -147.945 -150.883 -153.885 -156.961 -160.121 -163.374 -166.734 -170.212 -173.823 -177.581  178.496  174.392  170.089  165.570  160.818
 -142.525 -145.374 -148.271 -151.224 -154.242 -157.332 -160.507 -163.774 -167.147 -170.638 -174.261 -178.031  178.038  173.927  169.620  165.101  160.353
 -142.816 -145.679 -148.591 -151.559 -154.592 -157.697 -160.885 -164.167 -167.553 -171.057 -174.691 -178.471  177.589  173.472  169.162  164.643  159.899
 -143.101 -145.980 -148.906 -151.889 -154.936 -158.055 -161.257 -164.552 -167.952 -171.467 -175.113 -178.902  177.150  173.027  168.714  164.195  159.455
 -143.381 -146.275 -149.216 -152.213 -155.274 -158.408 -161.623 -164.931 -168.343 -171.870 -175.526 -179.325  176.719  172.591  168.275  163.757  159.022
 -143.657 -146.565 -149.521 -152.532 -155.607 -158.754 -161.983 -165.303 -168.727 -172.266 -175.932 -179.739  176.298  172.164  167.846  163.329  158.599
