   14.717   15.134   15.541   15.939   16.328   16.706   17.073   17.427   17.766   18.091   18.398   18.687   18.956   19.203   19.425   19.621   19.788
   14.883   15.419   15.950   16.476   16.992   17.498   17.991   18.469   18.929   19.370   19.790   20.186   20.557   20.902   21.219   21.505   21.761
   14.966   15.646   16.323   16.994   17.655   18.302   18.933   19.544   20.133   20.696   21.231   21.736   22.208   22.647   23.049   23.415   23.742
   14.968   15.809   16.647   17.477   18.295   19.096   19.875   20.628   21.351   22.041   22.694   23.308   23.881   24.409   24.892   25.328   25.717
   14.925   15.942   16.956   17.961   18.950   19.917   20.854   21.758   22.623   23.445   24.219   24.942   25.612   26.228   26.786   27.287   27.730
   14.851   16.062   17.269   18.465   19.639   20.785   21.893   22.956   23.970   24.927   25.824   26.656   27.423   28.120   28.749   29.307   29.795
   14.752   16.176   17.595   18.999   20.376   21.715   23.005   24.238   25.406   26.503   27.524   28.465   29.323   30.098   30.789   31.396   31.920
   14.630   16.288   17.942   19.575   21.173   22.721   24.206   25.618   26.947   28.187   29.331   30.377   31.323   32.167   32.912   33.558   34.108
   14.488   16.406   18.319   20.206   22.045   23.820   25.515   27.110   28.606   29.990   31.256   32.403   33.428   34.334   35.121   35.795   36.359
   14.318   16.527   18.728   20.894   22.999   25.021   26.938   28.737   30.404   31.931   33.310   34.549   35.645   36.599   37.418   38.106   38.671
   14.122   16.655   19.178   21.656   24.054   26.343   28.499   30.504   32.344   34.013   35.508   36.824   37.977   38.967   39.801   40.490   41.040
   13.619   16.445   19.260   22.020   24.683   27.212   29.580   31.765   33.754   35.540   37.123   38.507   39.690   40.699   41.535   42.210   42.736
   12.898   16.003   19.102   22.137   25.059   27.823   30.395   32.751   34.879   36.772   38.433   39.868   41.078   42.096   42.925   43.579   44.071
   12.015   15.396   18.777   22.090   25.272   28.270   31.046   33.571   35.833   37.828   39.559   41.039   42.269   43.289   44.104   44.730   45.183
   10.990   14.636   18.294   21.882   25.324   28.558   31.535   34.227   36.619   38.710   40.508   42.026   43.270   44.287   45.083   45.677   46.086
   10.191   14.190   18.211   22.154   25.924   29.445   32.662   35.543   38.076   40.264   42.121   43.668   44.912   45.913   46.676   47.224   47.578
    9.849   14.414   19.003   23.482   27.726   31.640   35.164   38.268   40.948   43.221   45.112   46.654   47.882   48.813   49.510   49.983   50.258
    9.416   14.645   19.901   24.998   29.773   34.110   37.944   41.254   44.054   46.376   48.266   49.770   50.933   51.783   52.389   52.767   52.945
    8.870   14.890   20.939   26.756   32.126   36.910   41.046   44.532   47.410   49.738   51.583   53.009   54.075   54.830   55.306   55.568   55.632
    8.182   15.161   22.165   28.827   34.861   40.105   44.515   48.130   51.030   53.309   55.059   56.364   57.295   57.912   58.249   58.377   58.311
    7.306   15.469   23.649   31.311   38.074   43.770   48.402   52.072   54.920   57.082   58.681   59.820   60.581   61.030   61.206   61.182   60.974
    6.172   15.833   25.491   34.343   41.889   47.989   52.749   56.373   59.076   61.046   62.434   63.359   63.914   64.169   64.165   63.973   63.611
    4.669   16.285   27.850   38.118   46.456   52.850   57.593   61.036   63.485   65.178   66.293   66.960   67.276   67.313   67.110   66.739   66.214
    2.608   16.876   30.986   42.913   51.957   58.433   62.949   66.044   68.118   69.449   70.231   70.598   70.646   70.444   70.030   69.469   68.775
   -0.359   17.705   35.348   49.121   58.584   64.790   68.801   71.358   72.930   73.818   74.213   74.246   74.003   73.547   72.911   72.153   71.284
   -4.922   18.987   41.763   57.263   66.498   71.910   75.089   76.911   77.866   78.240   78.205   77.876   77.325   76.605   75.740   74.782   73.737
  -12.635   21.295   51.813   67.906   75.729   79.694   81.703   82.616   82.859   82.664   82.170   81.461   80.593   79.603   78.507   77.348   76.127
  -27.396   26.820   68.300   81.309   86.060   87.925   88.490   88.366   87.835   87.042   86.073   84.977   83.788   82.516   81.202   79.844   78.448
  -57.444   55.462   93.567   96.758   96.957   96.294   95.266   94.050   92.723   91.326   89.881   88.401   86.895   85.358   83.818   82.264   80.698
  -98.083  167.858  121.704  112.322  107.679  104.460  101.853   99.564   97.460   95.474   93.566   91.714   89.901   88.107   86.347   84.604   82.873
 -123.552 -176.960  142.491  125.991  117.552  112.126  108.098  104.821  101.993   99.452   97.108   94.901   92.795   90.755   88.786   86.861   84.972
 -135.980 -172.878  155.272  136.911  126.184  119.099  113.895  109.760  106.283  103.238  100.489   97.952   95.571   93.300   91.131   89.033   86.993
 -142.694 -170.988  163.194  145.276  133.484  125.295  119.188  114.344  110.308  106.814  103.699  100.859   98.213   95.736   93.380   91.120   88.936
 -146.781 -169.890  168.409  151.641  139.557  130.718  123.964  118.560  114.055  110.172  106.733  103.619  100.741   98.064   95.534   93.121   90.802
 -149.499 -169.167  172.052  156.540  144.585  135.427  128.240  122.410  117.526  113.313  109.590  106.232  103.144  100.283   97.592   95.037   92.592
 -151.424 -168.650  174.725  160.379  148.759  139.504  132.050  125.912  120.726  116.240  112.273  108.690  105.424  102.395   99.556   96.869   94.307
 -152.853 -168.259  176.764  163.444  152.246  143.035  135.440  129.087  123.671  118.960  114.786  111.017  107.582  104.403  101.428   98.620   95.949
 -153.951 -167.951  178.369  165.937  155.185  146.102  138.456  131.965  126.375  121.485  117.137  113.208  109.624  106.309  103.212  100.292   97.520
 -154.819 -167.700  179.666  167.998  157.683  148.778  141.143  134.572  128.858  123.826  119.327  115.268  111.553  108.118  104.910  101.888   99.022
 -155.521 -167.490 -179.264  169.728  159.827  151.124  143.544  136.936  131.137  125.996  121.381  117.204  113.376  109.833  106.525  103.411  100.459
 -156.098 -167.310 -178.366  171.199  161.682  153.191  145.694  139.084  133.231  128.001  123.299  119.023  115.097  111.459  108.061  104.863  101.832
 -156.580 -167.155 -177.601  172.465  163.302  155.023  147.627  141.038  135.157  129.869  125.092  120.733  116.722  113.001  109.523  106.248  103.145
 -156.987 -167.017 -176.940  173.565  164.726  156.656  149.370  142.821  136.924  131.603  126.767  122.340  118.257  114.463  110.913  107.569  104.400
 -157.334 -166.895 -176.363  174.530  165.987  158.117  150.948  144.451  138.560  133.214  128.334  123.851  119.706  115.849  112.235  108.828  105.599
 -157.634 -166.784 -175.855  175.384  167.111  159.432  152.381  145.939  140.072  134.713  129.800  125.273  121.076  117.163  113.493  110.030  106.746
 -157.894 -166.683 -175.404  176.144  168.119  160.620  153.683  147.313  141.471  136.110  131.174  126.611  122.371  118.410  114.690  111.177  107.843
 -158.121 -166.590 -174.999  176.826  169.028  161.695  154.879  148.578  142.769  137.413  132.463  127.873  123.597  119.594  115.830  112.271  108.892
 -158.321 -166.503 -174.635  177.442  169.849  162.680  155.976  149.746  143.975  138.630  133.674  129.062  124.757  120.719  116.915  113.316  109.896
 -158.496 -166.423 -174.305  177.998  170.599  163.580  156.985  150.827  145.097  139.770  134.811  130.185  125.856  121.788  117.950  114.315  110.853
 -158.653 -166.348 -174.003  178.507  171.285  164.407  157.917  151.831  146.144  140.837  135.882  131.246  126.898  122.804  118.937  115.269  111.773
 -158.792 -166.277 -173.725  178.974  171.915  165.169  158.779  152.764  147.122  141.839  136.891  132.250  127.886  123.771  119.878  116.177  112.654
 -158.916 -166.209 -173.470  179.403  172.495  165.874  159.580  153.634  148.038  142.781  137.843  133.200  128.825  124.692  120.776  117.050  113.498
 -159.026 -166.145 -173.234  179.799  173.032  166.527  160.325  154.446  148.897  143.667  138.742  134.100  129.717  125.570  121.631  117.885  114.308
 -159.126 -166.083 -173.014 -179.834  173.529  167.134  161.020  155.207  149.703  144.503  139.592  134.954  130.566  126.406  122.451  118.684  115.085
 -159.215 -166.024 -172.809 -179.493  173.992  167.700  161.669  155.920  150.462  145.291  140.397  135.764  131.374  127.202  123.235  119.450  115.830
 -159.295 -165.967 -172.618 -179.174  174.424  168.230  162.277  156.590  151.177  146.036  141.160  136.535  132.141  127.964  123.985  120.184  116.546
 -159.366 -165.912 -172.438 -178.877  174.828  168.725  162.849  157.221  151.851  146.742  141.884  137.268  132.874  128.693  124.703  120.889  117.233
 -159.431 -165.859 -172.268 -178.597  175.207  169.191  163.386  157.815  152.489  147.410  142.572  137.963  133.575  129.389  125.391  121.564  117.894
 -159.488 -165.807 -172.108 -178.335  175.563  169.628  163.892  158.377  153.093  148.044  143.226  138.628  134.244  130.056  126.051  122.213  118.529
 -159.540 -165.757 -171.956 -178.087  175.899  170.041  164.371  158.908  153.665  148.646  143.847  139.263  134.883  130.694  126.683  122.837  119.140
 -159.587 -165.707 -171.812 -177.853  176.216  170.431  164.823  159.411  154.208  149.217  144.440  139.869  135.494  131.306  127.291  123.436  119.728
 -159.628 -165.659 -171.675 -177.631  176.515  170.800  165.251  159.888  154.723  149.762  145.006  140.448  136.080  131.892  127.874  124.012  120.294
 -159.665 -165.612 -171.545 -177.421  176.799  171.150  165.657  160.340  155.214  150.282  145.546  141.001  136.641  132.455  128.434  124.566  120.840
 -159.697 -165.565 -171.420 -177.221  177.069  171.482  166.042  160.771  155.681  150.778  146.062  141.531  137.178  132.995  128.973  125.100  121.365
 -159.726 -165.519 -171.300 -177.031  177.325  171.796  166.409  161.182  156.127  151.252  146.556  142.039  137.694  133.515  129.491  125.613  121.872
 -159.752 -165.475 -171.187 -176.850  177.568  172.096  166.759  161.574  156.553  151.705  147.029  142.526  138.190  134.014  129.990  126.108  122.360
 -159.774 -165.431 -171.076 -176.676  177.801  172.383  167.092  161.948  156.960  152.138  147.482  142.993  138.665  134.494  130.470  126.586  122.832
 -159.793 -165.387 -170.970 -176.510  178.023  172.656  167.411  162.305  157.350  152.553  147.917  143.441  139.123  134.956  130.933  127.046  123.287
 -159.809 -165.344 -170.868 -176.351  178.236  172.918  167.716  162.647  157.723  152.951  148.334  143.872  139.563  135.401  131.379  127.490  123.727
 -159.823 -165.301 -170.769 -176.198  178.440  173.168  168.008  162.975  158.081  153.333  148.735  144.287  139.986  135.829  131.809  127.919  124.151
 -159.834 -165.258 -170.673 -176.051  178.635  173.408  168.288  163.289  158.424  153.699  149.120  144.686  140.394  136.242  132.224  128.333  124.562
 -159.842 -165.216 -170.580 -175.909  178.823  173.639  168.556  163.590  158.753  154.052  149.490  145.069  140.788  136.641  132.625  128.733  124.958
 -159.848 -165.174 -170.490 -175.772  179.004  173.860  168.814  163.880  159.070  154.391  149.847  145.439  141.167  137.026  133.012  129.120  125.342
 -159.853 -165.132 -170.403 -175.640  179.178  174.073  169.062  164.159  159.375  154.717  150.191  145.796  141.532  137.397  133.386  129.494  125.713
 -159.855 -165.091 -170.318 -175.513  179.346  174.278  169.300  164.427  159.668  155.032  150.522  146.140  141.885  137.756  133.748  129.855  126.073
 -159.855 -165.049 -170.235 -175.389  179.508  174.475  169.530  164.685  159.951  155.335  150.841  146.472  142.226  138.103  134.097  130.205  126.420
 -159.854 -165.008 -170.154 -175.270  179.664  174.666  169.751  164.934  160.223  155.627  151.149  146.792  142.556  138.438  134.436  130.544  126.757
 -159.851 -164.967 -170.075 -175.153  179.815  174.850  169.965  165.174  160.486  155.909  151.447  147.102  142.875  138.763  134.763  130.872  127.084
 -159.846 -164.926 -169.997 -175.041  179.962  175.028  170.172  165.406  160.740  156.181  151.735  147.402  143.183  139.076  135.080  131.189  127.400
 -159.840 -164.885 -169.921 -174.931 -179.896  175.200  170.371  165.630  160.985  156.445  152.013  147.691  143.481  139.380  135.387  131.497  127.706
 -159.832 -164.844 -169.847 -174.825 -179.759  175.366  170.564  165.846  161.223  156.700  152.282  147.971  143.770  139.675  135.685  131.796  128.003
 -159.823 -164.803 -169.774 -174.721 -179.625  175.528  170.751  166.056  161.452  156.946  152.542  148.243  144.049  139.960  135.973  132.085  128.292
 -159.812 -164.762 -169.703 -174.619 -179.495  175.684  170.932  166.259  161.674  157.185  152.794  148.506  144.320  140.236  136.252  132.365  128.571
 -159.800 -164.721 -169.633 -174.521 -179.369  175.836  171.107  166.456  161.890  157.416  153.038  148.760  144.583  140.504  136.524  132.638  128.842
 -159.787 -164.679 -169.564 -174.424 -179.246  175.984  171.278  166.646  162.098  157.640  153.275  149.007  144.837  140.764  136.787  132.902  129.106
 -159.772 -164.638 -169.496 -174.330 -179.127  176.127  171.443  166.831  162.301  157.857  153.505  149.247  145.084  141.017  137.042  133.158  129.361
 -159.757 -164.597 -169.428 -174.237 -179.010  176.266  171.604  167.011  162.497  158.068  153.728  149.480  145.324  141.261  137.290  133.407  129.609
 -159.740 -164.555 -169.362 -174.147 -178.896  176.402  171.760  167.186  162.688  158.273  153.944  149.705  145.557  141.499  137.531  133.649  129.850
 -159.722 -164.514 -169.297 -174.059 -178.785  176.534  171.911  167.355  162.873  158.471  154.154  149.924  145.783  141.730  137.764  133.884  130.084
 -159.703 -164.472 -169.233 -173.972 -178.677  176.663  172.059  167.520  163.053  158.664  154.358  150.137  146.003  141.955  137.992  134.112  130.312
 -159.682 -164.430 -169.169 -173.886 -178.571  176.789  172.203  167.680  163.228  158.852  154.557  150.344  146.216  142.173  138.212  134.333  130.533
 -159.661 -164.388 -169.106 -173.803 -178.467  176.912  172.343  167.837  163.398  159.035  154.749  150.545  146.424  142.385  138.427  134.549  130.747
 -159.639 -164.346 -169.043 -173.720 -178.366  177.031  172.480  167.989  163.564  159.212  154.937  150.741  146.625  142.591  138.636  134.758  130.956
 -159.616 -164.303 -168.981 -173.639 -178.266  177.148  172.613  168.137  163.726  159.385  155.120  150.931  146.822  142.791  138.838  134.962  131.159
 -159.591 -164.260 -168.920 -173.560 -178.169  177.263  172.743  168.281  163.883  159.554  155.297  151.116  147.013  142.986  139.036  135.160  131.356
 -159.566 -164.218 -168.859 -173.481 -178.073  177.375  172.871  168.422  164.036  159.718  155.470  151.297  147.199  143.176  139.228  135.353  131.548
 -159.540 -164.174 -168.799 -173.404 -177.979  177.484  172.995  168.560  164.186  159.877  155.639  151.472  147.380  143.361  139.415  135.540  131.734
 -159.513 -164.131 -168.739 -173.327 -177.887  177.592  173.116  168.694  164.332  160.033  155.803  151.643  147.556  143.540  139.596  135.722  131.915
 -159.485 -164.087 -168.679 -173.252 -177.796  177.697  173.235  168.825  164.474  160.185  155.963  151.810  147.727  143.715  139.773  135.900  132.092
 -159.456 -164.043 -168.620 -173.178 -177.707  177.800  173.351  168.954  164.613  160.333  156.119  151.973  147.895  143.886  139.946  136.072  132.263
 -159.426 -163.999 -168.561 -173.104 -177.620  177.901  173.465  169.079  164.748  160.478  156.271  152.131  148.058  144.052  140.114  136.240  132.430
 -159.396 -163.955 -168.503 -173.032 -177.533  178.000  173.577  169.202  164.881  160.619  156.420  152.285  148.217  144.214  140.277  136.404  132.592
 -159.364 -163.910 -168.444 -172.960 -177.448  178.098  173.686  169.322  165.011  160.757  156.565  152.436  148.371  144.372  140.436  136.563  132.750
 -159.332 -163.865 -168.386 -172.889 -177.365  178.194  173.793  169.439  165.137  160.892  156.707  152.583  148.523  144.525  140.591  136.718  132.904
 -159.298 -163.819 -168.328 -172.818 -177.282  178.288  173.898  169.554  165.261  161.024  156.845  152.726  148.670  144.675  140.742  136.869  133.053
 -159.264 -163.773 -168.271 -172.749 -177.201  178.380  174.001  169.667  165.383  161.153  156.980  152.866  148.814  144.821  140.889  137.016  133.198
 -159.229 -163.727 -168.213 -172.680 -177.120  178.472  174.102  169.777  165.501  161.279  157.112  153.003  148.954  144.964  141.033  137.159  133.340
 -159.193 -163.681 -168.155 -172.611 -177.041  178.561  174.202  169.886  165.618  161.402  157.241  153.137  149.091  145.103  141.172  137.298  133.477
 -159.157 -163.634 -168.098 -172.543 -176.963  178.650  174.299  169.992  165.732  161.522  157.367  153.267  149.224  145.238  141.309  137.434  133.611
 -159.119 -163.586 -168.041 -172.476 -176.885  178.737  174.395  170.096  165.843  161.640  157.490  153.395  149.355  145.370  141.441  137.566  133.741
 -159.081 -163.539 -167.983 -172.408 -176.809  178.822  174.490  170.198  165.953  161.756  157.611  153.519  149.482  145.499  141.571  137.694  133.868
