  78.847  78.871  78.886  78.893  78.891  78.883  78.868  78.847  78.819  78.786  78.747  78.702  78.651  78.594  78.530  78.461  78.383
  79.378  79.392  79.398  79.396  79.386  79.369  79.344  79.312  79.274  79.229  79.177  79.120  79.056  78.986  78.911  78.830  78.744
  79.868  79.878  79.880  79.872  79.855  79.829  79.795  79.753  79.703  79.645  79.580  79.508  79.429  79.344  79.252  79.155  79.052
  80.322  80.331  80.329  80.316  80.293  80.259  80.216  80.163  80.100  80.029  79.949  79.861  79.765  79.662  79.552  79.436  79.314
  80.759  80.767  80.762  80.745  80.715  80.673  80.620  80.555  80.479  80.393  80.297  80.192  80.078  79.956  79.827  79.690  79.548
  81.186  81.193  81.186  81.164  81.128  81.077  81.013  80.936  80.846  80.744  80.631  80.507  80.374  80.232  80.082  79.924  79.760
  81.607  81.614  81.604  81.577  81.534  81.474  81.398  81.307  81.202  81.083  80.952  80.809  80.656  80.492  80.320  80.140  79.953
  82.024  82.031  82.019  81.986  81.935  81.865  81.776  81.671  81.549  81.412  81.262  81.098  80.923  80.737  80.542  80.339  80.129
  82.439  82.447  82.431  82.393  82.333  82.251  82.149  82.027  81.888  81.732  81.560  81.375  81.177  80.968  80.749  80.522  80.288
  82.851  82.859  82.840  82.796  82.726  82.632  82.515  82.377  82.218  82.041  81.847  81.638  81.417  81.184  80.940  80.689  80.430
  83.261  83.269  83.247  83.196  83.116  83.008  82.875  82.718  82.538  82.339  82.122  81.889  81.642  81.384  81.115  80.839  80.555
  83.536  83.548  83.527  83.472  83.385  83.267  83.120  82.947  82.750  82.532  82.294  82.040  81.770  81.489  81.198  80.899  80.592
  83.740  83.760  83.742  83.686  83.594  83.467  83.309  83.122  82.908  82.672  82.414  82.140  81.849  81.546  81.232  80.910  80.581
  83.901  83.931  83.919  83.864  83.768  83.634  83.465  83.264  83.035  82.781  82.504  82.209  81.897  81.573  81.238  80.893  80.541
  84.023  84.066  84.061  84.009  83.911  83.772  83.593  83.379  83.135  82.863  82.569  82.254  81.921  81.575  81.218  80.851  80.476
  84.257  84.309  84.307  84.253  84.148  83.997  83.804  83.573  83.309  83.016  82.699  82.362  82.006  81.637  81.257  80.868  80.470
  84.707  84.759  84.750  84.683  84.561  84.387  84.168  83.909  83.615  83.293  82.947  82.581  82.199  81.803  81.398  80.985  80.565
  85.150  85.202  85.186  85.105  84.962  84.763  84.515  84.225  83.900  83.547  83.171  82.776  82.366  81.944  81.514  81.077  80.635
  85.586  85.639  85.616  85.518  85.351  85.123  84.843  84.520  84.163  83.777  83.370  82.945  82.508  82.060  81.605  81.145  80.681
  86.017  86.072  86.040  85.922  85.728  85.467  85.152  84.794  84.401  83.982  83.544  83.090  82.624  82.151  81.672  81.190  80.705
  86.443  86.502  86.458  86.317  86.091  85.793  85.439  85.043  84.614  84.161  83.691  83.208  82.716  82.218  81.715  81.212  80.707
  86.865  86.927  86.871  86.701  86.437  86.097  85.701  85.265  84.799  84.312  83.811  83.300  82.782  82.260  81.736  81.212  80.688
  87.281  87.350  87.277  87.072  86.762  86.375  85.934  85.457  84.954  84.434  83.903  83.365  82.822  82.278  81.733  81.190  80.649
  87.693  87.771  87.675  87.425  87.061  86.622  86.134  85.616  85.077  84.525  83.966  83.403  82.838  82.273  81.709  81.147  80.590
  88.098  88.189  88.061  87.753  87.327  86.832  86.297  85.738  85.166  84.585  84.000  83.414  82.828  82.244  81.662  81.085  80.512
  88.493  88.605  88.430  88.045  87.549  86.997  86.417  85.822  85.219  84.613  84.005  83.398  82.794  82.192  81.595  81.003  80.416
  88.870  89.018  88.767  88.285  87.716  87.112  86.492  85.866  85.237  84.608  83.981  83.356  82.736  82.119  81.508  80.902  80.302
  89.206  89.426  89.040  88.449  87.816  87.169  86.519  85.868  85.219  84.572  83.929  83.289  82.654  82.025  81.401  80.783  80.172
  89.426  89.805  89.183  88.513  87.840  87.167  86.497  85.830  85.166  84.505  83.849  83.197  82.551  81.911  81.276  80.648  80.026
  89.391  89.704  89.133  88.464  87.786  87.106  86.428  85.752  85.078  84.409  83.743  83.082  82.427  81.777  81.133  80.496  79.865
  89.133  89.310  88.917  88.314  87.661  86.990  86.314  85.636  84.959  84.284  83.613  82.945  82.282  81.625  80.974  80.329  79.691
  88.788  88.904  88.610  88.087  87.474  86.825  86.160  85.487  84.810  84.134  83.459  82.787  82.119  81.457  80.799  80.147  79.503
  88.411  88.497  88.261  87.807  87.240  86.619  85.970  85.306  84.635  83.960  83.284  82.610  81.940  81.272  80.609  79.953  79.302
  88.022  88.089  87.891  87.491  86.969  86.379  85.750  85.099  84.435  83.764  83.090  82.416  81.743  81.073  80.406  79.745  79.090
  87.627  87.682  87.510  87.153  86.670  86.111  85.503  84.867  84.213  83.548  82.878  82.204  81.531  80.859  80.190  79.526  78.866
  87.228  87.274  87.121  86.798  86.351  85.820  85.235  84.615  83.972  83.315  82.649  81.979  81.306  80.633  79.962  79.295  78.632
  86.827  86.867  86.728  86.433  86.016  85.512  84.949  84.345  83.715  83.066  82.406  81.739  81.068  80.395  79.723  79.054  78.389
  86.425  86.460  86.333  86.060  85.669  85.189  84.647  84.060  83.442  82.803  82.149  81.486  80.817  80.146  79.474  78.804  78.137
  86.022  86.054  85.936  85.681  85.312  84.855  84.332  83.762  83.156  82.527  81.881  81.222  80.556  79.886  79.215  78.544  77.876
  85.619  85.647  85.537  85.298  84.949  84.512  84.007  83.452  82.859  82.239  81.601  80.948  80.286  79.618  78.947  78.276  77.607
  85.215  85.241  85.137  84.911  84.579  84.160  83.673  83.132  82.552  81.943  81.311  80.664  80.006  79.340  78.671  78.000  77.330
  84.811  84.836  84.737  84.522  84.205  83.802  83.330  82.804  82.236  81.637  81.013  80.371  79.717  79.055  78.387  77.717  77.047
  84.407  84.430  84.336  84.131  83.827  83.439  82.982  82.468  81.913  81.322  80.706  80.071  79.421  78.762  78.096  77.427  76.757
  84.003  84.024  83.934  83.738  83.446  83.072  82.627  82.126  81.582  81.001  80.392  79.763  79.118  78.462  77.799  77.131  76.461
  83.599  83.619  83.532  83.344  83.063  82.700  82.268  81.780  81.245  80.673  80.072  79.448  78.808  78.156  77.495  76.829  76.160
  83.194  83.213  83.130  82.949  82.677  82.325  81.906  81.427  80.902  80.339  79.745  79.128  78.493  77.844  77.186  76.521  75.853
  82.790  82.808  82.728  82.553  82.289  81.949  81.538  81.070  80.554  79.999  79.413  78.802  78.172  77.527  76.871  76.208  75.541
  82.385  82.403  82.325  82.156  81.902  81.569  81.168  80.709  80.202  79.656  79.076  78.471  77.845  77.204  76.551  75.890  75.224
  81.982  81.999  81.924  81.759  81.511  81.186  80.795  80.345  79.847  79.307  78.735  78.135  77.514  76.877  76.227  75.568  74.904
  81.577  81.594  81.521  81.361  81.119  80.802  80.419  79.977  79.487  78.955  78.389  77.795  77.179  76.545  75.898  75.241  74.579
  81.172  81.188  81.117  80.961  80.725  80.416  80.040  79.607  79.124  78.600  78.040  77.452  76.840  76.210  75.565  74.912  74.250
  80.767  80.783  80.714  80.562  80.331  80.028  79.660  79.234  78.759  78.241  77.687  77.104  76.497  75.870  75.229  74.578  73.917
  80.361  80.377  80.310  80.161  79.936  79.639  79.278  78.859  78.390  77.879  77.331  76.753  76.150  75.528  74.890  74.240  73.581
  79.956  79.971  79.906  79.761  79.540  79.249  78.894  78.482  78.020  77.514  76.972  76.399  75.801  75.181  74.547  73.899  73.241
  79.550  79.566  79.502  79.360  79.143  78.858  78.509  78.103  77.647  77.147  76.610  76.042  75.448  74.833  74.201  73.555  72.899
  79.145  79.160  79.097  78.958  78.746  78.465  78.122  77.722  77.272  76.778  76.246  75.682  75.093  74.481  73.851  73.208  72.553
  78.739  78.754  78.693  78.556  78.348  78.072  77.734  77.339  76.895  76.406  75.879  75.320  74.735  74.127  73.499  72.858  72.204
  78.333  78.348  78.288  78.154  77.949  77.678  77.344  76.955  76.516  76.032  75.510  74.957  74.375  73.769  73.145  72.505  71.853
  77.927  77.942  77.883  77.751  77.550  77.282  76.954  76.570  76.135  75.657  75.139  74.590  74.012  73.409  72.787  72.150  71.500
  77.520  77.535  77.478  77.348  77.150  76.887  76.562  76.183  75.753  75.279  74.768  74.222  73.646  73.047  72.428  71.792  71.144
  77.114  77.129  77.072  76.945  76.750  76.490  76.170  75.795  75.370  74.902  74.393  73.851  73.279  72.683  72.066  71.432  70.785
  76.707  76.722  76.666  76.541  76.349  76.092  75.776  75.406  74.986  74.521  74.017  73.478  72.910  72.316  71.702  71.070  70.425
  76.300  76.315  76.260  76.137  75.947  75.694  75.382  75.017  74.600  74.139  73.639  73.104  72.539  71.948  71.336  70.706  70.062
  75.893  75.908  75.854  75.733  75.546  75.296  74.989  74.626  74.213  73.756  73.259  72.728  72.166  71.578  70.968  70.340  69.697
  75.485  75.500  75.448  75.328  75.143  74.898  74.593  74.234  73.825  73.372  72.878  72.350  71.791  71.206  70.598  69.972  69.331
  75.079  75.094  75.043  74.925  74.742  74.498  74.196  73.841  73.436  72.986  72.496  71.971  71.415  70.832  70.227  69.602  68.962
  74.671  74.687  74.636  74.519  74.339  74.098  73.799  73.447  73.045  72.599  72.112  71.590  71.037  70.457  69.853  69.230  68.592
  74.263  74.279  74.229  74.114  73.936  73.697  73.401  73.052  72.654  72.210  71.727  71.208  70.657  70.080  69.478  68.857  68.220
  73.855  73.871  73.821  73.708  73.532  73.296  73.003  72.656  72.261  71.821  71.341  70.825  70.277  69.701  69.102  68.482  67.846
  73.446  73.462  73.414  73.302  73.128  72.894  72.603  72.260  71.868  71.431  70.953  70.440  69.895  69.321  68.724  68.106  67.471
  73.037  73.054  73.006  72.895  72.723  72.491  72.203  71.863  71.474  71.039  70.565  70.054  69.511  68.940  68.344  67.728  67.094
  72.628  72.645  72.598  72.488  72.318  72.088  71.803  71.465  71.078  70.647  70.175  69.667  69.126  68.557  67.963  67.348  66.716
  72.219  72.235  72.189  72.081  71.912  71.685  71.402  71.066  70.682  70.254  69.785  69.279  68.740  68.173  67.581  66.967  66.336
  71.809  71.826  71.780  71.673  71.506  71.281  71.000  70.667  70.286  69.860  69.393  68.889  68.353  67.788  67.197  66.585  65.955
  71.399  71.416  71.371  71.265  71.100  70.876  70.597  70.267  69.888  69.464  69.000  68.499  67.965  67.401  66.812  66.202  65.572
  70.988  71.006  70.962  70.857  70.693  70.471  70.194  69.866  69.490  69.069  68.606  68.107  67.575  67.014  66.426  65.817  65.188
  70.577  70.595  70.552  70.448  70.285  70.065  69.791  69.465  69.091  68.672  68.212  67.715  67.185  66.625  66.039  65.431  64.803
  70.166  70.184  70.142  70.039  69.878  69.659  69.387  69.063  68.691  68.274  67.816  67.321  66.793  66.235  65.650  65.043  64.416
  69.755  69.773  69.731  69.629  69.469  69.253  68.982  68.660  68.290  67.875  67.420  66.927  66.400  65.844  65.261  64.655  64.029
  69.343  69.362  69.320  69.220  69.061  68.846  68.577  68.257  67.889  67.476  67.023  66.532  66.007  65.452  64.870  64.265  63.640
  68.931  68.950  68.909  68.809  68.652  68.438  68.171  67.853  67.487  67.076  66.624  66.135  65.612  65.059  64.478  63.874  63.249
  68.518  68.537  68.497  68.399  68.242  68.030  67.765  67.448  67.084  66.675  66.225  65.738  65.216  64.664  64.085  63.482  62.858
  68.105  68.125  68.085  67.987  67.832  67.622  67.358  67.043  66.681  66.274  65.826  65.340  64.820  64.269  63.691  63.089  62.466
  67.692  67.712  67.673  67.576  67.422  67.213  66.950  66.637  66.277  65.871  65.425  64.941  64.422  63.873  63.296  62.694  62.072
  67.278  67.298  67.260  67.164  67.011  66.803  66.542  66.231  65.872  65.468  65.024  64.541  64.024  63.476  62.900  62.299  61.677
  66.864  66.884  66.847  66.751  66.600  66.393  66.133  65.824  65.466  65.064  64.621  64.140  63.624  63.077  62.502  61.903  61.281
  66.449  66.470  66.433  66.339  66.188  65.982  65.724  65.416  65.060  64.660  64.218  63.739  63.224  62.678  62.104  61.505  60.884
  66.034  66.055  66.019  65.925  65.776  65.571  65.315  65.008  64.653  64.255  63.814  63.336  62.823  62.278  61.705  61.107  60.487
  65.618  65.640  65.604  65.512  65.363  65.160  64.904  64.599  64.246  63.849  63.410  62.933  62.421  61.877  61.305  60.708  60.088
  65.202  65.224  65.189  65.097  64.950  64.748  64.493  64.189  63.838  63.442  63.005  62.529  62.018  61.475  60.904  60.307  59.687
  64.786  64.808  64.774  64.683  64.536  64.335  64.082  63.779  63.429  63.035  62.598  62.124  61.614  61.073  60.502  59.906  59.286
  64.369  64.392  64.358  64.267  64.122  63.922  63.670  63.369  63.020  62.626  62.192  61.718  61.210  60.669  60.099  59.503  58.884
  63.952  63.975  63.942  63.852  63.707  63.508  63.258  62.957  62.610  62.218  61.784  61.312  60.804  60.264  59.695  59.100  58.481
  63.534  63.558  63.525  63.436  63.292  63.094  62.844  62.545  62.199  61.808  61.376  60.905  60.398  59.859  59.290  58.696  58.077
  63.115  63.140  63.107  63.019  62.876  62.679  62.431  62.133  61.788  61.398  60.967  60.497  59.991  59.453  58.885  58.290  57.672
  62.696  62.721  62.689  62.602  62.460  62.264  62.017  61.720  61.376  60.987  60.557  60.088  59.583  59.045  58.478  57.884  57.266
  62.277  62.302  62.271  62.184  62.043  61.848  61.602  61.306  60.963  60.575  60.146  59.678  59.174  58.637  58.071  57.477  56.859
  61.857  61.883  61.852  61.766  61.626  61.432  61.186  60.891  60.549  60.163  59.735  59.268  58.765  58.228  57.662  57.069  56.451
  61.437  61.463  61.433  61.348  61.208  61.015  60.770  60.476  60.135  59.750  59.323  58.856  58.354  57.819  57.253  56.660  56.042
  61.016  61.042  61.013  60.928  60.789  60.597  60.354  60.061  59.721  59.336  58.910  58.444  57.943  57.408  56.843  56.250  55.632
  60.594  60.621  60.593  60.509  60.370  60.179  59.936  59.644  59.305  58.922  58.496  58.032  57.531  56.996  56.431  55.839  55.221
  60.172  60.200  60.172  60.088  59.951  59.760  59.518  59.227  58.889  58.507  58.082  57.618  57.118  56.584  56.019  55.427  54.809
  59.750  59.778  59.750  59.667  59.531  59.341  59.100  58.810  58.473  58.091  57.667  57.204  56.704  56.171  55.606  55.014  54.396
  59.326  59.355  59.328  59.246  59.110  58.921  58.681  58.392  58.055  57.674  57.251  56.789  56.290  55.757  55.193  54.600  53.983
  58.903  58.932  58.905  58.824  58.689  58.500  58.261  57.973  57.637  57.257  56.835  56.373  55.874  55.342  54.778  54.186  53.568
  58.478  58.508  58.482  58.401  58.267  58.079  57.841  57.553  57.219  56.839  56.417  55.956  55.458  54.926  54.362  53.770  53.152
  58.053  58.083  58.058  57.978  57.844  57.658  57.420  57.133  56.799  56.420  55.999  55.539  55.041  54.509  53.946  53.354  52.735
  57.628  57.658  57.634  57.554  57.421  57.235  56.998  56.712  56.379  56.001  55.581  55.121  54.623  54.092  53.529  52.936  52.318
  57.201  57.233  57.209  57.130  56.997  56.812  56.576  56.291  55.958  55.581  55.161  54.701  54.205  53.673  53.110  52.518  51.899
  56.774  56.806  56.783  56.705  56.573  56.389  56.153  55.868  55.537  55.160  54.741  54.282  53.785  53.254  52.691  52.099  51.479
  56.347  56.380  56.357  56.279  56.148  55.964  55.729  55.445  55.114  54.738  54.320  53.861  53.365  52.834  52.271  51.678  51.059
