 -74.731 -74.811 -74.890 -74.966 -75.041 -75.115 -75.186 -75.255 -75.323 -75.387 -75.449 -75.509 -75.564 -75.617 -75.665 -75.708 -75.746
 -74.751 -74.849 -74.946 -75.043 -75.138 -75.233 -75.326 -75.417 -75.506 -75.593 -75.676 -75.757 -75.835 -75.908 -75.978 -76.043 -76.102
 -74.738 -74.856 -74.974 -75.093 -75.210 -75.327 -75.442 -75.555 -75.667 -75.776 -75.882 -75.984 -76.083 -76.178 -76.268 -76.353 -76.432
 -74.698 -74.837 -74.977 -75.117 -75.257 -75.396 -75.534 -75.670 -75.804 -75.936 -76.064 -76.189 -76.309 -76.425 -76.536 -76.641 -76.740
 -74.640 -74.801 -74.963 -75.125 -75.287 -75.448 -75.609 -75.768 -75.925 -76.079 -76.230 -76.377 -76.520 -76.657 -76.789 -76.914 -77.033
 -74.568 -74.750 -74.933 -75.117 -75.301 -75.486 -75.669 -75.851 -76.031 -76.208 -76.382 -76.552 -76.717 -76.877 -77.030 -77.176 -77.315
 -74.484 -74.686 -74.891 -75.096 -75.303 -75.510 -75.716 -75.921 -76.124 -76.324 -76.522 -76.714 -76.902 -77.084 -77.260 -77.428 -77.587
 -74.388 -74.611 -74.836 -75.063 -75.292 -75.521 -75.750 -75.978 -76.204 -76.428 -76.649 -76.865 -77.076 -77.281 -77.479 -77.669 -77.850
 -74.281 -74.524 -74.770 -75.018 -75.269 -75.520 -75.771 -76.022 -76.272 -76.519 -76.764 -77.004 -77.238 -77.467 -77.688 -77.900 -78.104
 -74.163 -74.426 -74.693 -74.962 -75.234 -75.507 -75.781 -76.055 -76.328 -76.599 -76.866 -77.130 -77.389 -77.641 -77.886 -78.122 -78.348
 -74.036 -74.318 -74.605 -74.895 -75.188 -75.483 -75.779 -76.075 -76.371 -76.666 -76.957 -77.245 -77.528 -77.804 -78.073 -78.333 -78.582
 -73.908 -74.208 -74.512 -74.821 -75.132 -75.446 -75.762 -76.079 -76.395 -76.709 -77.022 -77.330 -77.634 -77.931 -78.220 -78.500 -78.769
 -73.777 -74.093 -74.415 -74.742 -75.071 -75.404 -75.738 -76.074 -76.409 -76.743 -77.075 -77.403 -77.726 -78.043 -78.351 -78.650 -78.937
 -73.643 -73.977 -74.316 -74.660 -75.007 -75.358 -75.710 -76.064 -76.418 -76.771 -77.122 -77.469 -77.812 -78.147 -78.474 -78.791 -79.095
 -73.508 -73.859 -74.215 -74.576 -74.941 -75.309 -75.680 -76.052 -76.424 -76.796 -77.165 -77.531 -77.892 -78.246 -78.591 -78.925 -79.245
 -73.372 -73.739 -74.112 -74.490 -74.873 -75.259 -75.648 -76.039 -76.431 -76.822 -77.212 -77.598 -77.980 -78.354 -78.720 -79.074 -79.415
 -73.225 -73.607 -73.997 -74.392 -74.793 -75.198 -75.607 -76.018 -76.431 -76.844 -77.257 -77.667 -78.072 -78.472 -78.864 -79.245 -79.613
 -73.067 -73.465 -73.870 -74.283 -74.701 -75.124 -75.552 -75.983 -76.417 -76.852 -77.287 -77.720 -78.150 -78.574 -78.992 -79.399 -79.795
 -72.899 -73.312 -73.733 -74.162 -74.597 -75.038 -75.485 -75.935 -76.389 -76.845 -77.302 -77.758 -78.211 -78.661 -79.104 -79.538 -79.961
 -72.722 -73.150 -73.586 -74.030 -74.482 -74.941 -75.405 -75.875 -76.348 -76.825 -77.303 -77.781 -78.258 -78.732 -79.200 -79.661 -80.111
 -72.536 -72.978 -73.429 -73.888 -74.356 -74.832 -75.314 -75.802 -76.295 -76.791 -77.290 -77.790 -78.290 -78.787 -79.281 -79.767 -80.245
 -72.343 -72.798 -73.263 -73.737 -74.221 -74.712 -75.212 -75.717 -76.228 -76.744 -77.263 -77.785 -78.307 -78.827 -79.345 -79.858 -80.362
 -72.142 -72.609 -73.088 -73.577 -74.076 -74.583 -75.098 -75.621 -76.150 -76.685 -77.224 -77.766 -78.309 -78.853 -79.394 -79.932 -80.463
 -71.933 -72.414 -72.905 -73.408 -73.921 -74.444 -74.975 -75.514 -76.061 -76.613 -77.171 -77.733 -78.297 -78.862 -79.427 -79.990 -80.547
 -71.717 -72.210 -72.714 -73.231 -73.758 -74.295 -74.841 -75.396 -75.959 -76.529 -77.106 -77.686 -78.271 -78.857 -79.445 -80.031 -80.614
 -71.494 -71.999 -72.516 -73.045 -73.586 -74.137 -74.698 -75.268 -75.847 -76.434 -77.028 -77.627 -78.230 -78.838 -79.447 -80.056 -80.663
 -71.266 -71.782 -72.311 -72.852 -73.405 -73.970 -74.545 -75.130 -75.725 -76.327 -76.938 -77.555 -78.177 -78.803 -79.433 -80.064 -80.695
 -71.031 -71.558 -72.099 -72.652 -73.217 -73.795 -74.384 -74.983 -75.592 -76.210 -76.836 -77.470 -78.109 -78.755 -79.404 -80.056 -80.709
 -70.790 -71.328 -71.880 -72.445 -73.022 -73.612 -74.213 -74.826 -75.449 -76.081 -76.723 -77.372 -78.029 -78.692 -79.360 -80.032 -80.706
 -70.544 -71.092 -71.654 -72.230 -72.819 -73.421 -74.035 -74.660 -75.296 -75.943 -76.599 -77.263 -77.936 -78.615 -79.301 -79.991 -80.686
 -70.292 -70.850 -71.423 -72.010 -72.609 -73.222 -73.848 -74.486 -75.135 -75.794 -76.464 -77.143 -77.830 -78.525 -79.227 -79.935 -80.648
 -70.036 -70.603 -71.186 -71.782 -72.393 -73.017 -73.654 -74.303 -74.964 -75.636 -76.318 -77.011 -77.712 -78.422 -79.139 -79.863 -80.594
 -69.774 -70.351 -70.943 -71.549 -72.170 -72.804 -73.452 -74.112 -74.785 -75.468 -76.163 -76.868 -77.583 -78.306 -79.037 -79.777 -80.523
 -69.508 -70.093 -70.694 -71.311 -71.941 -72.585 -73.243 -73.914 -74.597 -75.292 -75.998 -76.715 -77.442 -78.177 -78.922 -79.675 -80.436
 -69.237 -69.831 -70.441 -71.066 -71.706 -72.360 -73.027 -73.708 -74.401 -75.107 -75.824 -76.552 -77.290 -78.037 -78.794 -79.559 -80.333
 -68.962 -69.564 -70.183 -70.816 -71.465 -72.128 -72.804 -73.495 -74.198 -74.913 -75.640 -76.379 -77.127 -77.886 -78.653 -79.430 -80.215
 -68.683 -69.293 -69.919 -70.561 -71.218 -71.890 -72.575 -73.275 -73.987 -74.712 -75.448 -76.196 -76.955 -77.723 -78.500 -79.287 -80.082
 -68.400 -69.017 -69.652 -70.302 -70.967 -71.647 -72.341 -73.048 -73.769 -74.503 -75.248 -76.005 -76.772 -77.550 -78.336 -79.132 -79.936
 -68.112 -68.738 -69.379 -70.037 -70.710 -71.398 -72.100 -72.815 -73.544 -74.286 -75.040 -75.805 -76.581 -77.366 -78.161 -78.964 -79.776
 -67.822 -68.454 -69.103 -69.768 -70.448 -71.144 -71.853 -72.576 -73.313 -74.063 -74.824 -75.597 -76.380 -77.173 -77.975 -78.785 -79.603
 -67.527 -68.166 -68.822 -69.494 -70.182 -70.884 -71.602 -72.332 -73.076 -73.832 -74.601 -75.381 -76.171 -76.970 -77.779 -78.595 -79.419
 -67.230 -67.875 -68.538 -69.216 -69.911 -70.620 -71.344 -72.082 -72.832 -73.596 -74.371 -75.157 -75.953 -76.759 -77.573 -78.394 -79.222
 -66.928 -67.580 -68.249 -68.935 -69.636 -70.352 -71.082 -71.826 -72.583 -73.353 -74.134 -74.926 -75.728 -76.539 -77.358 -78.184 -79.015
 -66.624 -67.282 -67.957 -68.649 -69.356 -70.078 -70.815 -71.566 -72.329 -73.104 -73.891 -74.688 -75.496 -76.311 -77.135 -77.964 -78.798
 -66.317 -66.981 -67.662 -68.359 -69.073 -69.801 -70.544 -71.300 -72.069 -72.849 -73.641 -74.444 -75.256 -76.076 -76.903 -77.735 -78.571
 -66.006 -66.676 -67.363 -68.066 -68.785 -69.519 -70.267 -71.029 -71.804 -72.589 -73.386 -74.193 -75.009 -75.833 -76.663 -77.498 -78.335
 -65.693 -66.368 -67.061 -67.770 -68.494 -69.234 -69.987 -70.754 -71.534 -72.325 -73.125 -73.937 -74.757 -75.583 -76.416 -77.253 -78.090
 -65.377 -66.058 -66.755 -67.470 -68.199 -68.944 -69.703 -70.475 -71.259 -72.054 -72.859 -73.674 -74.497 -75.327 -76.162 -76.999 -77.838
 -65.058 -65.744 -66.447 -67.166 -67.901 -68.651 -69.414 -70.191 -70.980 -71.779 -72.588 -73.407 -74.233 -75.065 -75.901 -76.739 -77.578
 -64.737 -65.428 -66.136 -66.860 -67.600 -68.354 -69.122 -69.903 -70.696 -71.500 -72.313 -73.133 -73.962 -74.796 -75.634 -76.472 -77.310
 -64.413 -65.109 -65.821 -66.550 -67.295 -68.054 -68.826 -69.612 -70.408 -71.216 -72.032 -72.855 -73.686 -74.522 -75.360 -76.199 -77.036
 -64.087 -64.787 -65.504 -66.238 -66.987 -67.750 -68.527 -69.316 -70.117 -70.927 -71.747 -72.573 -73.406 -74.242 -75.081 -75.920 -76.755
 -63.758 -64.463 -65.185 -65.923 -66.676 -67.444 -68.224 -69.017 -69.821 -70.635 -71.457 -72.286 -73.120 -73.958 -74.797 -75.635 -76.468
 -63.427 -64.136 -64.863 -65.605 -66.362 -67.134 -67.918 -68.715 -69.522 -70.339 -71.164 -71.995 -72.830 -73.668 -74.508 -75.345 -76.176
 -63.094 -63.807 -64.538 -65.284 -66.046 -66.821 -67.609 -68.409 -69.219 -70.039 -70.866 -71.699 -72.535 -73.374 -74.214 -75.049 -75.879
 -62.759 -63.476 -64.211 -64.961 -65.726 -66.505 -67.297 -68.100 -68.913 -69.735 -70.565 -71.399 -72.237 -73.076 -73.915 -74.749 -75.576
 -62.421 -63.143 -63.881 -64.635 -65.404 -66.187 -66.982 -67.788 -68.604 -69.429 -70.260 -71.096 -71.935 -72.773 -73.612 -74.445 -75.269
 -62.081 -62.807 -63.549 -64.307 -65.080 -65.866 -66.664 -67.473 -68.292 -69.118 -69.951 -70.789 -71.628 -72.468 -73.304 -74.136 -74.958
 -61.740 -62.469 -63.215 -63.977 -64.753 -65.542 -66.343 -67.155 -67.976 -68.805 -69.639 -70.478 -71.318 -72.158 -72.993 -73.823 -74.642
 -61.396 -62.130 -62.879 -63.644 -64.424 -65.216 -66.020 -66.835 -67.658 -68.489 -69.325 -70.164 -71.005 -71.844 -72.678 -73.506 -74.323
 -61.051 -61.788 -62.541 -63.309 -64.092 -64.887 -65.694 -66.511 -67.337 -68.169 -69.007 -69.847 -70.688 -71.527 -72.361 -73.186 -74.000
 -60.704 -61.444 -62.201 -62.972 -63.758 -64.556 -65.366 -66.185 -67.013 -67.847 -68.686 -69.527 -70.368 -71.206 -72.039 -72.862 -73.673
 -60.355 -61.099 -61.859 -62.633 -63.422 -64.223 -65.035 -65.857 -66.686 -67.522 -68.362 -69.204 -70.045 -70.883 -71.714 -72.535 -73.343
 -60.004 -60.751 -61.514 -62.292 -63.084 -63.888 -64.702 -65.526 -66.357 -67.195 -68.035 -68.878 -69.719 -70.556 -71.386 -72.206 -73.010
 -59.651 -60.402 -61.168 -61.949 -62.744 -63.550 -64.367 -65.193 -66.026 -66.865 -67.706 -68.549 -69.390 -70.227 -71.055 -71.873 -72.674
 -59.297 -60.051 -60.820 -61.604 -62.401 -63.210 -64.030 -64.858 -65.692 -66.532 -67.375 -68.218 -69.058 -69.894 -70.722 -71.537 -72.336
 -58.941 -59.698 -60.471 -61.257 -62.057 -62.869 -63.690 -64.520 -65.356 -66.197 -67.040 -67.884 -68.724 -69.559 -70.385 -71.198 -71.994
 -58.584 -59.344 -60.119 -60.909 -61.711 -62.525 -63.349 -64.180 -65.018 -65.860 -66.704 -67.548 -68.388 -69.222 -70.046 -70.857 -71.650
 -58.225 -58.988 -59.766 -60.558 -61.363 -62.179 -63.005 -63.838 -64.678 -65.521 -66.365 -67.209 -68.049 -68.882 -69.705 -70.514 -71.304
 -57.864 -58.630 -59.411 -60.206 -61.014 -61.832 -62.659 -63.495 -64.335 -65.179 -66.024 -66.868 -67.708 -68.540 -69.361 -70.168 -70.955
 -57.502 -58.271 -59.055 -59.852 -60.662 -61.483 -62.312 -63.149 -63.991 -64.836 -65.681 -66.525 -67.364 -68.196 -69.015 -69.820 -70.604
 -57.139 -57.910 -58.697 -59.497 -60.309 -61.132 -61.963 -62.801 -63.644 -64.490 -65.336 -66.180 -67.019 -67.849 -68.667 -69.469 -70.251
 -56.774 -57.548 -58.337 -59.140 -59.954 -60.779 -61.612 -62.452 -63.296 -64.143 -64.989 -65.833 -66.671 -67.500 -68.317 -69.117 -69.896
 -56.407 -57.184 -57.976 -58.781 -59.598 -60.424 -61.259 -62.100 -62.946 -63.793 -64.640 -65.484 -66.322 -67.150 -67.965 -68.763 -69.539
 -56.039 -56.819 -57.613 -58.421 -59.240 -60.068 -60.905 -61.747 -62.594 -63.442 -64.289 -65.133 -65.970 -66.797 -67.611 -68.407 -69.180
 -55.670 -56.452 -57.249 -58.059 -58.880 -59.710 -60.549 -61.393 -62.240 -63.089 -63.937 -64.780 -65.617 -66.443 -67.255 -68.048 -68.819
