  124.111  123.806  123.513  123.230  122.955  122.689  122.431  122.182  121.942  121.711  121.491  121.281  121.083  120.898  120.727  120.573  120.437
  123.792  123.437  123.087  122.744  122.407  122.077  121.753  121.437  121.130  120.831  120.542  120.264  119.997  119.743  119.501  119.275  119.064
  123.567  123.151  122.740  122.334  121.932  121.537  121.149  120.768  120.395  120.031  119.677  119.334  119.003  118.684  118.380  118.090  117.816
  123.417  122.940  122.466  121.996  121.532  121.073  120.621  120.177  119.741  119.314  118.898  118.492  118.099  117.720  117.354  117.005  116.672
  123.306  122.768  122.233  121.703  121.177  120.657  120.143  119.635  119.138  118.650  118.173  117.707  117.254  116.815  116.392  115.984  115.594
  123.214  122.617  122.023  121.433  120.848  120.269  119.696  119.131  118.574  118.027  117.492  116.967  116.454  115.958  115.477  115.012  114.566
  123.135  122.482  121.831  121.184  120.542  119.905  119.275  118.653  118.039  117.435  116.843  116.262  115.694  115.141  114.604  114.083  113.581
  123.066  122.358  121.653  120.951  120.254  119.562  118.877  118.199  117.530  116.871  116.223  115.588  114.965  114.357  113.766  113.191  112.636
  123.005  122.245  121.486  120.732  119.981  119.236  118.498  117.767  117.045  116.332  115.631  114.941  114.266  113.604  112.959  112.332  111.723
  122.950  122.139  121.330  120.524  119.722  118.926  118.136  117.354  116.580  115.816  115.062  114.321  113.593  112.880  112.183  111.503  110.842
  122.900  122.039  121.181  120.326  119.475  118.630  117.790  116.958  116.134  115.320  114.516  113.724  112.946  112.182  111.434  110.703  109.991
  122.983  122.074  121.168  120.266  119.368  118.475  117.590  116.711  115.841  114.981  114.132  113.295  112.471  111.661  110.868  110.091  109.334
  123.143  122.184  121.229  120.278  119.333  118.394  117.463  116.539  115.624  114.720  113.826  112.944  112.076  111.223  110.385  109.565  108.764
  123.349  122.339  121.333  120.334  119.342  118.356  117.379  116.410  115.450  114.501  113.563  112.638  111.726  110.829  109.949  109.085  108.241
  123.597  122.533  121.477  120.428  119.388  118.355  117.332  116.317  115.313  114.320  113.339  112.370  111.415  110.475  109.551  108.645  107.758
  123.709  122.599  121.497  120.404  119.319  118.244  117.177  116.120  115.073  114.038  113.014  112.002  111.005  110.022  109.055  108.105  107.174
  123.572  122.428  121.292  120.164  119.043  117.931  116.827  115.732  114.646  113.571  112.507  111.455  110.416  109.391  108.380  107.386  106.409
  123.449  122.273  121.103  119.940  118.785  117.636  116.496  115.364  114.241  113.128  112.025  110.933  109.854  108.787  107.735  106.698  105.677
  123.339  122.130  120.928  119.731  118.541  117.358  116.183  115.015  113.855  112.704  111.564  110.433  109.315  108.208  107.115  106.036  104.973
  123.240  122.000  120.765  119.535  118.312  117.095  115.884  114.681  113.486  112.299  111.122  109.954  108.797  107.652  106.519  105.400  104.296
  123.150  121.878  120.612  119.350  118.094  116.844  115.600  114.363  113.133  111.911  110.697  109.493  108.299  107.116  105.945  104.787  103.642
  123.068  121.766  120.468  119.175  117.887  116.604  115.328  114.057  112.793  111.537  110.289  109.050  107.820  106.600  105.391  104.194  103.011
  122.992  121.660  120.332  119.009  117.689  116.375  115.067  113.764  112.467  111.178  109.896  108.622  107.357  106.101  104.856  103.622  102.400
  122.923  121.561  120.204  118.850  117.501  116.156  114.816  113.482  112.153  110.831  109.516  108.208  106.909  105.619  104.338  103.068  101.809
  122.858  121.468  120.082  118.699  117.320  115.945  114.575  113.210  111.850  110.496  109.149  107.809  106.476  105.152  103.837  102.532  101.237
  122.798  121.381  119.966  118.554  117.147  115.743  114.343  112.948  111.557  110.173  108.794  107.422  106.057  104.700  103.351  102.011  100.681
  122.743  121.298  119.855  118.416  116.980  115.547  114.119  112.694  111.274  109.860  108.451  107.048  105.651  104.262  102.880  101.507  100.142
  122.691  121.219  119.750  118.283  116.820  115.359  113.902  112.449  111.001  109.557  108.118  106.684  105.257  103.836  102.423  101.016   99.618
  122.643  121.145  119.649  118.156  116.665  115.178  113.693  112.212  110.735  109.263  107.795  106.332  104.874  103.423  101.978  100.540   99.109
  122.598  121.074  119.553  118.033  116.516  115.002  113.491  111.983  110.478  108.978  107.481  105.989  104.503  103.021  101.546  100.077   98.614
  122.555  121.007  119.460  117.915  116.372  114.832  113.295  111.760  110.229  108.701  107.177  105.657  104.141  102.631  101.126   99.626   98.132
  122.516  120.943  119.371  117.801  116.234  114.668  113.105  111.544  109.986  108.432  106.881  105.333  103.790  102.251  100.717   99.187   97.663
  122.479  120.881  119.286  117.692  116.099  114.509  112.920  111.334  109.751  108.170  106.592  105.018  103.448  101.881  100.318   98.760   97.206
  122.444  120.823  119.204  117.586  115.969  114.354  112.741  111.130  109.522  107.916  106.312  104.712  103.114  101.520   99.930   98.343   96.760
  122.411  120.767  119.125  117.483  115.843  114.204  112.567  110.932  109.299  107.668  106.039  104.413  102.789  101.169   99.551   97.937   96.326
  122.380  120.714  119.048  117.384  115.721  114.059  112.398  110.739  109.082  107.426  105.773  104.122  102.473  100.826   99.182   97.541   95.902
  122.352  120.663  118.975  117.288  115.602  113.917  112.234  110.551  108.870  107.191  105.514  103.838  102.164  100.492   98.822   97.154   95.488
  122.324  120.614  118.904  117.195  115.487  113.780  112.074  110.368  108.664  106.962  105.260  103.560  101.862  100.165   98.470   96.776   95.083
  122.299  120.567  118.836  117.105  115.375  113.646  111.918  110.190  108.464  106.738  105.013  103.290  101.567   99.846   98.126   96.407   94.688
  122.275  120.523  118.770  117.018  115.267  113.516  111.766  110.016  108.268  106.519  104.772  103.026  101.280   99.535   97.790   96.046   94.302
  122.253  120.480  118.707  116.934  115.161  113.389  111.618  109.847  108.076  106.306  104.536  102.767  100.998   99.230   97.461   95.693   93.924
  122.232  120.439  118.645  116.852  115.059  113.266  111.474  109.681  107.889  106.098  104.306  102.515  100.723   98.932   97.140   95.348   93.555
  122.213  120.399  118.586  116.772  114.959  113.146  111.333  109.520  107.707  105.894  104.081  102.268  100.454   98.640   96.826   95.010   93.193
  122.195  120.362  118.528  116.695  114.862  113.029  111.195  109.362  107.528  105.695  103.861  102.026  100.191   98.355   96.518   94.679   92.839
  122.178  120.325  118.473  116.620  114.767  112.914  111.061  109.208  107.354  105.500  103.645  101.790   99.933   98.076   96.216   94.355   92.492
  122.162  120.291  118.419  116.547  114.675  112.803  110.930  109.057  107.183  105.309  103.434  101.558   99.681   97.802   95.921   94.038   92.153
  122.148  120.258  118.367  116.476  114.585  112.694  110.802  108.909  107.016  105.122  103.227  101.331   99.433   97.534   95.632   93.727   91.819
  122.135  120.226  118.317  116.407  114.497  112.587  110.677  108.765  106.853  104.940  103.025  101.109   99.191   97.271   95.348   93.422   91.493
  122.123  120.195  118.268  116.340  114.412  112.483  110.554  108.624  106.693  104.760  102.827  100.891   98.953   97.013   95.069   93.123   91.172
  122.111  120.166  118.221  116.275  114.329  112.382  110.434  108.486  106.536  104.585  102.632  100.677   98.720   96.760   94.796   92.829   90.858
  122.101  120.138  118.175  116.212  114.248  112.283  110.317  108.350  106.382  104.413  102.441  100.467   98.491   96.511   94.528   92.541   90.549
  122.092  120.112  118.131  116.150  114.168  112.186  110.202  108.218  106.232  104.244  102.254  100.262   98.266   96.268   94.265   92.258   90.246
  122.084  120.086  118.088  116.090  114.091  112.091  110.090  108.088  106.084  104.078  102.070  100.060   98.046   96.028   94.007   91.980   89.948
  122.077  120.062  118.047  116.031  114.015  111.998  109.980  107.961  105.939  103.916  101.890   99.861   97.829   95.793   93.753   91.707   89.655
  122.070  120.039  118.007  115.975  113.942  111.908  109.872  107.836  105.797  103.756  101.713   99.666   97.616   95.562   93.503   91.438   89.368
  122.065  120.017  117.968  115.919  113.869  111.819  109.767  107.713  105.657  103.599  101.539   99.475   97.407   95.335   93.257   91.175   89.085
  122.060  119.996  117.931  115.865  113.799  111.732  109.663  107.593  105.520  103.446  101.368   99.286   97.201   95.111   93.016   90.915   88.807
  122.056  119.976  117.894  115.813  113.730  111.647  109.562  107.475  105.386  103.294  101.200   99.101   96.999   94.892   92.779   90.659   88.533
  122.054  119.957  117.859  115.762  113.663  111.563  109.462  107.359  105.254  103.146  101.034   98.919   96.800   94.675   92.545   90.408   88.263
  122.052  119.939  117.825  115.712  113.597  111.482  109.365  107.245  105.124  103.000  100.872   98.740   96.604   94.463   92.315   90.160   87.998
  122.050  119.922  117.793  115.663  113.533  111.402  109.269  107.134  104.996  102.856  100.712   98.564   96.411   94.253   92.088   89.917   87.737
  122.050  119.905  117.761  115.616  113.470  111.323  109.175  107.024  104.871  102.715  100.555   98.390   96.221   94.047   91.865   89.677   87.479
  122.050  119.890  117.730  115.570  113.409  111.246  109.082  106.916  104.747  102.575  100.400   98.220   96.034   93.843   91.645   89.440   87.225
  122.051  119.876  117.701  115.525  113.349  111.171  108.992  106.810  104.626  102.439  100.247   98.051   95.850   93.643   91.429   89.207   86.975
  122.053  119.863  117.672  115.482  113.290  111.097  108.903  106.706  104.507  102.304  100.097   97.885   95.669   93.445   91.215   88.977   86.729
  122.056  119.850  117.645  115.439  113.233  111.025  108.815  106.604  104.389  102.171   99.949   97.722   95.490   93.251   91.004   88.750   86.485
  122.059  119.839  117.618  115.398  113.176  110.954  108.730  106.503  104.273  102.040   99.803   97.561   95.313   93.059   90.797   88.526   86.245
  122.063  119.828  117.593  115.357  113.121  110.884  108.645  106.404  104.159  101.911   99.659   97.402   95.139   92.869   90.592   88.305   86.008
  122.068  119.818  117.568  115.318  113.068  110.816  108.562  106.306  104.047  101.785   99.518   97.245   94.967   92.682   90.389   88.087   85.774
  122.074  119.809  117.545  115.280  113.015  110.749  108.481  106.210  103.937  101.659   99.378   97.091   94.798   92.498   90.189   87.872   85.543
  122.080  119.800  117.522  115.243  112.964  110.683  108.401  106.116  103.828  101.536   99.240   96.938   94.631   92.316   89.992   87.659   85.315
  122.087  119.793  117.500  115.207  112.913  110.618  108.322  106.023  103.720  101.414   99.104   96.788   94.465   92.136   89.797   87.449   85.090
  122.094  119.786  117.479  115.172  112.864  110.555  108.244  105.931  103.615  101.294   98.970   96.639   94.302   91.958   89.605   87.241   84.867
  122.103  119.780  117.459  115.137  112.816  110.493  108.168  105.841  103.510  101.176   98.837   96.492   94.141   91.782   89.414   87.036   84.646
  122.112  119.775  117.440  115.104  112.768  110.432  108.093  105.752  103.407  101.059   98.706   96.347   93.982   91.608   89.226   86.833   84.428
  122.122  119.771  117.421  115.072  112.722  110.372  108.019  105.664  103.306  100.944   98.577   96.204   93.824   91.437   89.040   86.633   84.213
