 -74.197 -74.181 -74.174 -74.173 -74.180 -74.192 -74.211 -74.235 -74.264 -74.299 -74.339 -74.384 -74.435 -74.491 -74.554 -74.623 -74.699
 -73.673 -73.668 -73.669 -73.678 -73.693 -73.713 -73.740 -73.773 -73.811 -73.855 -73.904 -73.959 -74.019 -74.084 -74.155 -74.231 -74.313
 -73.186 -73.186 -73.193 -73.207 -73.228 -73.255 -73.289 -73.329 -73.376 -73.428 -73.487 -73.552 -73.622 -73.698 -73.780 -73.868 -73.961
 -72.734 -72.737 -72.748 -72.766 -72.792 -72.825 -72.865 -72.912 -72.967 -73.028 -73.096 -73.170 -73.251 -73.339 -73.432 -73.532 -73.638
 -72.301 -72.306 -72.319 -72.341 -72.371 -72.409 -72.455 -72.508 -72.569 -72.639 -72.716 -72.800 -72.891 -72.990 -73.096 -73.208 -73.327
 -71.875 -71.882 -71.898 -71.923 -71.957 -72.000 -72.051 -72.112 -72.180 -72.258 -72.343 -72.437 -72.537 -72.647 -72.764 -72.888 -73.020
 -71.454 -71.463 -71.481 -71.509 -71.547 -71.594 -71.651 -71.718 -71.794 -71.878 -71.972 -72.075 -72.187 -72.307 -72.435 -72.570 -72.715
 -71.038 -71.047 -71.068 -71.099 -71.140 -71.192 -71.254 -71.326 -71.409 -71.501 -71.603 -71.715 -71.836 -71.966 -72.105 -72.253 -72.410
 -70.624 -70.635 -70.657 -70.691 -70.736 -70.792 -70.859 -70.937 -71.025 -71.125 -71.234 -71.355 -71.485 -71.625 -71.775 -71.934 -72.103
 -70.212 -70.224 -70.248 -70.284 -70.333 -70.393 -70.464 -70.548 -70.642 -70.749 -70.866 -70.994 -71.133 -71.283 -71.443 -71.614 -71.794
 -69.802 -69.815 -69.841 -69.879 -69.931 -69.994 -70.071 -70.159 -70.260 -70.373 -70.497 -70.633 -70.781 -70.940 -71.110 -71.291 -71.483
 -69.524 -69.536 -69.563 -69.602 -69.656 -69.722 -69.802 -69.895 -70.001 -70.120 -70.252 -70.396 -70.552 -70.721 -70.902 -71.094 -71.298
 -69.313 -69.324 -69.350 -69.390 -69.444 -69.513 -69.596 -69.694 -69.805 -69.930 -70.069 -70.221 -70.387 -70.565 -70.757 -70.962 -71.179
 -69.142 -69.150 -69.175 -69.215 -69.270 -69.341 -69.427 -69.529 -69.645 -69.776 -69.922 -70.083 -70.258 -70.447 -70.650 -70.868 -71.100
 -69.007 -69.011 -69.034 -69.073 -69.129 -69.202 -69.291 -69.396 -69.518 -69.655 -69.808 -69.977 -70.162 -70.362 -70.578 -70.810 -71.057
 -68.764 -68.767 -68.789 -68.829 -68.886 -68.961 -69.053 -69.163 -69.289 -69.432 -69.592 -69.769 -69.962 -70.171 -70.397 -70.640 -70.900
 -68.315 -68.321 -68.345 -68.388 -68.449 -68.527 -68.624 -68.737 -68.868 -69.016 -69.181 -69.363 -69.562 -69.778 -70.010 -70.259 -70.526
 -67.873 -67.881 -67.908 -67.954 -68.017 -68.099 -68.199 -68.317 -68.452 -68.604 -68.775 -68.962 -69.167 -69.388 -69.627 -69.883 -70.156
 -67.437 -67.447 -67.476 -67.524 -67.590 -67.675 -67.778 -67.900 -68.039 -68.197 -68.372 -68.565 -68.775 -69.003 -69.248 -69.510 -69.790
 -67.005 -67.016 -67.047 -67.098 -67.167 -67.255 -67.362 -67.487 -67.630 -67.792 -67.972 -68.170 -68.386 -68.619 -68.871 -69.139 -69.426
 -66.576 -66.590 -66.622 -66.675 -66.747 -66.837 -66.947 -67.076 -67.224 -67.390 -67.575 -67.778 -67.999 -68.238 -68.496 -68.771 -69.064
 -66.151 -66.166 -66.200 -66.255 -66.329 -66.423 -66.536 -66.668 -66.820 -66.990 -67.179 -67.387 -67.614 -67.859 -68.122 -68.403 -68.703
 -65.729 -65.745 -65.781 -65.837 -65.914 -66.010 -66.126 -66.262 -66.417 -66.592 -66.785 -66.998 -67.230 -67.480 -67.750 -68.037 -68.343
 -65.308 -65.326 -65.363 -65.422 -65.500 -65.599 -65.718 -65.857 -66.016 -66.195 -66.393 -66.610 -66.847 -67.103 -67.378 -67.672 -67.984
 -64.890 -64.908 -64.948 -65.008 -65.088 -65.190 -65.312 -65.454 -65.616 -65.799 -66.001 -66.223 -66.465 -66.726 -67.007 -67.306 -67.625
 -64.474 -64.493 -64.533 -64.595 -64.678 -64.782 -64.906 -65.052 -65.218 -65.404 -65.611 -65.837 -66.084 -66.350 -66.636 -66.941 -67.266
 -64.059 -64.079 -64.121 -64.184 -64.269 -64.375 -64.502 -64.651 -64.820 -65.010 -65.221 -65.452 -65.703 -65.974 -66.266 -66.577 -66.907
 -63.645 -63.666 -63.709 -63.774 -63.861 -63.969 -64.099 -64.250 -64.423 -64.617 -64.831 -65.067 -65.323 -65.599 -65.895 -66.212 -66.548
 -63.232 -63.254 -63.299 -63.365 -63.454 -63.564 -63.697 -63.851 -64.027 -64.224 -64.442 -64.682 -64.942 -65.223 -65.525 -65.847 -66.189
 -62.821 -62.844 -62.889 -62.957 -63.047 -63.160 -63.295 -63.452 -63.631 -63.831 -64.054 -64.297 -64.562 -64.848 -65.155 -65.482 -65.829
 -62.410 -62.434 -62.480 -62.550 -62.642 -62.756 -62.894 -63.053 -63.235 -63.439 -63.665 -63.913 -64.182 -64.472 -64.784 -65.116 -65.469
 -62.001 -62.025 -62.072 -62.143 -62.237 -62.353 -62.493 -62.655 -62.840 -63.047 -63.277 -63.529 -63.802 -64.097 -64.413 -64.751 -65.109
 -61.591 -61.616 -61.665 -61.737 -61.832 -61.951 -62.093 -62.258 -62.445 -62.656 -62.889 -63.144 -63.422 -63.721 -64.042 -64.385 -64.748
 -61.183 -61.208 -61.258 -61.331 -61.428 -61.549 -61.693 -61.860 -62.051 -62.264 -62.501 -62.760 -63.042 -63.345 -63.671 -64.018 -64.387
 -60.775 -60.801 -60.851 -60.926 -61.024 -61.147 -61.293 -61.463 -61.656 -61.873 -62.113 -62.376 -62.661 -62.969 -63.299 -63.651 -64.025
 -60.367 -60.394 -60.445 -60.521 -60.621 -60.745 -60.894 -61.066 -61.262 -61.482 -61.725 -61.991 -62.281 -62.593 -62.927 -63.284 -63.662
 -59.960 -59.988 -60.040 -60.117 -60.218 -60.344 -60.494 -60.669 -60.868 -61.091 -61.337 -61.607 -61.900 -62.216 -62.555 -62.916 -63.299
 -59.554 -59.581 -59.634 -59.712 -59.815 -59.943 -60.095 -60.272 -60.474 -60.699 -60.949 -61.222 -61.519 -61.839 -62.182 -62.548 -62.936
 -59.147 -59.176 -59.229 -59.308 -59.413 -59.542 -59.696 -59.876 -60.080 -60.308 -60.561 -60.837 -61.138 -61.462 -61.809 -62.179 -62.572
 -58.741 -58.770 -58.824 -58.905 -59.010 -59.141 -59.297 -59.479 -59.685 -59.917 -60.172 -60.452 -60.756 -61.084 -61.435 -61.810 -62.207
 -58.335 -58.365 -58.420 -58.501 -58.608 -58.740 -58.899 -59.082 -59.291 -59.525 -59.784 -60.067 -60.375 -60.706 -61.061 -61.440 -61.842
 -57.930 -57.959 -58.015 -58.097 -58.206 -58.340 -58.500 -58.686 -58.897 -59.133 -59.395 -59.681 -59.992 -60.328 -60.687 -61.070 -61.476
 -57.524 -57.554 -57.611 -57.694 -57.803 -57.939 -58.101 -58.289 -58.502 -58.742 -59.006 -59.296 -59.610 -59.949 -60.312 -60.699 -61.109
 -57.119 -57.149 -57.207 -57.291 -57.401 -57.539 -57.702 -57.892 -58.108 -58.350 -58.617 -58.910 -59.227 -59.570 -59.937 -60.327 -60.742
 -56.714 -56.745 -56.803 -56.887 -56.999 -57.138 -57.303 -57.495 -57.713 -57.958 -58.228 -58.523 -58.844 -59.190 -59.561 -59.955 -60.374
 -56.309 -56.340 -56.398 -56.484 -56.597 -56.737 -56.904 -57.098 -57.319 -57.565 -57.838 -58.137 -58.461 -58.810 -59.184 -59.583 -60.006
 -55.904 -55.935 -55.994 -56.081 -56.195 -56.337 -56.505 -56.701 -56.924 -57.173 -57.448 -57.750 -58.077 -58.430 -58.808 -59.210 -59.637
 -55.498 -55.530 -55.590 -55.678 -55.793 -55.936 -56.106 -56.304 -56.529 -56.780 -57.058 -57.363 -57.693 -58.049 -58.430 -58.836 -59.267
 -55.093 -55.126 -55.186 -55.274 -55.391 -55.535 -55.707 -55.907 -56.133 -56.387 -56.668 -56.975 -57.309 -57.668 -58.053 -58.462 -58.897
 -54.688 -54.721 -54.782 -54.871 -54.989 -55.134 -55.308 -55.509 -55.738 -55.994 -56.277 -56.588 -56.924 -57.286 -57.675 -58.088 -58.526
 -54.283 -54.316 -54.378 -54.468 -54.586 -54.733 -54.908 -55.111 -55.342 -55.601 -55.887 -56.199 -56.539 -56.904 -57.296 -57.713 -58.155
 -53.878 -53.911 -53.973 -54.064 -54.184 -54.332 -54.509 -54.713 -54.946 -55.207 -55.495 -55.811 -56.153 -56.522 -56.917 -57.337 -57.783
 -53.473 -53.506 -53.569 -53.660 -53.781 -53.931 -54.109 -54.315 -54.550 -54.813 -55.104 -55.422 -55.767 -56.139 -56.537 -56.961 -57.410
 -53.068 -53.101 -53.164 -53.257 -53.378 -53.529 -53.709 -53.917 -54.154 -54.419 -54.712 -55.033 -55.381 -55.756 -56.157 -56.584 -57.037
 -52.663 -52.696 -52.760 -52.853 -52.975 -53.127 -53.308 -53.519 -53.757 -54.025 -54.320 -54.643 -54.994 -55.372 -55.777 -56.207 -56.664
 -52.257 -52.291 -52.355 -52.449 -52.572 -52.725 -52.908 -53.120 -53.360 -53.630 -53.928 -54.254 -54.607 -54.988 -55.396 -55.830 -56.289
 -51.852 -51.886 -51.950 -52.045 -52.169 -52.323 -52.507 -52.721 -52.963 -53.235 -53.535 -53.863 -54.220 -54.603 -55.014 -55.451 -55.915
 -51.446 -51.480 -51.545 -51.640 -51.766 -51.921 -52.106 -52.321 -52.566 -52.839 -53.142 -53.473 -53.832 -54.218 -54.632 -55.073 -55.539
 -51.040 -51.075 -51.140 -51.236 -51.362 -51.519 -51.705 -51.922 -52.168 -52.444 -52.748 -53.082 -53.443 -53.833 -54.250 -54.693 -55.164
 -50.634 -50.669 -50.734 -50.831 -50.958 -51.116 -51.304 -51.522 -51.770 -52.048 -52.355 -52.690 -53.055 -53.447 -53.867 -54.314 -54.787
 -50.228 -50.263 -50.329 -50.426 -50.554 -50.713 -50.902 -51.122 -51.372 -51.651 -51.961 -52.299 -52.665 -53.061 -53.483 -53.933 -54.410
 -49.822 -49.857 -49.923 -50.021 -50.150 -50.310 -50.500 -50.722 -50.973 -51.255 -51.566 -51.907 -52.276 -52.674 -53.099 -53.553 -54.033
 -49.415 -49.450 -49.517 -49.615 -49.745 -49.906 -50.098 -50.321 -50.574 -50.858 -51.171 -51.514 -51.886 -52.287 -52.715 -53.171 -53.655
 -49.008 -49.044 -49.111 -49.210 -49.340 -49.502 -49.696 -49.920 -50.175 -50.460 -50.776 -51.121 -51.496 -51.899 -52.330 -52.790 -53.276
 -48.602 -48.637 -48.704 -48.804 -48.935 -49.098 -49.293 -49.519 -49.775 -50.063 -50.380 -50.728 -51.105 -51.511 -51.945 -52.407 -52.897
 -48.194 -48.230 -48.298 -48.398 -48.530 -48.694 -48.890 -49.117 -49.375 -49.665 -49.984 -50.334 -50.714 -51.122 -51.559 -52.025 -52.517
 -47.787 -47.822 -47.891 -47.991 -48.124 -48.289 -48.486 -48.715 -48.975 -49.266 -49.588 -49.940 -50.322 -50.733 -51.173 -51.641 -52.137
 -47.379 -47.415 -47.483 -47.584 -47.718 -47.884 -48.083 -48.313 -48.575 -48.868 -49.191 -49.546 -49.930 -50.344 -50.786 -51.258 -51.757
 -46.971 -47.007 -47.076 -47.177 -47.312 -47.479 -47.679 -47.910 -48.174 -48.468 -48.794 -49.151 -49.537 -49.954 -50.399 -50.873 -51.375
 -46.563 -46.599 -46.668 -46.770 -46.905 -47.074 -47.274 -47.507 -47.772 -48.069 -48.397 -48.755 -49.144 -49.563 -50.012 -50.488 -50.994
 -46.155 -46.190 -46.260 -46.362 -46.499 -46.668 -46.869 -47.104 -47.370 -47.669 -47.999 -48.360 -48.751 -49.172 -49.623 -50.103 -50.611
 -45.746 -45.782 -45.851 -45.955 -46.091 -46.261 -46.464 -46.700 -46.968 -47.269 -47.600 -47.963 -48.357 -48.781 -49.235 -49.717 -50.229
 -45.337 -45.373 -45.443 -45.546 -45.684 -45.855 -46.059 -46.296 -46.566 -46.868 -47.202 -47.567 -47.963 -48.389 -48.846 -49.331 -49.845
 -44.928 -44.963 -45.033 -45.138 -45.276 -45.448 -45.653 -45.892 -46.163 -46.467 -46.803 -47.170 -47.568 -47.997 -48.456 -48.944 -49.462
 -44.518 -44.554 -44.624 -44.729 -44.868 -45.040 -45.247 -45.487 -45.760 -46.065 -46.403 -46.772 -47.173 -47.604 -48.066 -48.557 -49.077
 -44.108 -44.144 -44.214 -44.319 -44.459 -44.633 -44.840 -45.082 -45.356 -45.663 -46.003 -46.374 -46.777 -47.211 -47.675 -48.169 -48.692
