 -100.434 -100.422 -100.395 -100.357 -100.311 -100.258 -100.200 -100.135 -100.066  -99.993  -99.915  -99.834  -99.749  -99.661  -99.570  -99.476  -99.379  -99.280  -99.178  -99.073  -98.964  -98.850  -98.725
 -101.005 -100.958 -100.903 -100.839 -100.769 -100.692 -100.609 -100.520 -100.425 -100.326 -100.222 -100.114 -100.002  -99.887  -99.769  -99.648  -99.524  -99.398  -99.271  -99.142  -99.011  -98.880  -98.746
 -101.527 -101.461 -101.386 -101.303 -101.211 -101.112 -101.006 -100.895 -100.777 -100.652 -100.522 -100.387 -100.248 -100.105  -99.958  -99.808  -99.656  -99.502  -99.346  -99.189  -99.031  -98.873  -98.715
 -102.024 -101.941 -101.849 -101.747 -101.638 -101.518 -101.391 -101.255 -101.112 -100.962 -100.806 -100.644 -100.477 -100.306 -100.130  -99.951  -99.769  -99.585  -99.400  -99.213  -99.026  -98.839  -98.652
 -102.510 -102.413 -102.306 -102.187 -102.057 -101.917 -101.767 -101.609 -101.442 -101.267 -101.084 -100.895 -100.700 -100.500 -100.295 -100.086  -99.874  -99.660  -99.444  -99.227  -99.009  -98.792  -98.576
 -102.995 -102.883 -102.759 -102.622 -102.473 -102.313 -102.142 -101.961 -101.770 -101.569 -101.361 -101.144 -100.921 -100.692 -100.457 -100.218  -99.976  -99.730  -99.483  -99.235  -98.986  -98.739  -98.493
 -103.476 -103.351 -103.211 -103.057 -102.890 -102.710 -102.517 -102.313 -102.097 -101.872 -101.637 -101.393 -101.141 -100.882 -100.618 -100.348 -100.074  -99.798  -99.519  -99.239  -98.959  -98.680  -98.403
 -103.957 -103.818 -103.664 -103.493 -103.307 -103.107 -102.893 -102.666 -102.427 -102.175 -101.914 -101.642 -101.361 -101.073 -100.778 -100.477 -100.172  -99.864  -99.553  -99.241  -98.929  -98.618  -98.310
 -104.439 -104.287 -104.117 -103.930 -103.726 -103.507 -103.271 -103.021 -102.757 -102.481 -102.192 -101.892 -101.583 -101.265 -100.939 -100.607 -100.269  -99.928  -99.585  -99.240  -98.896  -98.553  -98.213
 -104.923 -104.758 -104.573 -104.370 -104.148 -103.908 -103.652 -103.379 -103.091 -102.788 -102.472 -102.145 -101.806 -101.457 -101.100 -100.736 -100.367  -99.993  -99.616  -99.239  -98.861  -98.486  -98.113
 -105.408 -105.230 -105.031 -104.811 -104.572 -104.312 -104.035 -103.739 -103.426 -103.098 -102.755 -102.399 -102.030 -101.651 -101.263 -100.867 -100.464 -100.057  -99.647  -99.236  -98.825  -98.416  -98.010
 -105.770 -105.584 -105.375 -105.143 -104.889 -104.614 -104.319 -104.004 -103.671 -103.320 -102.954 -102.573 -102.178 -101.772 -101.356 -100.930 -100.499 -100.061  -99.621  -99.179  -98.737  -98.297  -97.860
 -106.072 -105.880 -105.663 -105.421 -105.155 -104.866 -104.555 -104.223 -103.870 -103.499 -103.111 -102.706 -102.286 -101.854 -101.411 -100.958 -100.497 -100.031  -99.560  -99.088  -98.615  -98.144  -97.677
 -106.339 -106.143 -105.919 -105.668 -105.391 -105.090 -104.764 -104.415 -104.044 -103.653 -103.243 -102.815 -102.371 -101.913 -101.443 -100.963 -100.473  -99.978  -99.477  -98.975  -98.471  -97.969  -97.470
 -106.571 -106.373 -106.144 -105.886 -105.600 -105.287 -104.947 -104.582 -104.194 -103.784 -103.352 -102.902 -102.435 -101.952 -101.455 -100.947 -100.430  -99.905  -99.375  -98.841  -98.307  -97.773  -97.243
 -106.900 -106.697 -106.460 -106.192 -105.894 -105.566 -105.210 -104.827 -104.419 -103.988 -103.533 -103.059 -102.565 -102.055 -101.531 -100.993 -100.446  -99.890  -99.329  -98.764  -98.198  -97.632  -97.069
 -107.421 -107.204 -106.953 -106.669 -106.352 -106.005 -105.629 -105.223 -104.791 -104.333 -103.852 -103.349 -102.825 -102.284 -101.728 -101.158 -100.577  -99.988  -99.393  -98.794  -98.195  -97.596  -97.002
 -107.939 -107.709 -107.444 -107.144 -106.811 -106.445 -106.047 -105.619 -105.163 -104.679 -104.170 -103.638 -103.085 -102.513 -101.924 -101.321 -100.706 -100.083  -99.453  -98.820  -98.186  -97.554  -96.927
 -108.456 -108.214 -107.935 -107.620 -107.270 -106.885 -106.466 -106.016 -105.536 -105.026 -104.490 -103.929 -103.345 -102.741 -102.119 -101.482 -100.833 -100.175  -99.510  -98.842  -98.174  -97.508  -96.847
 -108.971 -108.719 -108.427 -108.097 -107.729 -107.326 -106.887 -106.415 -105.910 -105.374 -104.810 -104.220 -103.605 -102.969 -102.314 -101.643 -100.959 -100.266  -99.565  -98.861  -98.157  -97.456  -96.761
 -109.487 -109.223 -108.919 -108.574 -108.191 -107.769 -107.310 -106.815 -106.286 -105.725 -105.133 -104.513 -103.867 -103.199 -102.510 -101.804 -101.085 -100.355  -99.618  -98.878  -98.138  -97.401  -96.671
 -110.003 -109.729 -109.412 -109.054 -108.654 -108.214 -107.735 -107.218 -106.665 -106.077 -105.457 -104.808 -104.131 -103.429 -102.706 -101.966 -101.210 -100.444  -99.670  -98.892  -98.115  -97.342  -96.576
 -110.520 -110.236 -109.907 -109.535 -109.119 -108.661 -108.162 -107.623 -107.046 -106.432 -105.784 -105.105 -104.396 -103.661 -102.904 -102.127 -101.335 -100.531  -99.720  -98.905  -98.090  -97.279  -96.477
 -111.038 -110.744 -110.404 -110.018 -109.587 -109.111 -108.593 -108.032 -107.430 -106.790 -106.114 -105.404 -104.664 -103.895 -103.103 -102.290 -101.461 -100.619  -99.769  -98.915  -98.062  -97.214  -96.374
 -111.557 -111.254 -110.903 -110.504 -110.058 -109.565 -109.026 -108.443 -107.818 -107.151 -106.447 -105.707 -104.934 -104.131 -103.303 -102.454 -101.586 -100.706  -99.817  -98.924  -98.032  -97.145  -96.268
 -112.077 -111.766 -111.404 -110.992 -110.531 -110.021 -109.463 -108.858 -108.209 -107.516 -106.783 -106.012 -105.206 -104.370 -103.506 -102.618 -101.713 -100.793  -99.864  -98.931  -97.999  -97.073  -96.158
 -112.600 -112.280 -111.907 -111.483 -111.007 -110.480 -109.903 -109.277 -108.603 -107.884 -107.122 -106.321 -105.482 -104.610 -103.710 -102.785 -101.840 -100.880  -99.911  -98.937  -97.965  -96.999  -96.044
 -113.123 -112.795 -112.413 -111.977 -111.487 -110.943 -110.347 -109.699 -109.001 -108.256 -107.465 -106.633 -105.761 -104.854 -103.916 -102.952 -101.968 -100.967  -99.957  -98.942  -97.928  -96.921  -95.927
 -113.649 -113.314 -112.922 -112.474 -111.970 -111.410 -110.794 -110.125 -109.404 -108.632 -107.812 -106.948 -106.043 -105.100 -104.125 -103.122 -102.097 -101.055 -100.002  -98.945  -97.889  -96.841  -95.806
 -114.176 -113.834 -113.433 -112.974 -112.456 -111.880 -111.246 -110.556 -109.810 -109.012 -108.163 -107.267 -106.328 -105.349 -104.336 -103.293 -102.227 -101.143 -100.048  -98.948  -97.849  -96.758  -95.682
 -114.706 -114.357 -113.947 -113.477 -112.946 -112.354 -111.702 -110.990 -110.221 -109.396 -108.518 -107.591 -106.617 -105.602 -104.550 -103.467 -102.359 -101.232 -100.093  -98.949  -97.806  -96.672  -95.554
 -115.237 -114.882 -114.465 -113.984 -113.440 -112.832 -112.162 -111.429 -110.636 -109.785 -108.878 -107.918 -106.910 -105.858 -104.766 -103.642 -102.492 -101.321 -100.138  -98.949  -97.762  -96.584  -95.423
 -115.770 -115.410 -114.985 -114.494 -113.937 -113.314 -112.626 -111.873 -111.056 -110.178 -109.242 -108.250 -107.207 -106.117 -104.986 -103.820 -102.626 -101.411 -100.182  -98.948  -97.715  -96.493  -95.288
 -116.306 -115.940 -115.508 -115.007 -114.438 -113.801 -113.095 -112.321 -111.481 -110.576 -109.610 -108.586 -107.507 -106.380 -105.209 -104.000 -102.762 -101.502 -100.227  -98.946  -97.667  -96.399  -95.149
 -116.844 -116.473 -116.034 -115.524 -114.943 -114.291 -113.568 -112.774 -111.910 -110.979 -109.984 -108.927 -107.813 -106.647 -105.434 -104.183 -102.900 -101.593 -100.271  -98.943  -97.616  -96.302  -95.007
 -117.384 -117.009 -116.563 -116.044 -115.452 -114.786 -114.046 -113.231 -112.345 -111.388 -110.362 -109.272 -108.122 -106.917 -105.664 -104.369 -103.040 -101.686 -100.316  -98.939  -97.564  -96.202  -94.861
 -117.926 -117.547 -117.095 -116.568 -115.965 -115.285 -114.528 -113.694 -112.785 -111.801 -110.746 -109.623 -108.436 -107.192 -105.896 -104.557 -103.181 -101.779 -100.360  -98.933  -97.510  -96.099  -94.710
 -118.470 -118.088 -117.631 -117.096 -116.482 -115.789 -115.016 -114.162 -113.229 -112.219 -111.134 -109.978 -108.755 -107.471 -106.133 -104.748 -103.325 -101.874 -100.404  -98.927  -97.453  -95.993  -94.556
 -119.016 -118.632 -118.170 -117.627 -117.004 -116.298 -115.508 -114.635 -113.680 -112.644 -111.529 -110.339 -109.079 -107.755 -106.373 -104.942 -103.471 -101.969 -100.449  -98.920  -97.395  -95.884  -94.398
 -119.565 -119.178 -118.712 -118.163 -117.529 -116.811 -116.005 -115.114 -114.136 -113.073 -111.929 -110.705 -109.408 -108.043 -106.617 -105.139 -103.619 -102.066 -100.494  -98.912  -97.334  -95.771  -94.236
 -120.116 -119.727 -119.257 -118.701 -118.059 -117.328 -116.508 -115.597 -114.597 -113.509 -112.334 -111.077 -109.742 -108.336 -106.865 -105.339 -103.769 -102.164 -100.538  -98.903  -97.271  -95.656  -94.069
 -120.669 -120.279 -119.805 -119.244 -118.593 -117.851 -117.015 -116.087 -115.065 -113.950 -112.746 -111.454 -110.082 -108.633 -107.117 -105.543 -103.922 -102.264 -100.583  -98.893  -97.206  -95.537  -93.898
 -121.224 -120.834 -120.357 -119.790 -119.131 -118.378 -117.528 -116.582 -115.538 -114.398 -113.163 -111.838 -110.427 -108.936 -107.374 -105.751 -104.077 -102.365 -100.628  -98.881  -97.138  -95.414  -93.722
 -121.781 -121.391 -120.912 -120.340 -119.674 -118.910 -118.047 -117.082 -116.017 -114.851 -113.587 -112.228 -110.778 -109.244 -107.636 -105.962 -104.235 -102.467 -100.673  -98.869  -97.068  -95.288  -93.541
 -122.340 -121.951 -121.470 -120.894 -120.221 -119.447 -118.570 -117.589 -116.502 -115.311 -114.017 -112.623 -111.135 -109.558 -107.902 -106.177 -104.395 -102.571 -100.719  -98.855  -96.996  -95.158  -93.356
 -122.902 -122.513 -122.031 -121.452 -120.773 -119.989 -119.099 -118.101 -116.994 -115.778 -114.454 -113.026 -111.498 -109.877 -108.173 -106.396 -104.559 -102.676 -100.764  -98.840  -96.921  -95.024  -93.165
 -123.465 -123.079 -122.596 -122.014 -121.328 -120.536 -119.634 -118.620 -117.492 -116.251 -114.897 -113.435 -111.867 -110.202 -108.449 -106.619 -104.725 -102.783 -100.810  -98.824  -96.843  -94.886  -92.969
 -124.031 -123.646 -123.164 -122.579 -121.889 -121.088 -120.174 -119.144 -117.996 -116.731 -115.348 -113.850 -112.243 -110.533 -108.730 -106.846 -104.894 -102.892 -100.856  -98.807  -96.763  -94.744  -92.768
 -124.598 -124.217 -123.735 -123.149 -122.454 -121.645 -120.720 -119.675 -118.508 -117.217 -115.805 -114.273 -112.626 -110.871 -109.017 -107.078 -105.067 -103.002 -100.903  -98.788  -96.679  -94.597  -92.561
 -125.168 -124.790 -124.309 -123.722 -123.023 -122.207 -121.271 -120.212 -119.025 -117.711 -116.270 -114.703 -113.016 -111.215 -109.310 -107.314 -105.243 -103.115 -100.949  -98.768  -96.593  -94.446  -92.348
 -125.739 -125.365 -124.887 -124.299 -123.597 -122.775 -121.829 -120.755 -119.550 -118.212 -116.742 -115.140 -113.413 -111.565 -109.608 -107.556 -105.423 -103.229 -100.996  -98.747  -96.504  -94.290  -92.129
 -126.313 -125.943 -125.467 -124.880 -124.175 -123.347 -122.392 -121.305 -120.082 -118.721 -117.222 -115.586 -113.817 -111.922 -109.913 -107.802 -105.606 -103.346 -101.044  -98.724  -96.411  -94.130  -91.904
 -126.888 -126.523 -126.051 -125.464 -124.757 -123.925 -122.961 -121.861 -120.620 -119.237 -117.709 -116.038 -114.229 -112.287 -110.224 -108.053 -105.793 -103.465 -101.091  -98.699  -96.315  -93.964  -91.672
 -127.465 -127.106 -126.637 -126.052 -125.345 -124.508 -123.536 -122.424 -121.166 -119.760 -118.205 -116.499 -114.649 -112.659 -110.541 -108.310 -105.984 -103.585 -101.139  -98.673  -96.215  -93.793  -91.433
 -128.043 -127.691 -127.227 -126.644 -125.936 -125.096 -124.117 -122.993 -121.720 -120.292 -118.708 -116.969 -115.076 -113.038 -110.866 -108.573 -106.179 -103.709 -101.188  -98.646  -96.112  -93.617  -91.187
 -128.624 -128.279 -127.820 -127.240 -126.532 -125.690 -124.704 -123.570 -122.280 -120.831 -119.220 -117.446 -115.513 -113.426 -111.197 -108.841 -106.379 -103.834 -101.237  -98.616  -96.005  -93.434  -90.934
 -129.206 -128.868 -128.415 -127.839 -127.133 -126.288 -125.297 -124.153 -122.848 -121.379 -119.741 -117.933 -115.958 -113.822 -111.536 -109.115 -106.583 -103.963 -101.286  -98.585  -95.894  -93.246  -90.673
 -129.789 -129.460 -129.014 -128.443 -127.738 -126.892 -125.896 -124.743 -123.424 -121.935 -120.270 -118.428 -116.411 -114.226 -111.882 -109.396 -106.791 -104.094 -101.336  -98.552  -95.779  -93.052  -90.404
 -130.374 -130.054 -129.615 -129.049 -128.347 -127.501 -126.502 -125.340 -124.008 -122.499 -120.808 -118.933 -116.874 -114.638 -112.236 -109.684 -107.005 -104.227 -101.386  -98.517  -95.659  -92.851  -90.127
 -130.961 -130.650 -130.219 -129.659 -128.961 -128.116 -127.113 -125.944 -124.599 -123.072 -121.355 -119.447 -117.347 -115.060 -112.598 -109.978 -107.223 -104.364 -101.436  -98.479  -95.535  -92.643  -89.841
 -131.548 -131.248 -130.826 -130.273 -129.579 -128.735 -127.730 -126.555 -125.199 -123.653 -121.912 -119.971 -117.829 -115.492 -112.969 -110.280 -107.447 -104.504 -101.487  -98.440  -95.406  -92.428  -89.546
 -132.137 -131.848 -131.436 -130.890 -130.202 -129.360 -128.354 -127.173 -125.806 -124.244 -122.478 -120.504 -118.321 -115.933 -113.349 -110.588 -107.676 -104.646 -101.539  -98.398  -95.272  -92.206  -89.242
 -132.728 -132.450 -132.048 -131.511 -130.829 -129.990 -128.984 -127.798 -126.421 -124.843 -123.054 -121.048 -118.824 -116.384 -113.738 -110.905 -107.912 -104.793 -101.591  -98.354  -95.133  -91.976  -88.928
 -133.319 -133.054 -132.663 -132.135 -131.460 -130.625 -129.620 -128.431 -127.045 -125.452 -123.640 -121.603 -119.337 -116.845 -114.137 -111.230 -108.153 -104.942 -101.644  -98.307  -94.988  -91.737  -88.603
 -133.912 -133.660 -133.280 -132.762 -132.095 -131.266 -130.262 -129.071 -127.677 -126.069 -124.236 -122.168 -119.861 -117.317 -114.545 -111.564 -108.401 -105.096 -101.697  -98.258  -94.837  -91.490  -88.268
 -134.505 -134.267 -133.899 -133.392 -132.734 -131.911 -130.911 -129.718 -128.318 -126.697 -124.842 -122.744 -120.397 -117.801 -114.964 -111.906 -108.655 -105.253 -101.750  -98.206  -94.680  -91.234  -87.921
 -135.100 -134.875 -134.521 -134.026 -133.377 -132.562 -131.565 -130.372 -128.967 -127.334 -125.459 -123.332 -120.944 -118.296 -115.394 -112.257 -108.916 -105.414 -101.805  -98.151  -94.517  -90.969  -87.563
 -135.695 -135.486 -135.145 -134.662 -134.025 -133.217 -132.226 -131.034 -129.624 -127.980 -126.087 -123.931 -121.504 -118.803 -115.835 -112.619 -109.185 -105.580 -101.860  -98.092  -94.347  -90.694  -87.192
 -136.291 -136.097 -135.771 -135.302 -134.676 -133.878 -132.893 -131.703 -130.290 -128.637 -126.726 -124.542 -122.076 -119.322 -116.288 -112.990 -109.461 -105.750 -101.916  -98.031  -94.170  -90.408  -86.809
 -136.888 -136.710 -136.400 -135.945 -135.331 -134.543 -133.566 -132.379 -130.965 -129.303 -127.376 -125.166 -122.660 -119.854 -116.752 -113.372 -109.746 -105.924 -101.972  -97.965  -93.985  -90.111  -86.412
 -137.486 -137.325 -137.030 -136.590 -135.990 -135.214 -134.245 -133.063 -131.648 -129.980 -128.037 -125.801 -123.258 -120.400 -117.230 -113.765 -110.039 -106.104 -102.029  -97.896  -93.793  -89.803  -86.000
 -138.084 -137.940 -137.662 -137.238 -136.652 -135.889 -134.930 -133.754 -132.340 -130.667 -128.710 -126.450 -123.870 -120.960 -117.721 -114.170 -110.341 -106.289 -102.087  -97.823  -93.592  -89.483  -85.575
 -138.682 -138.556 -138.296 -137.889 -137.319 -136.569 -135.620 -134.452 -133.041 -131.364 -129.395 -127.112 -124.495 -121.533 -118.225 -114.587 -110.652 -106.479 -102.146  -97.746  -93.382  -89.149  -85.133
 -139.281 -139.174 -138.932 -138.542 -137.988 -137.253 -136.317 -135.158 -133.751 -132.071 -130.091 -127.787 -125.135 -122.122 -118.744 -115.016 -110.973 -106.675 -102.205  -97.665  -93.162  -88.803  -84.675
 -139.880 -139.792 -139.569 -139.198 -138.661 -137.942 -137.020 -135.871 -134.470 -132.789 -130.800 -128.475 -125.790 -122.726 -119.278 -115.460 -111.305 -106.877 -102.266  -97.578  -92.933  -88.442  -84.201
 -140.479 -140.411 -140.208 -139.856 -139.338 -138.636 -137.728 -136.591 -135.197 -133.518 -131.522 -129.178 -126.460 -123.346 -119.828 -115.917 -111.648 -107.086 -102.327  -97.487  -92.693  -88.066  -83.708
 -141.079 -141.031 -140.848 -140.516 -140.018 -139.334 -138.442 -137.319 -135.934 -134.257 -132.255 -129.895 -127.146 -123.983 -120.394 -116.389 -112.002 -107.302 -102.389  -97.390  -92.442  -87.674  -83.196
 -141.678 -141.652 -141.490 -141.178 -140.700 -140.036 -139.162 -138.053 -136.679 -135.007 -133.002 -130.627 -127.848 -124.637 -120.978 -116.876 -112.369 -107.525 -102.452  -97.287  -92.178  -87.266  -82.665
 -142.278 -142.273 -142.133 -141.843 -141.386 -140.742 -139.887 -138.795 -137.433 -135.768 -133.761 -131.373 -128.567 -125.308 -121.579 -117.381 -112.748 -107.755 -102.517  -97.179  -91.902  -86.839  -82.113
 -142.877 -142.894 -142.776 -142.509 -142.075 -141.452 -140.618 -139.543 -138.196 -136.540 -134.534 -132.135 -129.302 -125.998 -122.198 -117.902 -113.142 -107.994 -102.582  -97.063  -91.613  -86.394  -81.540
 -143.476 -143.516 -143.421 -143.177 -142.766 -142.167 -141.354 -140.299 -138.968 -137.322 -135.319 -132.912 -130.056 -126.707 -122.837 -118.441 -113.550 -108.242 -102.649  -96.941  -91.309  -85.929  -80.943
 -144.074 -144.137 -144.067 -143.847 -143.460 -142.885 -142.095 -141.061 -139.748 -138.116 -136.118 -133.705 -130.827 -127.436 -123.497 -119.000 -113.973 -108.499 -102.717  -96.811  -90.989  -85.443  -80.322
 -144.672 -144.759 -144.713 -144.518 -144.157 -143.606 -142.841 -141.830 -140.537 -138.920 -136.930 -134.514 -131.617 -128.185 -124.178 -119.579 -114.414 -108.767 -102.786  -96.673  -90.653  -84.934  -79.676
 -145.270 -145.381 -145.360 -145.191 -144.856 -144.331 -143.592 -142.606 -141.335 -139.735 -137.756 -135.340 -132.426 -128.956 -124.881 -120.179 -114.871 -109.044 -102.856  -96.526  -90.299  -84.402  -79.003
 -145.867 -146.003 -146.008 -145.865 -145.557 -145.060 -144.348 -143.388 -142.141 -140.561 -138.595 -136.181 -133.255 -129.749 -125.607 -120.801 -115.348 -109.334 -102.929  -96.370  -89.927  -83.844  -78.302
 -146.463 -146.625 -146.656 -146.540 -146.260 -145.792 -145.108 -144.176 -142.955 -141.398 -139.448 -137.040 -134.103 -130.564 -126.358 -121.448 -115.844 -109.635 -103.002  -96.204  -89.534  -83.259  -77.572
 -147.058 -147.246 -147.304 -147.217 -146.965 -146.527 -145.873 -144.971 -143.778 -142.246 -140.315 -137.915 -134.972 -131.403 -127.134 -122.119 -116.361 -109.950 -103.078  -96.026  -89.119  -82.646  -76.811
 -147.653 -147.867 -147.952 -147.894 -147.672 -147.264 -146.642 -145.771 -144.609 -143.104 -141.195 -138.808 -135.861 -132.266 -127.937 -122.817 -116.902 -110.279 -103.155  -95.837  -88.681  -82.002  -76.017
 -148.247 -148.487 -148.601 -148.571 -148.380 -148.005 -147.416 -146.578 -145.448 -143.973 -142.089 -139.718 -136.772 -133.154 -128.768 -123.543 -117.466 -110.624 -103.234  -95.635  -88.217  -81.326  -75.189
 -148.839 -149.107 -149.249 -149.250 -149.090 -148.748 -148.193 -147.390 -146.295 -144.853 -142.997 -140.646 -137.705 -134.068 -129.627 -124.299 -118.057 -110.985 -103.315  -95.419  -87.726  -80.614  -74.324
 -149.430 -149.726 -149.897 -149.929 -149.802 -149.493 -148.974 -148.207 -147.149 -145.742 -143.918 -141.591 -138.660 -135.008 -130.517 -125.086 -118.675 -111.364 -103.399  -95.187  -87.206  -79.866  -73.422
 -150.020 -150.344 -150.545 -150.608 -150.514 -150.241 -149.758 -149.030 -148.011 -146.642 -144.853 -142.554 -139.637 -135.976 -131.439 -125.907 -119.324 -111.762 -103.485  -94.939  -86.653  -79.078  -72.480
 -150.609 -150.962 -151.193 -151.287 -151.228 -150.990 -150.546 -149.858 -148.880 -147.552 -145.802 -143.535 -140.637 -136.973 -132.394 -126.763 -120.005 -112.182 -103.573  -94.672  -86.066  -78.248  -71.496
 -151.197 -151.578 -151.839 -151.967 -151.942 -151.742 -151.337 -150.691 -149.756 -148.472 -146.764 -144.533 -141.660 -137.998 -133.383 -127.657 -120.720 -112.625 -103.665  -94.385  -85.441  -77.373  -70.468
 -151.782 -152.193 -152.485 -152.646 -152.657 -152.495 -152.131 -151.528 -150.638 -149.401 -147.739 -145.550 -142.707 -139.054 -134.409 -128.590 -121.473 -113.093 -103.760  -94.076  -84.775  -76.449  -69.395
 -152.367 -152.807 -153.131 -153.325 -153.373 -153.250 -152.928 -152.370 -151.528 -150.340 -148.727 -146.584 -143.777 -140.140 -135.472 -129.566 -122.267 -113.589 -103.858  -93.743  -84.065  -75.474  -68.273
 -152.949 -153.419 -153.775 -154.004 -154.088 -154.005 -153.727 -153.215 -152.423 -151.288 -149.728 -147.636 -144.872 -141.257 -136.574 -130.586 -123.104 -114.115 -103.960  -93.382  -83.306  -74.444  -67.101
 -153.530 -154.030 -154.419 -154.682 -154.804 -154.762 -154.528 -154.065 -153.324 -152.244 -150.741 -148.705 -145.990 -142.406 -137.716 -131.654 -123.989 -114.675 -104.066  -92.992  -82.493  -73.354  -65.876
 -154.109 -154.640 -155.061 -155.360 -155.520 -155.520 -155.331 -154.918 -154.232 -153.209 -151.767 -149.792 -147.132 -143.588 -138.901 -132.772 -124.925 -115.272 -104.177  -92.568  -81.622  -72.202  -64.597
 -154.686 -155.247 -155.702 -156.037 -156.236 -156.279 -156.137 -155.774 -155.144 -154.182 -152.805 -150.896 -148.299 -144.803 -140.130 -133.944 -125.916 -115.910 -104.293  -92.106  -80.687  -70.982  -63.261
 -155.261 -155.853 -156.341 -156.713 -156.952 -157.037 -156.943 -156.634 -156.061 -155.163 -153.854 -152.017 -149.490 -146.051 -141.404 -135.172 -126.969 -116.594 -104.415  -91.602  -79.681  -69.690  -61.866
 -155.834 -156.458 -156.979 -157.387 -157.666 -157.797 -157.751 -157.496 -156.983 -156.151 -154.915 -153.154 -150.704 -147.334 -142.724 -136.460 -128.087 -117.329 -104.544  -91.050  -78.598  -68.321  -60.411
 -156.405 -157.060 -157.616 -158.061 -158.381 -158.556 -158.560 -158.360 -157.910 -157.147 -155.986 -154.307 -151.943 -148.651 -144.093 -137.812 -129.277 -118.121 -104.680  -90.444  -77.429  -66.871  -58.893
 -156.973 -157.660 -158.251 -158.733 -159.094 -159.315 -159.370 -159.226 -158.840 -158.148 -157.067 -155.476 -153.204 -150.002 -145.511 -139.230 -130.546 -118.978 -104.825  -89.777  -76.166  -65.334  -57.312
 -157.539 -158.259 -158.884 -159.404 -159.807 -160.073 -160.180 -160.095 -159.773 -159.156 -158.158 -156.661 -154.489 -151.388 -146.980 -140.718 -131.900 -119.907 -104.979  -89.040  -74.798  -63.705  -55.665
 -158.103 -158.855 -159.514 -160.073 -160.518 -160.831 -160.991 -160.965 -160.710 -160.169 -159.259 -157.859 -155.796 -152.809 -148.500 -142.281 -133.347 -120.918 -105.145  -88.222  -73.315  -61.980  -53.953
 -158.665 -159.449 -160.143 -160.740 -161.228 -161.589 -161.801 -161.835 -161.650 -161.188 -160.368 -159.072 -157.126 -154.263 -150.073 -143.920 -134.895 -122.024 -105.324  -87.310  -71.704  -60.153  -52.174
 -159.224 -160.040 -160.770 -161.406 -161.936 -162.345 -162.611 -162.707 -162.592 -162.211 -161.485 -160.298 -158.476 -155.751 -151.699 -145.641 -136.555 -123.237 -105.519  -86.288  -69.951  -58.219  -50.330
 -159.780 -160.629 -161.395 -162.069 -162.643 -163.100 -163.421 -163.579 -163.536 -163.238 -162.609 -161.536 -159.846 -157.272 -153.378 -147.447 -138.335 -124.574 -105.732  -85.139  -68.043  -56.174  -48.420
 -160.334 -161.216 -162.017 -162.731 -163.347 -163.854 -164.230 -164.452 -164.482 -164.269 -163.740 -162.786 -161.237 -158.826 -155.111 -149.339 -140.247 -126.054 -105.967  -83.839  -65.963  -54.016  -46.446
 -160.885 -161.800 -162.636 -163.390 -164.050 -164.606 -165.038 -165.324 -165.428 -165.303 -164.878 -164.046 -162.645 -160.410 -156.896 -151.321 -142.302 -127.701 -106.229  -82.359  -63.693  -51.741  -44.410
