  38.682  38.799  38.897  38.983  39.059  39.127  39.189  39.245  39.295  39.339  39.377  39.410  39.438  39.459  39.475  39.484  39.487  39.483  39.471  39.449  39.417  39.371  39.303
  39.071  39.174  39.270  39.359  39.442  39.520  39.592  39.658  39.719  39.774  39.823  39.866  39.903  39.934  39.958  39.976  39.987  39.991  39.988  39.977  39.959  39.931  39.894
  39.369  39.483  39.591  39.694  39.791  39.882  39.967  40.049  40.122  40.189  40.249  40.303  40.350  40.389  40.422  40.447  40.464  40.474  40.476  40.469  40.455  40.432  40.399
  39.617  39.748  39.872  39.991  40.106  40.213  40.313  40.407  40.493  40.572  40.644  40.709  40.765  40.813  40.853  40.884  40.907  40.921  40.926  40.922  40.909  40.886  40.854
  39.844  39.992  40.136  40.272  40.402  40.525  40.641  40.749  40.849  40.941  41.025  41.100  41.166  41.222  41.270  41.307  41.335  41.353  41.361  41.358  41.345  41.322  41.288
  40.059  40.226  40.387  40.541  40.688  40.827  40.958  41.081  41.196  41.301  41.396  41.482  41.558  41.623  41.678  41.722  41.754  41.776  41.786  41.785  41.772  41.747  41.711
  40.264  40.450  40.629  40.802  40.966  41.122  41.270  41.408  41.536  41.655  41.762  41.859  41.945  42.019  42.081  42.131  42.168  42.193  42.206  42.205  42.192  42.166  42.126
  40.462  40.668  40.866  41.057  41.239  41.412  41.576  41.729  41.872  42.004  42.124  42.232  42.328  42.410  42.480  42.536  42.578  42.607  42.621  42.622  42.608  42.580  42.537
  40.655  40.880  41.098  41.307  41.508  41.698  41.878  42.047  42.205  42.350  42.483  42.602  42.708  42.799  42.876  42.939  42.986  43.018  43.034  43.035  43.021  42.991  42.945
  40.843  41.089  41.326  41.554  41.773  41.981  42.178  42.363  42.535  42.694  42.839  42.970  43.086  43.186  43.271  43.339  43.391  43.427  43.445  43.447  43.432  43.400  43.351
  41.028  41.293  41.550  41.798  42.035  42.261  42.474  42.675  42.862  43.035  43.193  43.335  43.462  43.571  43.663  43.738  43.795  43.834  43.855  43.857  43.841  43.807  43.754
  41.099  41.386  41.664  41.931  42.186  42.429  42.659  42.875  43.076  43.262  43.432  43.584  43.719  43.836  43.935  44.014  44.074  44.114  44.135  44.135  44.116  44.076  44.016
  41.106  41.416  41.716  42.003  42.278  42.539  42.785  43.017  43.232  43.430  43.611  43.773  43.917  44.041  44.144  44.227  44.289  44.330  44.349  44.346  44.321  44.273  44.203
  41.072  41.407  41.729  42.038  42.333  42.612  42.876  43.123  43.353  43.564  43.756  43.928  44.079  44.209  44.318  44.404  44.467  44.507  44.523  44.515  44.483  44.426  44.345
  41.000  41.362  41.709  42.040  42.356  42.655  42.936  43.199  43.442  43.666  43.869  44.051  44.210  44.347  44.459  44.548  44.612  44.650  44.662  44.648  44.607  44.539  44.443
  41.032  41.417  41.786  42.138  42.473  42.790  43.088  43.367  43.625  43.862  44.077  44.269  44.437  44.580  44.699  44.791  44.857  44.896  44.907  44.890  44.844  44.768  44.662
  41.263  41.665  42.050  42.419  42.770  43.103  43.417  43.711  43.984  44.234  44.462  44.665  44.844  44.997  45.124  45.224  45.296  45.340  45.355  45.340  45.295  45.221  45.114
  41.484  41.902  42.305  42.691  43.059  43.409  43.739  44.048  44.335  44.600  44.840  45.056  45.246  45.408  45.544  45.651  45.729  45.777  45.796  45.783  45.740  45.665  45.558
  41.695  42.132  42.552  42.956  43.341  43.708  44.054  44.379  44.681  44.960  45.213  45.441  45.642  45.814  45.958  46.072  46.156  46.210  46.231  46.221  46.179  46.103  45.995
  41.899  42.353  42.792  43.214  43.617  44.001  44.364  44.705  45.022  45.315  45.582  45.822  46.033  46.216  46.368  46.490  46.580  46.638  46.663  46.654  46.612  46.536  46.426
  42.095  42.569  43.026  43.466  43.887  44.288  44.668  45.025  45.358  45.666  45.946  46.198  46.421  46.614  46.775  46.904  47.000  47.062  47.090  47.083  47.042  46.965  46.853
  42.286  42.778  43.254  43.713  44.152  44.571  44.968  45.342  45.690  46.013  46.307  46.571  46.806  47.009  47.178  47.315  47.417  47.483  47.514  47.509  47.468  47.390  47.275
  42.471  42.982  43.477  43.955  44.413  44.850  45.264  45.655  46.019  46.356  46.664  46.942  47.188  47.400  47.579  47.723  47.831  47.902  47.936  47.933  47.891  47.812  47.694
  42.650  43.181  43.696  44.192  44.669  45.125  45.557  45.964  46.344  46.696  47.019  47.309  47.567  47.790  47.978  48.129  48.243  48.319  48.356  48.353  48.312  48.231  48.110
  42.825  43.376  43.910  44.426  44.922  45.396  45.846  46.270  46.667  47.034  47.370  47.674  47.943  48.177  48.374  48.533  48.653  48.733  48.773  48.772  48.730  48.647  48.524
  42.995  43.566  44.120  44.655  45.170  45.663  46.131  46.573  46.986  47.369  47.720  48.037  48.318  48.563  48.769  48.935  49.061  49.146  49.189  49.189  49.147  49.062  48.935
  43.160  43.751  44.326  44.881  45.415  45.927  46.413  46.873  47.303  47.701  48.067  48.397  48.691  48.946  49.161  49.336  49.468  49.557  49.603  49.604  49.562  49.475  49.344
  43.322  43.933  44.528  45.103  45.657  46.188  46.693  47.170  47.617  48.031  48.412  48.756  49.062  49.328  49.553  49.735  49.874  49.967  50.016  50.019  49.975  49.886  49.751
  43.479  44.111  44.726  45.322  45.896  46.446  46.969  47.464  47.928  48.359  48.754  49.112  49.431  49.708  49.943  50.133  50.278  50.376  50.428  50.431  50.388  50.296  50.157
  43.633  44.285  44.921  45.537  46.131  46.700  47.243  47.756  48.237  48.685  49.095  49.467  49.799  50.087  50.331  50.530  50.681  50.784  50.838  50.843  50.799  50.705  50.562
  43.782  44.456  45.112  45.749  46.363  46.952  47.514  48.045  48.544  49.008  49.434  49.821  50.165  50.465  50.719  50.926  51.083  51.191  51.248  51.254  51.209  51.112  50.965
  43.928  44.623  45.300  45.958  46.592  47.201  47.782  48.332  48.849  49.330  49.772  50.172  50.530  50.841  51.105  51.320  51.485  51.597  51.657  51.664  51.618  51.518  51.367
  44.071  44.787  45.485  46.163  46.818  47.447  48.048  48.617  49.152  49.649  50.107  50.523  50.893  51.217  51.491  51.714  51.885  52.003  52.066  52.073  52.026  51.924  51.767
  44.209  44.947  45.666  46.365  47.041  47.691  48.311  48.899  49.452  49.967  50.441  50.871  51.255  51.591  51.876  52.108  52.285  52.408  52.473  52.482  52.434  52.329  52.167
  44.345  45.103  45.844  46.565  47.261  47.931  48.572  49.179  49.750  50.283  50.773  51.218  51.616  51.964  52.259  52.500  52.685  52.812  52.881  52.890  52.841  52.733  52.566
  44.476  45.257  46.019  46.761  47.479  48.169  48.830  49.456  50.046  50.597  51.103  51.564  51.976  52.336  52.642  52.892  53.084  53.216  53.287  53.298  53.247  53.136  52.964
  44.604  45.407  46.191  46.954  47.693  48.404  49.085  49.732  50.341  50.909  51.432  51.909  52.335  52.707  53.024  53.283  53.482  53.619  53.694  53.705  53.653  53.538  53.361
  44.729  45.553  46.359  47.144  47.904  48.637  49.338  50.004  50.632  51.219  51.760  52.252  52.692  53.078  53.406  53.674  53.880  54.022  54.100  54.112  54.059  53.940  53.758
  44.850  45.696  46.524  47.331  48.113  48.867  49.588  50.275  50.922  51.527  52.085  52.594  53.049  53.447  53.786  54.064  54.277  54.425  54.505  54.518  54.464  54.342  54.153
  44.968  45.836  46.686  47.515  48.318  49.094  49.836  50.543  51.210  51.834  52.409  52.934  53.404  53.816  54.166  54.453  54.674  54.827  54.911  54.925  54.869  54.743  54.549
  45.083  45.973  46.845  47.696  48.521  49.318  50.082  50.809  51.496  52.138  52.732  53.273  53.758  54.183  54.546  54.842  55.071  55.229  55.316  55.331  55.273  55.143  54.943
  45.194  46.106  47.000  47.873  48.721  49.539  50.325  51.073  51.780  52.441  53.053  53.611  54.111  54.550  54.924  55.231  55.467  55.631  55.721  55.736  55.677  55.543  55.337
  45.301  46.236  47.153  48.048  48.918  49.758  50.565  51.334  52.061  52.742  53.372  53.947  54.463  54.916  55.302  55.619  55.863  56.032  56.126  56.142  56.081  55.943  55.730
  45.405  46.362  47.302  48.219  49.111  49.974  50.803  51.593  52.341  53.041  53.690  54.282  54.814  55.281  55.680  56.007  56.259  56.434  56.530  56.547  56.484  56.342  56.123
  45.506  46.486  47.447  48.388  49.302  50.187  51.038  51.849  52.618  53.338  54.006  54.616  55.164  55.645  56.057  56.394  56.654  56.835  56.935  56.953  56.888  56.741  56.515
  45.603  46.605  47.590  48.553  49.490  50.397  51.270  52.103  52.893  53.633  54.320  54.948  55.512  56.009  56.433  56.781  57.050  57.236  57.340  57.358  57.291  57.140  56.906
  45.697  46.722  47.729  48.715  49.675  50.605  51.500  52.355  53.166  53.926  54.632  55.279  55.860  56.371  56.808  57.167  57.445  57.638  57.744  57.763  57.694  57.538  57.297
  45.787  46.835  47.865  48.874  49.857  50.809  51.727  52.604  53.436  54.218  54.943  55.608  56.206  56.733  57.183  57.554  57.840  58.039  58.148  58.168  58.097  57.936  57.688
  45.874  46.944  47.998  49.029  50.035  51.011  51.951  52.851  53.704  54.507  55.253  55.936  56.551  57.094  57.558  57.939  58.234  58.440  58.553  58.573  58.500  58.334  58.078
  45.957  47.051  48.127  49.182  50.211  51.209  52.172  53.094  53.970  54.794  55.560  56.263  56.896  57.454  57.932  58.325  58.629  58.841  58.957  58.978  58.903  58.732  58.467
  46.037  47.153  48.253  49.331  50.383  51.405  52.391  53.336  54.234  55.079  55.866  56.588  57.239  57.813  58.305  58.710  59.023  59.241  59.362  59.383  59.305  59.129  58.856
  46.113  47.252  48.375  49.476  50.552  51.597  52.607  53.574  54.495  55.362  56.170  56.911  57.580  58.171  58.678  59.095  59.418  59.642  59.766  59.788  59.708  59.526  59.244
  46.186  47.348  48.494  49.619  50.718  51.787  52.820  53.810  54.754  55.643  56.471  57.233  57.921  58.528  59.050  59.479  59.812  60.043  60.171  60.193  60.110  59.922  59.632
  46.255  47.440  48.609  49.758  50.881  51.973  53.029  54.044  55.010  55.921  56.771  57.553  58.260  58.885  59.421  59.863  60.206  60.444  60.576  60.599  60.513  60.319  60.019
  46.320  47.529  48.721  49.893  51.040  52.156  53.236  54.274  55.263  56.198  57.069  57.872  58.598  59.240  59.792  60.247  60.600  60.845  60.981  61.004  60.915  60.715  60.406
  46.382  47.614  48.830  50.026  51.196  52.336  53.440  54.502  55.514  56.471  57.365  58.189  58.935  59.595  60.162  60.630  60.993  61.246  61.386  61.409  61.317  61.111  60.792
  46.441  47.695  48.935  50.154  51.349  52.513  53.641  54.726  55.763  56.743  57.659  58.504  59.270  59.948  60.532  61.013  61.387  61.647  61.791  61.815  61.720  61.506  61.178
  46.495  47.773  49.036  50.279  51.498  52.686  53.838  54.948  56.009  57.012  57.951  58.818  59.604  60.301  60.901  61.396  61.781  62.049  62.196  62.221  62.122  61.902  61.563
  46.546  47.847  49.134  50.401  51.643  52.856  54.033  55.167  56.251  57.279  58.241  59.130  59.936  60.652  61.269  61.778  62.174  62.450  62.601  62.626  62.524  62.297  61.947
  46.593  47.917  49.228  50.519  51.786  53.023  54.224  55.383  56.491  57.543  58.528  59.439  60.267  61.002  61.636  62.160  62.567  62.851  63.007  63.032  62.926  62.691  62.331
  46.637  47.984  49.318  50.633  51.924  53.186  54.412  55.595  56.729  57.804  58.813  59.747  60.596  61.351  62.003  62.542  62.961  63.253  63.413  63.438  63.329  63.086  62.714
  46.676  48.047  49.404  50.744  52.059  53.345  54.596  55.805  56.963  58.063  59.096  60.053  60.924  61.699  62.369  62.923  63.354  63.654  63.819  63.844  63.731  63.480  63.096
  46.712  48.106  49.487  50.850  52.190  53.501  54.777  56.011  57.194  58.319  59.377  60.357  61.250  62.046  62.734  63.304  63.747  64.056  64.225  64.251  64.133  63.874  63.477
  46.744  48.162  49.566  50.953  52.318  53.654  54.955  56.213  57.422  58.572  59.655  60.659  61.575  62.392  63.098  63.684  64.140  64.458  64.631  64.657  64.535  64.267  63.858
  46.773  48.213  49.642  51.053  52.442  53.803  55.129  56.413  57.647  58.823  59.930  60.959  61.898  62.736  63.462  64.064  64.533  64.860  65.038  65.064  64.938  64.661  64.238
  46.797  48.261  49.713  51.148  52.562  53.948  55.299  56.609  57.869  59.070  60.203  61.256  62.219  63.079  63.824  64.443  64.926  65.262  65.445  65.471  65.340  65.053  64.617
  46.818  48.305  49.780  51.240  52.678  54.089  55.466  56.801  58.087  59.314  60.473  61.551  62.538  63.420  64.186  64.822  65.318  65.664  65.852  65.878  65.742  65.446  64.996
  46.835  48.345  49.844  51.328  52.790  54.226  55.629  56.990  58.302  59.556  60.740  61.844  62.855  63.760  64.546  65.201  65.711  66.066  66.259  66.286  66.144  65.838  65.373
  46.848  48.381  49.904  51.411  52.899  54.360  55.788  57.176  58.514  59.794  61.004  62.134  63.170  64.098  64.906  65.578  66.103  66.469  66.667  66.693  66.546  66.229  65.749
  46.857  48.413  49.959  51.491  53.003  54.490  55.943  57.357  58.722  60.029  61.266  62.421  63.483  64.435  65.264  65.956  66.495  66.871  67.075  67.101  66.948  66.620  66.125
  46.862  48.441  50.011  51.567  53.104  54.615  56.095  57.535  58.927  60.260  61.524  62.706  63.793  64.770  65.622  66.332  66.887  67.274  67.483  67.509  67.350  67.011  66.499
  46.863  48.465  50.059  51.639  53.200  54.737  56.242  57.709  59.127  60.488  61.779  62.989  64.102  65.104  65.978  66.708  67.279  67.677  67.892  67.917  67.752  67.401  66.872
  46.860  48.485  50.102  51.706  53.292  54.855  56.386  57.879  59.324  60.713  62.031  63.268  64.408  65.435  66.333  67.083  67.671  68.080  68.301  68.326  68.154  67.790  67.244
  46.853  48.501  50.142  51.770  53.380  54.968  56.525  58.045  59.518  60.933  62.280  63.545  64.712  65.765  66.686  67.458  68.062  68.484  68.710  68.735  68.556  68.179  67.614
  46.842  48.513  50.177  51.829  53.464  55.077  56.661  58.207  59.707  61.151  62.525  63.818  65.013  66.093  67.039  67.832  68.454  68.887  69.120  69.144  68.958  68.567  67.983
  46.828  48.521  50.208  51.884  53.544  55.182  56.792  58.365  59.892  61.364  62.767  64.088  65.311  66.418  67.389  68.205  68.845  69.291  69.530  69.553  69.359  68.955  68.351
  46.809  48.525  50.235  51.935  53.619  55.283  56.918  58.518  60.073  61.573  63.005  64.356  65.607  66.742  67.739  68.577  69.235  69.694  69.940  69.962  69.761  69.341  68.717
  46.786  48.525  50.258  51.982  53.691  55.379  57.041  58.668  60.250  61.779  63.240  64.619  65.900  67.063  68.086  68.948  69.626  70.098  70.350  70.372  70.162  69.727  69.081
  46.759  48.520  50.277  52.024  53.757  55.471  57.159  58.812  60.423  61.980  63.471  64.880  66.190  67.382  68.432  69.318  70.016  70.503  70.761  70.782  70.563  70.112  69.444
  46.728  48.512  50.291  52.062  53.820  55.559  57.272  58.953  60.591  62.177  63.697  65.136  66.477  67.698  68.776  69.687  70.405  70.907  71.173  71.192  70.964  70.496  69.804
  46.693  48.499  50.301  52.095  53.878  55.642  57.381  59.089  60.755  62.370  63.920  65.389  66.760  68.012  69.119  70.055  70.795  71.311  71.585  71.603  71.365  70.879  70.163
  46.654  48.482  50.307  52.125  53.931  55.720  57.486  59.220  60.915  62.558  64.138  65.638  67.041  68.322  69.459  70.422  71.184  71.716  71.997  72.014  71.765  71.260  70.519
  46.610  48.461  50.308  52.150  53.980  55.794  57.585  59.347  61.069  62.742  64.352  65.884  67.317  68.630  69.797  70.788  71.572  72.120  72.409  72.425  72.165  71.641  70.873
  46.563  48.435  50.305  52.170  54.024  55.863  57.680  59.469  61.220  62.922  64.562  66.125  67.590  68.935  70.133  71.152  71.960  72.525  72.822  72.836  72.565  72.020  71.225
  46.511  48.405  50.298  52.186  54.064  55.928  57.771  59.586  61.365  63.096  64.767  66.361  67.860  69.237  70.466  71.514  72.347  72.930  73.236  73.248  72.964  72.397  71.574
  46.455  48.371  50.287  52.197  54.099  55.987  57.856  59.698  61.505  63.266  64.968  66.594  68.125  69.536  70.797  71.876  72.733  73.335  73.650  73.659  73.362  72.773  71.920
  46.395  48.333  50.271  52.204  54.130  56.042  57.937  59.806  61.640  63.431  65.163  66.822  68.386  69.831  71.126  72.235  73.119  73.740  74.064  74.071  73.760  73.148  72.263
  46.331  48.291  50.250  52.206  54.155  56.093  58.012  59.908  61.771  63.590  65.354  67.045  68.643  70.122  71.451  72.592  73.504  74.145  74.479  74.484  74.158  73.520  72.603
  46.263  48.244  50.225  52.204  54.176  56.138  58.083  60.005  61.896  63.745  65.539  67.263  68.895  70.410  71.773  72.948  73.889  74.550  74.894  74.896  74.555  73.890  72.939
  46.191  48.193  50.196  52.197  54.193  56.178  58.149  60.097  62.015  63.894  65.720  67.476  69.143  70.693  72.093  73.301  74.272  74.955  75.310  75.309  74.951  74.258  73.272
  46.114  48.137  50.162  52.186  54.204  56.214  58.209  60.184  62.130  64.038  65.895  67.684  69.386  70.972  72.408  73.652  74.654  75.360  75.726  75.721  75.346  74.624  73.600
  46.033  48.078  50.124  52.170  54.211  56.244  58.264  60.265  62.239  64.176  66.064  67.887  69.624  71.247  72.721  74.001  75.035  75.765  76.142  76.134  75.740  74.987  73.925
  45.948  48.014  50.081  52.149  54.213  56.270  58.314  60.341  62.343  64.309  66.228  68.084  69.856  71.517  73.029  74.347  75.414  76.170  76.559  76.547  76.132  75.347  74.244
  45.859  47.945  50.034  52.123  54.210  56.290  58.359  60.412  62.440  64.436  66.386  68.276  70.084  71.782  73.333  74.690  75.793  76.575  76.977  76.960  76.524  75.704  74.559
  45.766  47.872  49.982  52.093  54.202  56.306  58.399  60.477  62.533  64.557  66.539  68.461  70.305  72.042  73.633  75.030  76.169  76.980  77.395  77.373  76.914  76.058  74.869
  45.668  47.795  49.926  52.058  54.189  56.316  58.433  60.537  62.619  64.672  66.685  68.641  70.521  72.296  73.929  75.367  76.544  77.384  77.814  77.787  77.302  76.407  75.173
  45.566  47.714  49.865  52.019  54.172  56.321  58.462  60.591  62.700  64.782  66.825  68.814  70.730  72.545  74.219  75.700  76.917  77.788  78.233  78.200  77.689  76.753  75.471
  45.460  47.628  49.800  51.975  54.149  56.321  58.486  60.639  62.775  64.885  66.958  68.981  70.934  72.788  74.504  76.029  77.288  78.192  78.653  78.613  78.073  77.094  75.762
  45.350  47.538  49.730  51.926  54.122  56.316  58.504  60.682  62.843  64.981  67.085  69.142  71.130  73.024  74.784  76.354  77.656  78.595  79.073  79.026  78.456  77.430  76.046
  45.235  47.443  49.656  51.872  54.089  56.305  58.516  60.718  62.906  65.072  67.206  69.295  71.320  73.254  75.058  76.674  78.021  78.998  79.494  79.438  78.835  77.761  76.323
  45.117  47.344  49.577  51.814  54.052  56.290  58.523  60.750  62.963  65.156  67.320  69.442  71.503  73.477  75.326  76.989  78.384  79.399  79.915  79.851  79.212  78.086  76.592
  44.994  47.241  49.494  51.750  54.009  56.269  58.525  60.775  63.013  65.233  67.427  69.581  71.679  73.693  75.586  77.299  78.743  79.800  80.337  80.262  79.585  78.405  76.852
  44.866  47.133  49.406  51.682  53.962  56.242  58.521  60.794  63.057  65.304  67.527  69.713  71.847  73.902  75.840  77.603  79.099  80.200  80.760  80.674  79.954  78.716  77.104
  44.735  47.021  49.313  51.610  53.910  56.211  58.511  60.807  63.095  65.368  67.620  69.838  72.007  74.103  76.087  77.901  79.450  80.599  81.183  81.084  80.319  79.020  77.345
  44.599  46.905  49.216  51.532  53.852  56.174  58.496  60.815  63.126  65.426  67.705  69.955  72.159  74.295  76.325  78.191  79.797  80.996  81.606  81.494  80.679  79.315  77.576
  44.460  46.784  49.114  51.450  53.790  56.132  58.475  60.816  63.152  65.476  67.784  70.064  72.303  74.479  76.556  78.475  80.139  81.392  82.031  81.902  81.033  79.601  77.796
  44.315  46.659  49.008  51.363  53.722  56.085  58.449  60.811  63.170  65.520  67.855  70.165  72.439  74.654  76.777  78.750  80.475  81.785  82.455  82.309  81.381  79.876  78.004
  44.167  46.529  48.898  51.271  53.650  56.032  58.416  60.801  63.182  65.556  67.918  70.258  72.566  74.820  76.989  79.017  80.804  82.176  82.881  82.714  81.721  80.141  78.200
  44.015  46.396  48.782  51.175  53.572  55.974  58.378  60.784  63.188  65.586  67.974  70.343  72.683  74.976  77.191  79.274  81.126  82.564  83.307  83.117  82.053  80.393  78.382
  43.858  46.257  48.662  51.073  53.489  55.910  58.335  60.761  63.187  65.608  68.022  70.419  72.792  75.122  77.382  79.521  81.440  82.948  83.734  83.517  82.375  80.632  78.551
  43.697  46.115  48.538  50.967  53.402  55.842  58.286  60.732  63.179  65.624  68.062  70.487  72.891  75.258  77.563  79.757  81.744  83.328  84.161  83.914  82.687  80.857  78.705
