  39.442  39.472  39.485  39.486  39.478  39.463  39.440  39.412  39.378  39.339  39.296  39.247  39.195  39.138  39.077  39.011  38.942  38.868  38.790  38.706  38.615  38.516  38.402
  39.991  39.990  39.980  39.963  39.939  39.908  39.871  39.828  39.779  39.724  39.665  39.600  39.531  39.457  39.379  39.297  39.211  39.122  39.028  38.931  38.830  38.725  38.616
  40.473  40.461  40.440  40.412  40.376  40.333  40.282  40.225  40.162  40.093  40.016  39.935  39.849  39.758  39.662  39.562  39.458  39.349  39.237  39.122  39.003  38.882  38.757
  40.915  40.895  40.867  40.829  40.783  40.729  40.667  40.597  40.520  40.436  40.345  40.248  40.145  40.035  39.921  39.802  39.678  39.550  39.418  39.283  39.145  39.003  38.859
  41.341  41.315  41.279  41.233  41.178  41.113  41.039  40.957  40.866  40.767  40.661  40.548  40.427  40.301  40.168  40.028  39.885  39.737  39.585  39.429  39.270  39.107  38.943
  41.758  41.727  41.684  41.630  41.565  41.490  41.404  41.309  41.205  41.091  40.970  40.839  40.702  40.557  40.406  40.248  40.085  39.915  39.742  39.565  39.385  39.201  39.015
  42.170  42.133  42.083  42.021  41.947  41.861  41.765  41.657  41.539  41.410  41.273  41.126  40.971  40.808  40.637  40.460  40.277  40.088  39.893  39.695  39.493  39.288  39.080
  42.579  42.536  42.479  42.409  42.326  42.230  42.121  42.001  41.869  41.726  41.572  41.408  41.236  41.054  40.865  40.668  40.464  40.254  40.039  39.819  39.595  39.369  39.139
  42.984  42.936  42.873  42.795  42.702  42.596  42.475  42.342  42.196  42.038  41.868  41.688  41.497  41.297  41.088  40.872  40.648  40.417  40.181  39.939  39.693  39.445  39.193
  43.388  43.335  43.265  43.179  43.077  42.959  42.827  42.681  42.521  42.347  42.162  41.964  41.756  41.537  41.309  41.072  40.827  40.576  40.318  40.055  39.787  39.516  39.243
  43.791  43.732  43.655  43.561  43.449  43.321  43.177  43.018  42.843  42.655  42.453  42.238  42.011  41.774  41.526  41.269  41.004  40.731  40.452  40.167  39.878  39.585  39.289
  44.074  44.014  43.934  43.835  43.717  43.581  43.428  43.257  43.071  42.870  42.654  42.424  42.182  41.927  41.662  41.387  41.102  40.810  40.510  40.205  39.893  39.579  39.261
  44.297  44.238  44.156  44.054  43.932  43.789  43.628  43.449  43.252  43.038  42.809  42.565  42.308  42.037  41.755  41.461  41.158  40.846  40.526  40.200  39.866  39.529  39.188
  44.484  44.427  44.346  44.242  44.116  43.968  43.800  43.612  43.405  43.180  42.938  42.681  42.408  42.121  41.822  41.510  41.188  40.857  40.516  40.168  39.812  39.452  39.086
  44.636  44.584  44.505  44.401  44.272  44.120  43.945  43.750  43.533  43.298  43.044  42.772  42.485  42.183  41.866  41.537  41.196  40.844  40.483  40.113  39.733  39.349  38.958
  44.885  44.833  44.753  44.645  44.511  44.352  44.169  43.963  43.736  43.488  43.220  42.934  42.631  42.312  41.978  41.630  41.270  40.898  40.516  40.125  39.723  39.316  38.902
  45.322  45.262  45.172  45.054  44.909  44.738  44.542  44.322  44.079  43.815  43.530  43.227  42.906  42.568  42.215  41.848  41.468  41.076  40.675  40.263  39.843  39.416  38.983
  45.753  45.685  45.586  45.458  45.301  45.118  44.908  44.674  44.416  44.136  43.835  43.514  43.174  42.818  42.445  42.059  41.659  41.248  40.826  40.395  39.954  39.508  39.056
  46.178  46.102  45.995  45.856  45.689  45.493  45.271  45.022  44.749  44.452  44.134  43.795  43.438  43.062  42.671  42.264  41.844  41.413  40.970  40.519  40.060  39.592  39.121
  46.599  46.515  46.399  46.251  46.073  45.865  45.629  45.366  45.077  44.765  44.429  44.073  43.696  43.302  42.890  42.464  42.024  41.572  41.109  40.637  40.158  39.670  39.179
  47.016  46.925  46.800  46.643  46.453  46.233  45.983  45.706  45.402  45.073  44.720  44.346  43.951  43.537  43.106  42.659  42.199  41.726  41.243  40.750  40.250  39.742  39.231
  47.430  47.332  47.199  47.031  46.830  46.598  46.335  46.043  45.723  45.378  45.008  44.615  44.201  43.768  43.317  42.850  42.369  41.876  41.372  40.858  40.337  39.809  39.277
  47.842  47.736  47.594  47.417  47.205  46.960  46.683  46.377  46.041  45.679  45.291  44.880  44.448  43.995  43.524  43.037  42.535  42.021  41.496  40.961  40.419  39.871  39.319
  48.251  48.138  47.988  47.800  47.577  47.320  47.030  46.708  46.357  45.978  45.572  45.143  44.691  44.218  43.727  43.220  42.697  42.162  41.616  41.060  40.497  39.928  39.355
  48.658  48.539  48.380  48.182  47.948  47.678  47.373  47.037  46.670  46.273  45.850  45.402  44.931  44.438  43.927  43.399  42.855  42.299  41.731  41.155  40.571  39.980  39.387
  49.064  48.937  48.769  48.562  48.316  48.033  47.715  47.363  46.980  46.566  46.125  45.658  45.167  44.655  44.123  43.574  43.010  42.432  41.843  41.246  40.640  40.029  39.415
  49.468  49.334  49.158  48.940  48.683  48.387  48.055  47.688  47.288  46.857  46.398  45.912  45.401  44.869  44.316  43.746  43.161  42.562  41.952  41.332  40.706  40.074  39.439
  49.871  49.730  49.545  49.317  49.048  48.739  48.393  48.010  47.594  47.145  46.667  46.162  45.632  45.079  44.506  43.915  43.308  42.688  42.056  41.416  40.768  40.115  39.459
  50.272  50.124  49.931  49.693  49.412  49.090  48.729  48.330  47.897  47.431  46.935  46.410  45.860  45.287  44.693  44.081  43.453  42.811  42.158  41.495  40.826  40.152  39.475
  50.673  50.518  50.315  50.067  49.774  49.439  49.063  48.649  48.199  47.715  47.200  46.656  46.086  45.492  44.877  44.243  43.594  42.930  42.255  41.571  40.881  40.186  39.488
  51.073  50.910  50.699  50.440  50.135  49.786  49.396  48.965  48.498  47.996  47.462  46.899  46.308  45.694  45.058  44.403  43.731  43.046  42.350  41.644  40.932  40.216  39.497
  51.472  51.302  51.081  50.812  50.495  50.132  49.727  49.280  48.796  48.275  47.722  47.139  46.528  45.893  45.235  44.559  43.866  43.159  42.441  41.714  40.980  40.242  39.502
  51.870  51.693  51.463  51.183  50.853  50.477  50.056  49.593  49.091  48.552  47.980  47.377  46.745  46.089  45.410  44.712  43.997  43.269  42.529  41.780  41.024  40.265  39.504
  52.268  52.083  51.844  51.553  51.211  50.820  50.384  49.905  49.385  48.827  48.235  47.612  46.960  46.282  45.582  44.862  44.126  43.375  42.613  41.842  41.066  40.285  39.503
  52.665  52.473  52.224  51.922  51.567  51.162  50.710  50.214  49.676  49.100  48.489  47.845  47.172  46.473  45.751  45.010  44.251  43.478  42.694  41.902  41.104  40.302  39.499
  53.062  52.862  52.604  52.290  51.922  51.503  51.035  50.522  49.966  49.371  48.740  48.075  47.381  46.661  45.918  45.154  44.373  43.579  42.773  41.958  41.138  40.315  39.491
  53.458  53.250  52.983  52.657  52.276  51.843  51.359  50.828  50.254  49.640  48.988  48.303  47.588  46.846  46.081  45.295  44.493  43.676  42.848  42.012  41.170  40.325  39.480
  53.853  53.638  53.361  53.024  52.630  52.181  51.681  51.133  50.540  49.906  49.235  48.529  47.792  47.029  46.241  45.434  44.609  43.770  42.920  42.062  41.198  40.332  39.466
  54.249  54.025  53.738  53.389  52.982  52.518  52.002  51.436  50.825  50.171  49.479  48.752  47.994  47.209  46.399  45.569  44.722  43.861  42.989  42.109  41.223  40.336  39.449
  54.644  54.412  54.115  53.754  53.333  52.854  52.321  51.737  51.107  50.433  49.721  48.973  48.193  47.386  46.554  45.702  44.832  43.949  43.054  42.152  41.246  40.337  39.428
  55.039  54.799  54.491  54.119  53.683  53.189  52.639  52.037  51.387  50.694  49.960  49.191  48.389  47.560  46.706  45.831  44.939  44.034  43.117  42.193  41.265  40.334  39.405
  55.433  55.185  54.867  54.482  54.032  53.522  52.955  52.335  51.666  50.952  50.197  49.406  48.583  47.731  46.855  45.958  45.044  44.115  43.177  42.231  41.281  40.329  39.378
  55.827  55.571  55.242  54.845  54.381  53.855  53.270  52.631  51.942  51.208  50.432  49.620  48.774  47.900  47.001  46.082  45.145  44.194  43.233  42.265  41.293  40.320  39.349
  56.222  55.957  55.617  55.207  54.728  54.186  53.583  52.926  52.217  51.462  50.665  49.830  48.963  48.066  47.145  46.202  45.243  44.270  43.287  42.297  41.303  40.309  39.316
  56.615  56.342  55.991  55.568  55.075  54.516  53.895  53.219  52.490  51.714  50.895  50.038  49.148  48.229  47.285  46.320  45.338  44.342  43.337  42.325  41.310  40.294  39.281
  57.009  56.727  56.365  55.928  55.420  54.844  54.206  53.510  52.760  51.963  51.123  50.244  49.331  48.389  47.422  46.435  45.430  44.412  43.384  42.350  41.313  40.276  39.242
  57.403  57.111  56.738  56.288  55.764  55.172  54.515  53.799  53.029  52.210  51.348  50.447  49.511  48.547  47.557  46.546  45.519  44.478  43.428  42.373  41.314  40.255  39.200
  57.796  57.496  57.111  56.647  56.108  55.498  54.822  54.086  53.296  52.455  51.571  50.647  49.689  48.701  47.688  46.655  45.605  44.542  43.470  42.392  41.311  40.232  39.156
  58.190  57.880  57.484  57.006  56.450  55.823  55.128  54.372  53.560  52.698  51.791  50.845  49.864  48.853  47.817  46.761  45.688  44.602  43.508  42.408  41.306  40.205  39.108
  58.583  58.263  57.855  57.363  56.792  56.146  55.432  54.656  53.823  52.939  52.009  51.040  50.035  49.001  47.943  46.863  45.767  44.659  43.542  42.421  41.297  40.175  39.057
  58.976  58.647  58.227  57.720  57.132  56.468  55.735  54.938  54.083  53.177  52.224  51.232  50.204  49.147  48.065  46.963  45.844  44.713  43.574  42.430  41.285  40.142  39.004
  59.369  59.030  58.598  58.076  57.471  56.789  56.036  55.218  54.341  53.412  52.437  51.421  50.370  49.290  48.185  47.059  45.917  44.764  43.603  42.437  41.270  40.106  38.947
  59.763  59.413  58.968  58.431  57.810  57.109  56.335  55.496  54.597  53.645  52.647  51.608  50.534  49.430  48.301  47.152  45.988  44.812  43.628  42.441  41.253  40.067  38.887
  60.156  59.796  59.338  58.786  58.147  57.427  56.633  55.772  54.851  53.876  52.854  51.792  50.694  49.566  48.414  47.242  46.055  44.856  43.651  42.441  41.232  40.025  38.825
  60.549  60.179  59.707  59.140  58.483  57.743  56.929  56.046  55.102  54.104  53.059  51.973  50.851  49.700  48.524  47.329  46.119  44.898  43.670  42.439  41.208  39.981  38.759
  60.942  60.561  60.076  59.493  58.818  58.059  57.223  56.318  55.351  54.330  53.261  52.151  51.005  49.830  48.631  47.413  46.180  44.936  43.686  42.433  41.181  39.933  38.691
  61.335  60.943  60.444  59.845  59.151  58.372  57.515  56.588  55.598  54.553  53.460  52.326  51.156  49.958  48.735  47.494  46.237  44.971  43.699  42.424  41.151  39.882  38.619
  61.728  61.325  60.812  60.196  59.484  58.684  57.805  56.855  55.842  54.773  53.656  52.498  51.305  50.082  48.836  47.571  46.292  45.003  43.709  42.412  41.117  39.828  38.545
  62.121  61.707  61.179  60.546  59.815  58.995  58.094  57.120  56.084  54.991  53.850  52.667  51.449  50.203  48.933  47.645  46.343  45.032  43.715  42.397  41.081  39.771  38.468
  62.514  62.088  61.546  60.896  60.145  59.304  58.380  57.384  56.323  55.206  54.040  52.833  51.591  50.321  49.027  47.716  46.391  45.057  43.719  42.379  41.042  39.711  38.387
  62.907  62.469  61.912  61.244  60.474  59.611  58.664  57.644  56.559  55.418  54.227  52.996  51.730  50.435  49.118  47.783  46.436  45.080  43.719  42.358  41.000  39.648  38.304
  63.300  62.850  62.278  61.592  60.801  59.916  58.947  57.903  56.793  55.627  54.412  53.156  51.865  50.547  49.206  47.848  46.477  45.099  43.716  42.334  40.954  39.582  38.218
  63.693  63.231  62.643  61.938  61.127  60.220  59.227  58.159  57.024  55.833  54.593  53.312  51.997  50.655  49.290  47.909  46.515  45.114  43.710  42.306  40.906  39.512  38.129
  64.086  63.611  63.007  62.284  61.451  60.521  59.505  58.412  57.253  56.036  54.771  53.466  52.126  50.759  49.371  47.966  46.550  45.127  43.701  42.275  40.854  39.440  38.036
  64.479  63.991  63.371  62.628  61.774  60.821  59.780  58.663  57.478  56.237  54.946  53.616  52.252  50.860  49.448  48.020  46.582  45.136  43.688  42.241  40.799  39.365  37.941
  64.873  64.371  63.734  62.971  62.096  61.119  60.054  58.911  57.701  56.434  55.118  53.762  52.374  50.958  49.522  48.071  46.610  45.142  43.672  42.204  40.742  39.287  37.843
  65.266  64.751  64.096  63.313  62.415  61.415  60.325  59.156  57.921  56.628  55.287  53.906  52.492  51.053  49.593  48.119  46.634  45.145  43.653  42.164  40.681  39.206  37.742
  65.659  65.130  64.457  63.654  62.733  61.709  60.593  59.399  58.137  56.819  55.452  54.046  52.607  51.144  49.660  48.163  46.656  45.144  43.631  42.121  40.617  39.122  37.638
  66.052  65.509  64.818  63.994  63.050  62.001  60.859  59.639  58.351  57.006  55.614  54.182  52.719  51.231  49.724  48.203  46.674  45.140  43.606  42.074  40.550  39.035  37.532
  66.446  65.887  65.178  64.332  63.364  62.290  61.123  59.876  58.562  57.190  55.772  54.315  52.827  51.315  49.784  48.240  46.689  45.133  43.577  42.025  40.480  38.945  37.422
  66.839  66.265  65.537  64.669  63.677  62.577  61.383  60.110  58.769  57.371  55.927  54.445  52.932  51.395  49.841  48.274  46.700  45.122  43.545  41.972  40.406  38.852  37.309
  67.232  66.643  65.895  65.004  63.988  62.862  61.641  60.341  58.973  57.549  56.078  54.570  53.033  51.472  49.894  48.304  46.708  45.108  43.510  41.916  40.330  38.755  37.194
  67.626  67.020  66.252  65.338  64.297  63.144  61.896  60.569  59.174  57.723  56.226  54.693  53.130  51.545  49.943  48.331  46.712  45.091  43.471  41.857  40.251  38.656  37.076
  68.019  67.397  66.608  65.671  64.603  63.424  62.149  60.793  59.371  57.893  56.370  54.811  53.224  51.614  49.989  48.354  46.713  45.070  43.429  41.794  40.168  38.554  36.954
  68.412  67.773  66.963  66.001  64.908  63.701  62.398  61.015  59.565  58.060  56.511  54.926  53.313  51.680  50.032  48.374  46.710  45.046  43.384  41.729  40.083  38.449  36.830
  68.806  68.149  67.317  66.331  65.210  63.975  62.644  61.233  59.755  58.223  56.647  55.037  53.400  51.742  50.070  48.390  46.704  45.018  43.336  41.660  39.995  38.340  36.702
  69.199  68.524  67.670  66.658  65.510  64.247  62.887  61.447  59.941  58.382  56.780  55.144  53.482  51.800  50.105  48.402  46.695  44.988  43.284  41.588  39.903  38.229  36.572
  69.592  68.899  68.021  66.983  65.807  64.515  63.127  61.658  60.124  58.538  56.909  55.247  53.560  51.855  50.137  48.411  46.682  44.953  43.229  41.513  39.808  38.115  36.439
  69.985  69.273  68.372  67.307  66.102  64.781  63.363  61.865  60.303  58.689  57.034  55.347  53.635  51.906  50.164  48.416  46.665  44.916  43.171  41.435  39.710  37.998  36.303
  70.379  69.646  68.720  67.628  66.395  65.044  63.596  62.069  60.478  58.837  57.155  55.442  53.706  51.953  50.188  48.418  46.645  44.875  43.110  41.353  39.609  37.877  36.164
  70.772  70.019  69.068  67.947  66.684  65.303  63.825  62.269  60.650  58.981  57.272  55.534  53.773  51.996  50.209  48.416  46.622  44.830  43.045  41.269  39.505  37.754  36.022
  71.164  70.390  69.414  68.264  66.971  65.559  64.051  62.465  60.817  59.120  57.385  55.621  53.836  52.035  50.225  48.410  46.595  44.783  42.977  41.181  39.398  37.628  35.877
  71.557  70.761  69.758  68.579  67.255  65.811  64.272  62.657  60.980  59.255  57.494  55.704  53.894  52.070  50.238  48.401  46.564  44.731  42.906  41.090  39.287  37.498  35.729
  71.950  71.131  70.100  68.891  67.535  66.060  64.490  62.844  61.139  59.387  57.599  55.784  53.949  52.102  50.246  48.388  46.530  44.677  42.831  40.996  39.174  37.366  35.579
  72.342  71.500  70.441  69.200  67.812  66.306  64.704  63.028  61.293  59.513  57.699  55.859  54.000  52.129  50.251  48.371  46.492  44.619  42.753  40.898  39.057  37.232  35.425
  72.735  71.868  70.779  69.507  68.086  66.547  64.914  63.207  61.444  59.636  57.795  55.930  54.047  52.153  50.253  48.351  46.451  44.557  42.672  40.798  38.938  37.094  35.268
  73.127  72.235  71.116  69.811  68.357  66.785  65.120  63.382  61.590  59.754  57.887  55.996  54.089  52.172  50.250  48.327  46.406  44.492  42.587  40.694  38.815  36.953  35.109
  73.518  72.600  71.450  70.112  68.624  67.018  65.321  63.553  61.731  59.868  57.974  56.059  54.128  52.188  50.244  48.299  46.358  44.424  42.499  40.587  38.689  36.808  34.947
  73.909  72.964  71.782  70.409  68.887  67.247  65.517  63.719  61.868  59.977  58.057  56.117  54.162  52.199  50.233  48.268  46.306  44.352  42.408  40.477  38.560  36.661  34.781
  74.300  73.327  72.111  70.704  69.146  67.472  65.710  63.880  62.000  60.081  58.136  56.170  54.192  52.207  50.219  48.232  46.251  44.277  42.314  40.363  38.428  36.511  34.613
  74.691  73.688  72.438  70.994  69.400  67.692  65.897  64.036  62.127  60.181  58.210  56.220  54.218  52.210  50.201  48.193  46.192  44.198  42.216  40.247  38.293  36.358  34.442
  75.080  74.047  72.762  71.281  69.651  67.908  66.079  64.188  62.249  60.276  58.279  56.265  54.240  52.210  50.179  48.151  46.129  44.116  42.115  40.127  38.155  36.202  34.268
  75.470  74.404  73.083  71.564  69.897  68.118  66.257  64.335  62.367  60.367  58.344  56.305  54.257  52.205  50.153  48.104  46.063  44.031  42.010  40.005  38.014  36.043  34.091
  75.858  74.760  73.401  71.843  70.138  68.324  66.429  64.476  62.480  60.452  58.404  56.341  54.270  52.196  50.123  48.054  45.993  43.942  41.903  39.879  37.870  35.881  33.911
  76.246  75.113  73.715  72.118  70.375  68.525  66.597  64.612  62.587  60.533  58.459  56.372  54.279  52.183  50.089  48.000  45.920  43.849  41.792  39.750  37.722  35.716  33.728
  76.633  75.464  74.025  72.388  70.606  68.720  66.759  64.743  62.689  60.609  58.510  56.399  54.283  52.166  50.052  47.943  45.843  43.753  41.677  39.617  37.572  35.548  33.543
  77.018  75.812  74.332  72.653  70.832  68.910  66.915  64.869  62.786  60.679  58.555  56.422  54.283  52.145  50.010  47.882  45.762  43.654  41.560  39.482  37.418  35.377  33.354
  77.403  76.157  74.634  72.913  71.052  69.094  67.066  64.989  62.878  60.745  58.596  56.439  54.279  52.120  49.965  47.816  45.678  43.551  41.439  39.343  37.263  35.203  33.163
  77.786  76.499  74.932  73.168  71.267  69.272  67.211  65.103  62.965  60.805  58.632  56.453  54.271  52.090  49.915  47.748  45.590  43.445  41.315  39.201  37.103  35.026  32.968
  78.168  76.837  75.225  73.417  71.476  69.444  67.350  65.212  63.046  60.860  58.664  56.461  54.258  52.057  49.862  47.675  45.499  43.336  41.187  39.056  36.941  34.846  32.771
  78.548  77.172  75.512  73.660  71.679  69.610  67.483  65.315  63.121  60.910  58.690  56.465  54.240  52.019  49.804  47.599  45.404  43.223  41.057  38.907  36.775  34.663  32.571
  78.926  77.503  75.795  73.897  71.875  69.770  67.610  65.412  63.191  60.955  58.711  56.464  54.218  51.977  49.743  47.518  45.306  43.107  40.923  38.756  36.607  34.477  32.368
  79.302  77.830  76.071  74.128  72.065  69.923  67.730  65.504  63.256  60.995  58.727  56.459  54.192  51.931  49.678  47.435  45.204  42.987  40.786  38.601  36.435  34.288  32.162
  79.675  78.151  76.341  74.352  72.247  70.070  67.844  65.589  63.314  61.029  58.739  56.448  54.161  51.880  49.608  47.347  45.098  42.864  40.645  38.443  36.260  34.096  31.953
  80.045  78.467  76.605  74.568  72.423  70.209  67.952  65.668  63.367  61.058  58.745  56.433  54.126  51.826  49.535  47.256  44.989  42.737  40.501  38.282  36.082  33.902  31.741
  80.413  78.778  76.861  74.777  72.591  70.342  68.053  65.741  63.414  61.081  58.746  56.414  54.087  51.767  49.458  47.160  44.876  42.607  40.354  38.118  35.902  33.704  31.526
  80.776  79.081  77.110  74.979  72.751  70.467  68.147  65.807  63.455  61.099  58.742  56.389  54.043  51.704  49.377  47.062  44.760  42.474  40.204  37.951  35.718  33.503  31.308
  81.135  79.378  77.351  75.172  72.904  70.585  68.235  65.867  63.491  61.111  58.733  56.360  53.994  51.637  49.292  46.959  44.640  42.337  40.050  37.780  35.531  33.299  31.088
  81.489  79.668  77.583  75.356  73.049  70.695  68.315  65.921  63.520  61.118  58.719  56.326  53.941  51.566  49.203  46.853  44.517  42.197  39.895  37.607  35.341  33.093  30.864
  81.838  79.948  77.806  75.532  73.185  70.798  68.388  65.968  63.543  61.120  58.700  56.287  53.884  51.491  49.110  46.743  44.390  42.054  39.735  37.430  35.148  32.883  30.638
  82.179  80.220  78.019  75.698  73.312  70.892  68.454  66.008  63.561  61.115  58.676  56.244  53.822  51.411  49.013  46.629  44.260  41.907  39.571  37.252  34.952  32.671  30.409
