  -99.734  -99.587  -99.459  -99.342  -99.234  -99.133  -99.038  -98.949  -98.865  -98.786  -98.713  -98.646  -98.584  -98.529  -98.479  -98.437  -98.401  -98.373  -98.354  -98.345  -98.347  -98.364  -98.404
  -99.449  -99.307  -99.170  -99.040  -98.914  -98.793  -98.677  -98.566  -98.461  -98.361  -98.267  -98.180  -98.098  -98.023  -97.955  -97.894  -97.840  -97.794  -97.757  -97.728  -97.708  -97.699  -97.700
  -99.247  -99.084  -98.925  -98.771  -98.621  -98.476  -98.336  -98.202  -98.074  -97.952  -97.839  -97.730  -97.628  -97.535  -97.449  -97.371  -97.301  -97.241  -97.190  -97.148  -97.116  -97.094  -97.083
  -99.095  -98.905  -98.720  -98.538  -98.362  -98.191  -98.026  -97.867  -97.715  -97.570  -97.432  -97.303  -97.182  -97.072  -96.969  -96.875  -96.791  -96.717  -96.654  -96.602  -96.560  -96.530  -96.511
  -98.962  -98.744  -98.530  -98.321  -98.117  -97.920  -97.728  -97.544  -97.367  -97.199  -97.039  -96.889  -96.748  -96.618  -96.498  -96.391  -96.293  -96.207  -96.132  -96.070  -96.020  -95.983  -95.959
  -98.839  -98.592  -98.349  -98.111  -97.879  -97.654  -97.436  -97.226  -97.025  -96.833  -96.651  -96.480  -96.320  -96.171  -96.035  -95.911  -95.799  -95.703  -95.618  -95.547  -95.489  -95.446  -95.418
  -98.722  -98.445  -98.172  -97.905  -97.644  -97.391  -97.147  -96.911  -96.685  -96.469  -96.265  -96.073  -95.893  -95.727  -95.574  -95.435  -95.310  -95.200  -95.107  -95.027  -94.963  -94.915  -94.882
  -98.608  -98.300  -97.997  -97.701  -97.411  -97.130  -96.858  -96.596  -96.345  -96.106  -95.879  -95.666  -95.467  -95.283  -95.113  -94.960  -94.822  -94.701  -94.596  -94.510  -94.439  -94.386  -94.350
  -98.497  -98.158  -97.824  -97.497  -97.178  -96.868  -96.569  -96.280  -96.004  -95.741  -95.493  -95.259  -95.040  -94.838  -94.653  -94.485  -94.334  -94.202  -94.088  -93.994  -93.917  -93.860  -93.821
  -98.387  -98.016  -97.651  -97.293  -96.944  -96.606  -96.278  -95.963  -95.662  -95.375  -95.104  -94.849  -94.612  -94.392  -94.191  -94.008  -93.846  -93.703  -93.580  -93.477  -93.396  -93.335  -93.294
  -98.278  -97.874  -97.477  -97.088  -96.709  -96.342  -95.986  -95.645  -95.318  -95.007  -94.714  -94.438  -94.181  -93.944  -93.727  -93.531  -93.356  -93.202  -93.071  -92.961  -92.875  -92.810  -92.767
  -98.283  -97.847  -97.419  -97.000  -96.592  -96.196  -95.815  -95.448  -95.098  -94.765  -94.452  -94.158  -93.884  -93.632  -93.402  -93.194  -93.010  -92.849  -92.712  -92.598  -92.511  -92.446  -92.405
  -98.357  -97.887  -97.427  -96.977  -96.539  -96.115  -95.707  -95.316  -94.943  -94.589  -94.255  -93.944  -93.654  -93.388  -93.146  -92.928  -92.736  -92.569  -92.427  -92.312  -92.226  -92.163  -92.127
  -98.477  -97.971  -97.476  -96.994  -96.526  -96.074  -95.639  -95.222  -94.826  -94.451  -94.098  -93.768  -93.463  -93.184  -92.930  -92.703  -92.503  -92.331  -92.187  -92.072  -91.987  -91.929  -91.900
  -98.638  -98.094  -97.564  -97.049  -96.549  -96.068  -95.605  -95.164  -94.744  -94.347  -93.975  -93.628  -93.308  -93.015  -92.751  -92.515  -92.309  -92.133  -91.988  -91.873  -91.792  -91.740  -91.721
  -98.684  -98.105  -97.541  -96.994  -96.464  -95.953  -95.464  -94.996  -94.553  -94.134  -93.742  -93.378  -93.041  -92.735  -92.458  -92.212  -91.998  -91.816  -91.667  -91.551  -91.471  -91.422  -91.408
  -98.506  -97.897  -97.304  -96.727  -96.169  -95.630  -95.114  -94.621  -94.153  -93.712  -93.299  -92.915  -92.560  -92.237  -91.946  -91.688  -91.462  -91.270  -91.113  -90.990  -90.904  -90.850  -90.832
  -98.335  -97.696  -97.072  -96.465  -95.877  -95.310  -94.767  -94.248  -93.756  -93.292  -92.857  -92.454  -92.082  -91.743  -91.437  -91.166  -90.930  -90.729  -90.563  -90.434  -90.343  -90.286  -90.265
  -98.170  -97.498  -96.843  -96.205  -95.588  -94.992  -94.421  -93.876  -93.360  -92.873  -92.417  -91.994  -91.604  -91.250  -90.930  -90.647  -90.400  -90.190  -90.017  -89.882  -89.784  -89.726  -89.704
  -98.008  -97.305  -96.617  -95.948  -95.300  -94.675  -94.076  -93.505  -92.964  -92.454  -91.977  -91.534  -91.127  -90.757  -90.424  -90.129  -89.872  -89.653  -89.474  -89.333  -89.232  -89.172  -89.148
  -97.850  -97.113  -96.393  -95.691  -95.012  -94.358  -93.731  -93.133  -92.567  -92.034  -91.536  -91.074  -90.650  -90.264  -89.918  -89.611  -89.344  -89.118  -88.932  -88.787  -88.683  -88.621  -88.596
  -97.695  -96.923  -96.169  -95.435  -94.725  -94.041  -93.385  -92.760  -92.169  -91.613  -91.094  -90.613  -90.172  -89.771  -89.412  -89.094  -88.818  -88.584  -88.392  -88.243  -88.136  -88.072  -88.048
  -97.541  -96.735  -95.946  -95.179  -94.437  -93.722  -93.038  -92.386  -91.770  -91.191  -90.651  -90.151  -89.693  -89.277  -88.905  -88.576  -88.291  -88.050  -87.853  -87.700  -87.591  -87.527  -87.502
  -97.389  -96.547  -95.724  -94.923  -94.148  -93.403  -92.689  -92.010  -91.369  -90.767  -90.205  -89.687  -89.212  -88.782  -88.397  -88.057  -87.764  -87.516  -87.315  -87.158  -87.047  -86.983  -86.959
  -97.237  -96.359  -95.500  -94.665  -93.858  -93.081  -92.338  -91.632  -90.965  -90.340  -89.758  -89.221  -88.729  -88.285  -87.887  -87.538  -87.236  -86.982  -86.776  -86.617  -86.505  -86.440  -86.419
  -97.086  -96.171  -95.276  -94.407  -93.566  -92.757  -91.985  -91.251  -90.559  -89.911  -89.308  -88.752  -88.244  -87.786  -87.377  -87.017  -86.708  -86.448  -86.238  -86.076  -85.963  -85.900  -85.880
  -96.936  -95.983  -95.051  -94.146  -93.272  -92.431  -91.629  -90.868  -90.150  -89.479  -88.855  -88.281  -87.757  -87.285  -86.864  -86.495  -86.179  -85.914  -85.699  -85.536  -85.422  -85.358  -85.343
  -96.785  -95.794  -94.825  -93.884  -92.975  -92.103  -91.270  -90.481  -89.738  -89.044  -88.399  -87.807  -87.267  -86.782  -86.350  -85.972  -85.648  -85.378  -85.161  -84.996  -84.882  -84.819  -84.807
  -96.635  -95.604  -94.597  -93.620  -92.676  -91.771  -90.908  -90.091  -89.323  -88.605  -87.940  -87.330  -86.775  -86.276  -85.833  -85.447  -85.116  -84.842  -84.622  -84.456  -84.343  -84.281  -84.272
  -96.484  -95.413  -94.367  -93.353  -92.374  -91.436  -90.543  -89.698  -88.904  -88.163  -87.478  -86.850  -86.280  -85.768  -85.315  -84.920  -84.583  -84.304  -84.082  -83.915  -83.803  -83.744  -83.739
  -96.332  -95.221  -94.136  -93.084  -92.069  -91.098  -90.174  -89.301  -88.481  -87.717  -87.012  -86.366  -85.781  -85.257  -84.794  -84.391  -84.049  -83.766  -83.542  -83.375  -83.264  -83.208  -83.207
  -96.180  -95.027  -93.902  -92.812  -91.761  -90.757  -89.801  -88.899  -88.054  -87.268  -86.543  -85.880  -85.280  -84.743  -84.270  -83.860  -83.513  -83.226  -83.001  -82.834  -82.725  -82.672  -82.676
  -96.027  -94.831  -93.666  -92.537  -91.450  -90.411  -89.425  -88.494  -87.623  -86.814  -86.069  -85.389  -84.775  -84.227  -83.744  -83.327  -82.975  -82.686  -82.459  -82.293  -82.186  -82.137  -82.145
  -95.873  -94.634  -93.427  -92.258  -91.135  -90.062  -89.044  -88.085  -87.188  -86.357  -85.592  -84.895  -84.267  -83.707  -83.216  -82.792  -82.435  -82.144  -81.916  -81.751  -81.647  -81.602  -81.616
  -95.717  -94.435  -93.185  -91.977  -90.816  -89.708  -88.659  -87.671  -86.749  -85.895  -85.111  -84.397  -83.755  -83.184  -82.685  -82.255  -81.894  -81.600  -81.373  -81.210  -81.109  -81.068  -81.087
  -95.561  -94.233  -92.941  -91.692  -90.493  -89.351  -88.269  -87.253  -86.305  -85.428  -84.625  -83.895  -83.240  -82.659  -82.151  -81.715  -81.351  -81.056  -80.829  -80.667  -80.570  -80.534  -80.559
  -95.403  -94.030  -92.694  -91.404  -90.166  -88.988  -87.874  -86.829  -85.856  -84.958  -84.135  -83.390  -82.721  -82.130  -81.614  -81.173  -80.806  -80.510  -80.283  -80.125  -80.031  -80.000  -80.032
  -95.243  -93.823  -92.443  -91.111  -89.835  -88.621  -87.475  -86.401  -85.403  -84.482  -83.641  -82.880  -82.199  -81.598  -81.075  -80.629  -80.259  -79.963  -79.737  -79.581  -79.492  -79.467  -79.506
  -95.082  -93.615  -92.190  -90.815  -89.500  -88.250  -87.071  -85.968  -84.944  -84.002  -83.142  -82.366  -81.673  -81.062  -80.533  -80.083  -79.711  -79.414  -79.190  -79.038  -78.953  -78.934  -78.980
  -94.919  -93.404  -91.932  -90.515  -89.159  -87.873  -86.662  -85.530  -84.481  -83.517  -82.639  -81.848  -81.143  -80.523  -79.988  -79.534  -79.160  -78.864  -78.643  -78.494  -78.414  -78.402  -78.455
  -94.755  -93.190  -91.671  -90.210  -88.814  -87.491  -86.247  -85.086  -84.012  -83.027  -82.131  -81.325  -80.609  -79.981  -79.440  -78.983  -78.608  -78.313  -78.094  -77.949  -77.875  -77.870  -77.931
  -94.588  -92.973  -91.407  -89.901  -88.464  -87.104  -85.827  -84.637  -83.538  -82.531  -81.618  -80.799  -80.072  -79.436  -78.889  -78.429  -78.054  -77.760  -77.544  -77.404  -77.336  -77.338  -77.408
  -94.419  -92.752  -91.138  -89.587  -88.109  -86.712  -85.401  -84.183  -83.058  -82.031  -81.101  -80.267  -79.530  -78.887  -78.335  -77.873  -77.498  -77.206  -76.993  -76.858  -76.797  -76.807  -76.885
  -94.249  -92.529  -90.865  -89.268  -87.749  -86.314  -84.970  -83.722  -82.573  -81.525  -80.578  -79.732  -78.984  -78.334  -77.779  -77.315  -76.940  -76.650  -76.442  -76.313  -76.258  -76.276  -76.363
  -94.076  -92.303  -90.588  -88.945  -87.383  -85.910  -84.533  -83.256  -82.083  -81.014  -80.051  -79.192  -78.435  -77.779  -77.219  -76.754  -76.380  -76.093  -75.890  -75.766  -75.719  -75.745  -75.841
  -93.900  -92.072  -90.307  -88.616  -87.011  -85.500  -84.089  -82.784  -81.586  -80.498  -79.518  -78.647  -77.881  -77.219  -76.657  -76.191  -75.819  -75.535  -75.337  -75.219  -75.180  -75.215  -75.321
  -93.723  -91.839  -90.021  -88.282  -86.633  -85.083  -83.639  -82.305  -81.083  -79.975  -78.981  -78.098  -77.324  -76.656  -76.092  -75.626  -75.255  -74.976  -74.783  -74.672  -74.641  -74.685  -74.801
  -93.542  -91.601  -89.730  -87.942  -86.250  -84.661  -83.183  -81.820  -80.575  -79.448  -78.438  -77.544  -76.762  -76.090  -75.524  -75.058  -74.690  -74.415  -74.228  -74.125  -74.102  -74.156  -74.282
  -93.359  -91.360  -89.434  -87.597  -85.860  -84.232  -82.720  -81.329  -80.060  -78.914  -77.890  -76.985  -76.196  -75.520  -74.952  -74.488  -74.123  -73.853  -73.672  -73.577  -73.563  -73.627  -73.764
  -93.173  -91.114  -89.133  -87.245  -85.463  -83.796  -82.251  -80.831  -79.539  -78.375  -77.336  -76.422  -75.626  -74.947  -74.378  -73.916  -73.555  -73.290  -73.116  -73.029  -73.025  -73.098  -73.247
  -92.985  -90.864  -88.827  -86.888  -85.060  -83.353  -81.774  -80.326  -79.011  -77.829  -76.778  -75.853  -75.052  -74.370  -73.802  -73.341  -72.984  -72.725  -72.559  -72.481  -72.486  -72.570  -72.730
  -92.793  -90.610  -88.515  -86.524  -84.650  -82.903  -81.290  -79.815  -78.477  -77.278  -76.213  -75.280  -74.474  -73.790  -73.222  -72.765  -72.412  -72.160  -72.002  -71.932  -71.948  -72.043  -72.214
  -92.598  -90.351  -88.197  -86.153  -84.233  -82.446  -80.800  -79.296  -77.937  -76.720  -75.644  -74.703  -73.892  -73.206  -72.639  -72.185  -71.839  -71.593  -71.443  -71.384  -71.410  -71.516  -71.700
  -92.399  -90.087  -87.873  -85.776  -83.809  -81.982  -80.301  -78.770  -77.390  -76.157  -75.068  -74.120  -73.305  -72.619  -72.054  -71.604  -71.263  -71.025  -70.885  -70.835  -70.872  -70.992  -71.186
  -92.198  -89.818  -87.543  -85.391  -83.377  -81.509  -79.795  -78.237  -76.835  -75.587  -74.488  -73.532  -72.715  -72.028  -71.466  -71.021  -70.687  -70.457  -70.325  -70.286  -70.334  -70.467  -70.673
  -91.992  -89.544  -87.207  -85.000  -82.937  -81.029  -79.281  -77.697  -76.274  -75.011  -73.901  -72.940  -72.120  -71.434  -70.875  -70.435  -70.108  -69.887  -69.765  -69.737  -69.797  -69.942  -70.161
  -91.783  -89.265  -86.864  -84.600  -82.489  -80.540  -78.759  -77.148  -75.706  -74.428  -73.309  -72.343  -71.521  -70.836  -70.281  -69.848  -69.528  -69.316  -69.205  -69.188  -69.260  -69.418  -69.650
  -91.570  -88.980  -86.514  -84.193  -82.033  -80.043  -78.229  -76.593  -75.131  -73.839  -72.711  -71.740  -70.918  -70.235  -69.685  -69.258  -68.947  -68.745  -68.644  -68.639  -68.724  -68.894  -69.140
  -91.353  -88.689  -86.157  -83.778  -81.568  -79.538  -77.691  -76.029  -74.548  -73.243  -72.108  -71.133  -70.311  -69.631  -69.086  -68.666  -68.364  -68.172  -68.083  -68.090  -68.188  -68.371  -68.631
  -91.132  -88.392  -85.792  -83.354  -81.095  -79.023  -77.144  -75.457  -73.958  -72.641  -71.499  -70.521  -69.699  -69.023  -68.484  -68.073  -67.780  -67.599  -67.522  -67.541  -67.652  -67.849  -68.124
  -90.906  -88.089  -85.420  -82.922  -80.612  -78.500  -76.588  -74.877  -73.360  -72.032  -70.884  -69.904  -69.084  -68.413  -67.880  -67.477  -67.195  -67.025  -66.960  -66.993  -67.117  -67.328  -67.617
  -90.676  -87.779  -85.039  -82.481  -80.120  -77.967  -76.023  -74.288  -72.755  -71.417  -70.263  -69.282  -68.464  -67.798  -67.273  -66.880  -66.608  -66.450  -66.398  -66.444  -66.582  -66.808  -67.111
  -90.440  -87.462  -84.650  -82.030  -79.619  -77.424  -75.449  -73.691  -72.143  -70.794  -69.636  -68.655  -67.841  -67.181  -66.664  -66.281  -66.021  -65.875  -65.836  -65.896  -66.048  -66.289  -66.607
  -90.200  -87.138  -84.253  -81.570  -79.107  -76.872  -74.866  -73.086  -71.522  -70.165  -69.003  -68.024  -67.213  -66.560  -66.053  -65.680  -65.432  -65.299  -65.274  -65.348  -65.515  -65.770  -66.104
  -89.954  -86.806  -83.846  -81.100  -78.585  -76.310  -74.273  -72.471  -70.894  -69.529  -68.365  -67.387  -66.582  -65.937  -65.439  -65.077  -64.842  -64.723  -64.711  -64.800  -64.982  -65.253  -65.602
  -89.703  -86.467  -83.430  -80.620  -78.053  -75.737  -73.671  -71.848  -70.257  -68.886  -67.721  -66.746  -65.946  -65.310  -64.823  -64.473  -64.251  -64.146  -64.149  -64.253  -64.450  -64.736  -65.101
  -89.446  -86.119  -83.004  -80.128  -77.510  -75.154  -73.058  -71.215  -69.613  -68.237  -67.071  -66.099  -65.307  -64.680  -64.204  -63.868  -63.659  -63.568  -63.587  -63.706  -63.919  -64.221  -64.602
  -89.183  -85.763  -82.568  -79.626  -76.955  -74.559  -72.435  -70.574  -68.961  -67.580  -66.415  -65.448  -64.664  -64.047  -63.584  -63.260  -63.066  -62.990  -63.024  -63.159  -63.389  -63.706  -64.104
  -88.913  -85.398  -82.121  -79.112  -76.389  -73.954  -71.802  -69.923  -68.300  -66.916  -65.753  -64.792  -64.017  -63.412  -62.961  -62.652  -62.472  -62.412  -62.462  -62.613  -62.859  -63.193  -63.607
  -88.637  -85.023  -81.663  -78.587  -75.810  -73.337  -71.159  -69.263  -67.631  -66.245  -65.085  -64.132  -63.366  -62.773  -62.336  -62.042  -61.878  -61.834  -61.900  -62.068  -62.330  -62.681  -63.111
  -88.354  -84.639  -81.193  -78.048  -75.220  -72.708  -70.504  -68.593  -66.954  -65.568  -64.412  -63.466  -62.712  -62.132  -61.709  -61.430  -61.283  -61.255  -61.338  -61.523  -61.802  -62.170  -62.617
  -88.064  -84.244  -80.711  -77.498  -74.616  -72.067  -69.839  -67.913  -66.269  -64.883  -63.733  -62.796  -62.054  -61.488  -61.080  -60.818  -60.687  -60.677  -60.777  -60.979  -61.276  -61.660  -62.127
  -87.765  -83.838  -80.217  -76.933  -74.000  -71.414  -69.162  -67.223  -65.575  -64.191  -63.048  -62.122  -61.393  -60.841  -60.450  -60.204  -60.091  -60.098  -60.216  -60.435  -60.750  -61.152  -61.636
  -87.459  -83.422  -79.710  -76.355  -73.370  -70.748  -68.474  -66.524  -64.872  -63.492  -62.357  -61.443  -60.728  -60.192  -59.818  -59.589  -59.494  -59.519  -59.655  -59.893  -60.225  -60.644  -61.146
  -87.143  -82.993  -79.188  -75.763  -72.726  -70.070  -67.774  -65.814  -64.161  -62.786  -61.660  -60.759  -60.059  -59.540  -59.183  -58.973  -58.896  -58.940  -59.094  -59.351  -59.701  -60.138  -60.658
  -86.819  -82.552  -78.653  -75.156  -72.068  -69.377  -67.063  -65.095  -63.442  -62.073  -60.958  -60.071  -59.388  -58.886  -58.548  -58.357  -58.298  -58.361  -58.535  -58.809  -59.180  -59.633  -60.172
  -86.485  -82.097  -78.102  -74.533  -71.394  -68.672  -66.339  -64.365  -62.714  -61.353  -60.251  -59.379  -58.713  -58.230  -57.911  -57.739  -57.700  -57.783  -57.975  -58.269  -58.658  -59.130  -59.687
  -86.141  -81.629  -77.536  -73.895  -70.706  -67.952  -65.604  -63.625  -61.977  -60.626  -59.538  -58.683  -58.035  -57.571  -57.272  -57.121  -57.102  -57.204  -57.416  -57.730  -58.138  -58.628  -59.203
  -85.787  -81.147  -76.954  -73.239  -70.002  -67.219  -64.856  -62.874  -61.232  -59.892  -58.819  -57.982  -57.354  -56.910  -56.632  -56.501  -56.504  -56.626  -56.858  -57.191  -57.618  -58.128  -58.721
  -85.421  -80.649  -76.354  -72.567  -69.281  -66.470  -64.095  -62.113  -60.478  -59.151  -58.095  -57.277  -56.670  -56.248  -55.991  -55.882  -55.905  -56.048  -56.301  -56.654  -57.100  -57.628  -58.241
  -85.042  -80.135  -75.737  -71.877  -68.544  -65.707  -63.322  -61.341  -59.716  -58.404  -57.366  -56.569  -55.983  -55.583  -55.348  -55.261  -55.307  -55.471  -55.744  -56.117  -56.583  -57.131  -57.763
  -84.652  -79.604  -75.101  -71.168  -67.790  -64.929  -62.536  -60.558  -58.945  -57.649  -56.631  -55.856  -55.293  -54.916  -54.705  -54.641  -54.708  -54.894  -55.188  -55.582  -56.068  -56.635  -57.286
  -84.247  -79.055  -74.445  -70.440  -67.018  -64.136  -61.737  -59.765  -58.165  -56.888  -55.892  -55.140  -54.600  -54.248  -54.060  -54.019  -54.109  -54.318  -54.633  -55.047  -55.553  -56.140  -56.811
  -83.828  -78.487  -73.769  -69.691  -66.228  -63.326  -60.925  -58.961  -57.377  -56.120  -55.147  -54.420  -53.905  -53.578  -53.415  -53.398  -53.511  -53.742  -54.079  -54.514  -55.040  -55.647  -56.337
  -83.394  -77.899  -73.071  -68.923  -65.419  -62.501  -60.100  -58.147  -56.580  -55.346  -54.398  -53.696  -53.208  -52.906  -52.769  -52.776  -52.913  -53.167  -53.526  -53.983  -54.529  -55.158  -55.865
  -82.943  -77.290  -72.350  -68.132  -64.591  -61.660  -59.261  -57.321  -55.775  -54.566  -53.644  -52.969  -52.508  -52.233  -52.122  -52.154  -52.315  -52.592  -52.974  -53.452  -54.019  -54.668  -55.395
  -82.475  -76.658  -71.606  -67.320  -63.744  -60.801  -58.408  -56.485  -54.962  -53.779  -52.885  -52.238  -51.806  -51.559  -51.474  -51.532  -51.718  -52.019  -52.423  -52.923  -53.510  -54.180  -54.927
  -81.988  -76.003  -70.838  -66.484  -62.876  -59.927  -57.542  -55.639  -54.140  -52.985  -52.121  -51.505  -51.102  -50.883  -50.826  -50.910  -51.121  -51.446  -51.873  -52.395  -53.003  -53.694  -54.461
  -81.480  -75.322  -70.043  -65.624  -61.988  -59.034  -56.663  -54.781  -53.311  -52.186  -51.353  -50.768  -50.396  -50.206  -50.177  -50.288  -50.525  -50.874  -51.324  -51.868  -52.498  -53.209  -53.996
  -80.951  -74.615  -69.221  -64.739  -61.078  -58.125  -55.769  -53.913  -52.473  -51.381  -50.581  -50.028  -49.687  -49.529  -49.528  -49.667  -49.929  -50.303  -50.777  -51.343  -51.994  -52.726  -53.533
  -80.399  -73.879  -68.370  -63.829  -60.147  -57.198  -54.862  -53.034  -51.627  -50.570  -49.804  -49.286  -48.978  -48.850  -48.879  -49.045  -49.334  -49.732  -50.230  -50.819  -51.492  -52.245  -53.072
  -79.822  -73.112  -67.490  -62.892  -59.194  -56.254  -53.941  -52.145  -50.774  -49.753  -49.024  -48.541  -48.266  -48.170  -48.229  -48.424  -48.740  -49.163  -49.685  -50.297  -50.991  -51.765  -52.613
  -79.218  -72.314  -66.578  -61.928  -58.218  -55.291  -53.007  -51.246  -49.912  -48.930  -48.240  -47.793  -47.553  -47.490  -47.580  -47.804  -48.146  -48.595  -49.141  -49.778  -50.492  -51.288  -52.156
  -78.585  -71.481  -65.633  -60.935  -57.219  -54.311  -52.058  -50.336  -49.044  -48.103  -47.452  -47.043  -46.839  -46.809  -46.930  -47.184  -47.554  -48.029  -48.599  -49.259  -49.995  -50.812  -51.701
  -77.921  -70.612  -64.654  -59.913  -56.196  -53.312  -51.096  -49.416  -48.168  -47.270  -46.661  -46.291  -46.124  -46.128  -46.281  -46.564  -46.962  -47.463  -48.058  -48.741  -49.499  -50.338  -51.248
  -77.222  -69.703  -63.638  -58.861  -55.150  -52.295  -50.121  -48.486  -47.285  -46.432  -45.866  -45.537  -45.407  -45.447  -45.632  -45.945  -46.371  -46.899  -47.519  -48.225  -49.005  -49.866  -50.796
  -76.486  -68.753  -62.584  -57.777  -54.079  -51.260  -49.131  -47.547  -46.395  -45.590  -45.068  -44.781  -44.690  -44.765  -44.983  -45.327  -45.782  -46.336  -46.981  -47.710  -48.513  -49.395  -50.347
  -75.710  -67.759  -61.491  -56.661  -52.984  -50.207  -48.129  -46.598  -45.498  -44.743  -44.268  -44.023  -43.971  -44.083  -44.335  -44.710  -45.193  -45.774  -46.444  -47.197  -48.025  -48.927  -49.899
  -74.889  -66.717  -60.356  -55.512  -51.863  -49.135  -47.113  -45.639  -44.595  -43.891  -43.464  -43.264  -43.252  -43.401  -43.687  -44.093  -44.606  -45.214  -45.909  -46.686  -47.537  -48.460  -49.454
  -74.021  -65.625  -59.178  -54.330  -50.718  -48.045  -46.085  -44.672  -43.685  -43.036  -42.658  -42.503  -42.533  -42.719  -43.040  -43.478  -44.020  -44.655  -45.376  -46.177  -47.050  -47.996  -49.010
  -73.099  -64.478  -57.954  -53.113  -49.547  -46.937  -45.043  -43.695  -42.770  -42.177  -41.850  -41.741  -41.813  -42.038  -42.393  -42.863  -43.435  -44.098  -44.844  -45.669  -46.566  -47.533  -48.569
  -72.120  -63.273  -56.684  -51.860  -48.351  -45.811  -43.989  -42.710  -41.849  -41.313  -41.039  -40.978  -41.093  -41.356  -41.748  -42.250  -42.852  -43.542  -44.315  -45.163  -46.083  -47.073  -48.129
  -71.076  -62.007  -55.364  -50.571  -47.129  -44.667  -42.923  -41.717  -40.922  -40.447  -40.227  -40.214  -40.373  -40.676  -41.103  -41.638  -42.270  -42.988  -43.787  -44.659  -45.603  -46.614  -47.692
  -69.963  -60.674  -53.992  -49.246  -45.882  -43.506  -41.845  -40.716  -39.990  -39.577  -39.413  -39.450  -39.653  -39.996  -40.459  -41.027  -41.689  -42.436  -43.260  -44.157  -45.124  -46.157  -47.256
  -68.771  -59.271  -52.568  -47.883  -44.610  -42.327  -40.756  -39.708  -39.054  -38.705  -38.597  -38.684  -38.933  -39.316  -39.816  -40.418  -41.111  -41.885  -42.736  -43.657  -44.647  -45.702  -46.823
  -67.494  -57.793  -51.089  -46.483  -43.312  -41.132  -39.656  -38.692  -38.113  -37.830  -37.780  -37.919  -38.213  -38.638  -39.175  -39.810  -40.533  -41.336  -42.213  -43.158  -44.172  -45.250  -46.392
  -66.121  -56.234  -49.553  -45.045  -41.989  -39.920  -38.544  -37.669  -37.168  -36.952  -36.962  -37.153  -37.494  -37.960  -38.534  -39.204  -39.958  -40.789  -41.692  -42.662  -43.699  -44.799  -45.962
  -64.642  -54.590  -47.958  -43.569  -40.641  -38.693  -37.423  -36.640  -36.219  -36.073  -36.143  -36.388  -36.775  -37.283  -37.895  -38.599  -39.384  -40.244  -41.173  -42.168  -43.228  -44.350  -45.535
  -63.045  -52.855  -46.304  -42.055  -39.270  -37.450  -36.292  -35.606  -35.266  -35.192  -35.324  -35.622  -36.057  -36.608  -37.258  -37.995  -38.812  -39.700  -40.658  -41.675  -42.759  -43.904  -45.110
  -61.316  -51.025  -44.589  -40.503  -37.875  -36.193  -35.152  -34.565  -34.311  -34.309  -34.504  -34.857  -35.340  -35.934  -36.622  -37.394  -38.242  -39.159  -40.143  -41.185  -42.293  -43.459  -44.687
  -59.440  -49.094  -42.812  -38.913  -36.457  -34.922  -34.004  -33.520  -33.353  -33.425  -33.684  -34.092  -34.624  -35.261  -35.987  -36.794  -37.673  -38.619  -39.630  -40.698  -41.828  -43.017  -44.266
