  42.994  43.160  43.276  43.372  43.455  43.527  43.592  43.650  43.701  43.746  43.785  43.818  43.846  43.867  43.883  43.892  43.895  43.891  43.880  43.861  43.833  43.794  43.740  43.664  43.536
  43.478  43.586  43.685  43.777  43.862  43.940  44.012  44.079  44.139  44.193  44.241  44.283  44.319  44.348  44.371  44.387  44.397  44.399  44.395  44.383  44.364  44.336  44.300  44.253  44.196
  43.800  43.916  44.026  44.129  44.226  44.316  44.401  44.481  44.553  44.618  44.677  44.728  44.772  44.810  44.840  44.862  44.877  44.884  44.883  44.874  44.857  44.832  44.798  44.755  44.702
  44.066  44.197  44.321  44.442  44.554  44.659  44.757  44.849  44.933  45.010  45.079  45.141  45.194  45.239  45.275  45.303  45.322  45.333  45.334  45.326  45.310  45.284  45.248  45.203  45.148
  44.306  44.456  44.597  44.732  44.860  44.981  45.094  45.200  45.297  45.386  45.467  45.538  45.600  45.653  45.696  45.729  45.753  45.766  45.769  45.762  45.745  45.717  45.679  45.630  45.570
  44.533  44.699  44.858  45.011  45.156  45.292  45.421  45.541  45.652  45.753  45.845  45.926  45.998  46.058  46.108  46.147  46.175  46.191  46.195  46.189  46.170  46.140  46.098  46.045  45.980
  44.748  44.933  45.111  45.281  45.443  45.596  45.741  45.875  46.000  46.114  46.217  46.309  46.390  46.458  46.515  46.559  46.591  46.610  46.616  46.609  46.589  46.557  46.511  46.453  46.382
  44.956  45.161  45.357  45.545  45.725  45.895  46.055  46.204  46.343  46.470  46.585  46.688  46.778  46.854  46.918  46.967  47.003  47.025  47.032  47.025  47.004  46.969  46.919  46.856  46.778
  45.159  45.382  45.598  45.805  46.002  46.189  46.365  46.530  46.683  46.823  46.950  47.063  47.163  47.248  47.318  47.373  47.413  47.437  47.446  47.439  47.416  47.378  47.324  47.255  47.170
  45.356  45.600  45.834  46.060  46.275  46.479  46.672  46.852  47.019  47.173  47.312  47.436  47.545  47.639  47.716  47.776  47.820  47.848  47.858  47.850  47.826  47.785  47.726  47.651  47.560
  45.549  45.813  46.067  46.311  46.545  46.766  46.976  47.171  47.353  47.520  47.672  47.807  47.926  48.028  48.112  48.179  48.227  48.256  48.268  48.260  48.234  48.190  48.127  48.046  47.947
  45.620  45.905  46.181  46.445  46.697  46.937  47.162  47.373  47.569  47.749  47.912  48.058  48.185  48.294  48.384  48.455  48.506  48.536  48.547  48.537  48.507  48.457  48.386  48.296  48.185
  45.620  45.930  46.229  46.514  46.786  47.044  47.287  47.514  47.724  47.916  48.091  48.246  48.382  48.498  48.593  48.667  48.720  48.751  48.759  48.746  48.710  48.652  48.572  48.469  48.344
  45.575  45.912  46.235  46.543  46.836  47.113  47.374  47.617  47.842  48.047  48.233  48.399  48.543  48.665  48.765  48.842  48.896  48.926  48.932  48.914  48.871  48.804  48.712  48.595  48.453
  45.488  45.854  46.204  46.536  46.851  47.149  47.428  47.687  47.927  48.146  48.344  48.519  48.671  48.800  48.905  48.984  49.038  49.067  49.069  49.045  48.994  48.916  48.810  48.677  48.514
  45.514  45.905  46.277  46.632  46.967  47.283  47.580  47.855  48.110  48.342  48.552  48.737  48.898  49.034  49.144  49.228  49.284  49.313  49.313  49.286  49.229  49.144  49.028  48.882  48.704
  45.759  46.165  46.553  46.923  47.275  47.606  47.918  48.209  48.477  48.722  48.944  49.141  49.312  49.457  49.574  49.664  49.726  49.759  49.762  49.736  49.680  49.593  49.476  49.327  49.147
  45.992  46.414  46.819  47.205  47.573  47.921  48.249  48.554  48.837  49.096  49.330  49.538  49.719  49.873  49.998  50.095  50.162  50.198  50.204  50.179  50.123  50.035  49.915  49.763  49.579
  46.214  46.654  47.076  47.479  47.864  48.229  48.572  48.893  49.190  49.463  49.709  49.929  50.121  50.284  50.417  50.520  50.592  50.632  50.641  50.616  50.560  50.470  50.348  50.192  50.003
  46.428  46.885  47.324  47.746  48.148  48.530  48.889  49.226  49.538  49.825  50.084  50.316  50.519  50.691  50.832  50.942  51.018  51.062  51.073  51.049  50.992  50.900  50.775  50.615  50.421
  46.633  47.109  47.567  48.006  48.426  48.825  49.201  49.554  49.881  50.182  50.455  50.699  50.912  51.094  51.243  51.359  51.441  51.489  51.501  51.478  51.420  51.326  51.197  51.032  50.832
  46.832  47.326  47.802  48.260  48.698  49.115  49.508  49.877  50.220  50.536  50.822  51.078  51.302  51.493  51.651  51.774  51.861  51.912  51.927  51.904  51.845  51.749  51.615  51.445  51.239
  47.024  47.537  48.033  48.509  48.966  49.400  49.811  50.197  50.555  50.885  51.185  51.454  51.689  51.890  52.056  52.186  52.278  52.333  52.349  52.327  52.267  52.168  52.030  51.855  51.642
  47.211  47.743  48.258  48.753  49.229  49.681  50.110  50.512  50.887  51.232  51.546  51.827  52.073  52.284  52.459  52.595  52.693  52.751  52.770  52.748  52.686  52.584  52.442  52.261  52.040
  47.391  47.943  48.478  48.993  49.487  49.958  50.404  50.824  51.215  51.575  51.903  52.197  52.455  52.676  52.859  53.003  53.106  53.168  53.188  53.166  53.103  52.998  52.851  52.664  52.436
  47.567  48.139  48.693  49.228  49.741  50.231  50.695  51.132  51.540  51.915  52.258  52.565  52.835  53.066  53.258  53.408  53.517  53.582  53.605  53.583  53.518  53.410  53.258  53.064  52.828
  47.738  48.329  48.904  49.458  49.991  50.500  50.983  51.438  51.862  52.253  52.610  52.930  53.212  53.454  53.655  53.812  53.926  53.996  54.020  53.998  53.932  53.820  53.663  53.462  53.218
  47.903  48.516  49.110  49.685  50.237  50.766  51.267  51.740  52.181  52.588  52.960  53.294  53.588  53.841  54.050  54.215  54.334  54.407  54.433  54.412  54.344  54.228  54.066  53.858  53.606
  48.064  48.697  49.312  49.907  50.480  51.028  51.548  52.039  52.497  52.921  53.308  53.656  53.962  54.225  54.444  54.616  54.742  54.818  54.846  54.825  54.754  54.635  54.467  54.252  53.991
  48.221  48.875  49.511  50.126  50.719  51.286  51.826  52.335  52.811  53.251  53.653  54.015  54.334  54.609  54.837  55.017  55.147  55.228  55.258  55.236  55.164  55.041  54.867  54.645  54.374
  48.374  49.048  49.705  50.341  50.954  51.542  52.101  52.629  53.122  53.579  53.997  54.373  54.705  54.991  55.228  55.416  55.552  55.637  55.668  55.647  55.572  55.445  55.266  55.035  54.756
  48.522  49.217  49.895  50.553  51.186  51.794  52.373  52.919  53.431  53.905  54.339  54.729  55.074  55.371  55.619  55.814  55.957  56.045  56.078  56.057  55.980  55.848  55.663  55.424  55.135
  48.666  49.383  50.082  50.760  51.415  52.043  52.641  53.207  53.737  54.229  54.678  55.084  55.442  55.751  56.008  56.212  56.360  56.452  56.488  56.466  56.386  56.250  56.058  55.812  55.513
  48.805  49.544  50.265  50.964  51.640  52.289  52.907  53.493  54.041  54.550  55.016  55.437  55.809  56.129  56.396  56.608  56.763  56.859  56.896  56.874  56.792  56.651  56.453  56.198  55.889
  48.941  49.701  50.443  51.165  51.862  52.531  53.170  53.775  54.343  54.869  55.352  55.788  56.174  56.506  56.784  57.004  57.165  57.265  57.304  57.282  57.197  57.052  56.847  56.583  56.263
  49.072  49.855  50.619  51.362  52.080  52.771  53.430  54.055  54.642  55.187  55.686  56.138  56.537  56.883  57.171  57.399  57.566  57.671  57.712  57.689  57.602  57.452  57.239  56.967  56.636
  49.200  50.004  50.790  51.555  52.295  53.007  53.687  54.332  54.938  55.502  56.019  56.486  56.900  57.258  57.556  57.794  57.967  58.076  58.119  58.095  58.006  57.850  57.631  57.349  57.007
  49.324  50.150  50.958  51.745  52.507  53.240  53.942  54.607  55.233  55.815  56.349  56.833  57.261  57.632  57.941  58.188  58.368  58.481  58.526  58.502  58.409  58.249  58.022  57.730  57.377
  49.443  50.291  51.122  51.931  52.715  53.470  54.193  54.879  55.525  56.126  56.678  57.178  57.621  58.005  58.326  58.581  58.768  58.886  58.932  58.908  58.812  58.646  58.412  58.110  57.745
  49.559  50.429  51.282  52.113  52.920  53.697  54.441  55.148  55.814  56.434  57.005  57.521  57.980  58.377  58.709  58.974  59.168  59.290  59.338  59.313  59.215  59.043  58.801  58.489  58.112
  49.670  50.563  51.438  52.292  53.121  53.920  54.686  55.415  56.101  56.741  57.330  57.863  58.338  58.748  59.092  59.366  59.567  59.694  59.744  59.719  59.617  59.439  59.189  58.867  58.477
  49.778  50.693  51.591  52.468  53.319  54.141  54.929  55.678  56.386  57.045  57.653  58.204  58.694  59.119  59.474  59.758  59.966  60.098  60.150  60.124  60.018  59.835  59.576  59.244  58.841
  49.881  50.819  51.740  52.639  53.513  54.358  55.168  55.939  56.668  57.347  57.974  58.543  59.049  59.488  59.856  60.149  60.365  60.501  60.556  60.529  60.420  60.230  59.963  59.619  59.203
  49.981  50.941  51.885  52.807  53.704  54.571  55.404  56.198  56.947  57.647  58.293  58.880  59.403  59.856  60.237  60.540  60.764  60.905  60.961  60.933  60.821  60.625  60.348  59.993  59.564
  50.076  51.060  52.026  52.972  53.892  54.782  55.637  56.453  57.224  57.945  58.611  59.216  59.755  60.224  60.617  60.931  61.162  61.308  61.367  61.338  61.222  61.019  60.733  60.367  59.923
  50.167  51.174  52.164  53.132  54.076  54.989  55.867  56.705  57.498  58.240  58.926  59.550  60.107  60.590  60.997  61.321  61.560  61.711  61.772  61.742  61.622  61.413  61.118  60.739  60.281
  50.255  51.284  52.297  53.289  54.256  55.192  56.094  56.955  57.770  58.533  59.240  59.883  60.456  60.956  61.375  61.711  61.958  62.114  62.177  62.146  62.022  61.806  61.501  61.110  60.637
  50.338  51.391  52.427  53.442  54.432  55.392  56.317  57.201  58.039  58.824  59.551  60.213  60.805  61.320  61.754  62.100  62.356  62.517  62.582  62.551  62.422  62.199  61.883  61.480  60.992
  50.417  51.493  52.552  53.591  54.605  55.589  56.537  57.445  58.305  59.112  59.860  60.542  61.152  61.684  62.131  62.489  62.753  62.920  62.988  62.955  62.822  62.591  62.265  61.848  61.345
  50.492  51.591  52.674  53.737  54.774  55.782  56.754  57.685  58.568  59.398  60.167  60.870  61.498  62.046  62.508  62.878  63.151  63.323  63.393  63.359  63.221  62.983  62.646  62.216  61.697
  50.563  51.685  52.792  53.878  54.940  55.971  56.967  57.922  58.829  59.681  60.472  61.195  61.843  62.408  62.884  63.266  63.548  63.726  63.798  63.763  63.621  63.374  63.026  62.582  62.046
  50.630  51.775  52.905  54.016  55.101  56.157  57.177  58.156  59.086  59.962  60.775  61.519  62.186  62.768  63.260  63.654  63.945  64.129  64.203  64.167  64.020  63.765  63.405  62.947  62.394
  50.693  51.861  53.015  54.149  55.259  56.339  57.383  58.386  59.341  60.239  61.075  61.841  62.527  63.128  63.635  64.041  64.342  64.532  64.609  64.571  64.419  64.155  63.784  63.310  62.740
  50.751  51.943  53.120  54.278  55.413  56.517  57.586  58.613  59.592  60.515  61.373  62.160  62.867  63.486  64.009  64.428  64.739  64.935  65.014  64.975  64.818  64.545  64.161  63.672  63.085
  50.806  52.021  53.222  54.404  55.562  56.691  57.785  58.837  59.840  60.787  61.669  62.478  63.205  63.843  64.382  64.815  65.135  65.338  65.420  65.379  65.216  64.934  64.538  64.033  63.427
  50.856  52.094  53.319  54.525  55.708  56.862  57.981  59.057  60.085  61.056  61.962  62.793  63.542  64.199  64.754  65.201  65.532  65.741  65.825  65.783  65.614  65.323  64.913  64.392  63.767
  50.901  52.163  53.411  54.642  55.849  57.028  58.172  59.274  60.327  61.323  62.252  63.107  63.877  64.553  65.126  65.587  65.928  66.144  66.231  66.187  66.012  65.711  65.288  64.750  64.105
  50.943  52.228  53.500  54.755  55.987  57.191  58.360  59.487  60.565  61.586  62.540  63.418  64.210  64.906  65.497  65.972  66.325  66.548  66.637  66.591  66.410  66.099  65.661  65.106  64.441
  50.980  52.288  53.584  54.863  56.120  57.349  58.543  59.696  60.800  61.846  62.825  63.727  64.542  65.258  65.867  66.357  66.721  66.951  67.043  66.995  66.808  66.485  66.034  65.460  64.775
  51.013  52.344  53.664  54.967  56.249  57.503  58.723  59.902  61.031  62.103  63.107  64.033  64.871  65.609  66.236  66.742  67.117  67.355  67.449  67.399  67.205  66.872  66.405  65.813  65.107
  51.041  52.396  53.739  55.067  56.374  57.653  58.899  60.103  61.259  62.357  63.386  64.337  65.198  65.958  66.604  67.126  67.513  67.758  67.856  67.804  67.603  67.257  66.775  66.164  65.436
  51.065  52.443  53.810  55.162  56.494  57.798  59.070  60.301  61.483  62.607  63.662  64.639  65.524  66.305  66.971  67.509  67.909  68.162  68.263  68.208  68.000  67.642  67.143  66.513  65.762
  51.085  52.486  53.877  55.253  56.610  57.940  59.237  60.494  61.703  62.853  63.935  64.937  65.847  66.651  67.337  67.892  68.305  68.566  68.669  68.612  68.396  68.026  67.511  66.860  66.086
  51.100  52.524  53.939  55.340  56.721  58.077  59.400  60.684  61.919  63.096  64.205  65.233  66.168  66.996  67.702  68.275  68.701  68.970  69.077  69.017  68.793  68.410  67.877  67.205  66.407
  51.111  52.558  53.997  55.422  56.828  58.209  59.558  60.869  62.131  63.336  64.472  65.526  66.487  67.338  68.066  68.656  69.096  69.374  69.484  69.422  69.189  68.792  68.241  67.547  66.725
  51.117  52.588  54.050  55.499  56.930  58.337  59.712  61.050  62.339  63.571  64.735  65.816  66.803  67.679  68.429  69.038  69.492  69.779  69.891  69.826  69.585  69.174  68.604  67.888  67.040
  51.119  52.612  54.098  55.572  57.028  58.460  59.862  61.226  62.543  63.803  64.994  66.103  67.116  68.017  68.790  69.418  69.887  70.183  70.299  70.231  69.981  69.555  68.965  68.226  67.352
  51.116  52.633  54.142  55.640  57.120  58.578  60.007  61.398  62.743  64.030  65.250  66.387  67.427  68.354  69.150  69.798  70.282  70.588  70.707  70.636  70.376  69.935  69.325  68.561  67.661
  51.109  52.648  54.181  55.703  57.209  58.692  60.147  61.565  62.938  64.254  65.502  66.668  67.736  68.689  69.509  70.177  70.677  70.993  71.116  71.041  70.771  70.313  69.682  68.894  67.966
  51.097  52.659  54.216  55.761  57.292  58.801  60.282  61.728  63.128  64.473  65.750  66.945  68.041  69.021  69.866  70.555  71.071  71.398  71.524  71.446  71.165  70.691  70.038  69.224  68.267
  51.081  52.666  54.245  55.815  57.370  58.905  60.413  61.885  63.314  64.688  65.994  67.218  68.343  69.351  70.221  70.933  71.466  71.803  71.933  71.851  71.559  71.067  70.391  69.551  68.565
  51.060  52.668  54.270  55.864  57.444  59.004  60.538  62.038  63.495  64.898  66.234  67.488  68.642  69.679  70.575  71.309  71.860  72.208  72.342  72.256  71.952  71.442  70.743  69.874  68.859
  51.035  52.665  54.291  55.908  57.513  59.098  60.659  62.186  63.671  65.103  66.469  67.753  68.938  70.004  70.927  71.685  72.254  72.614  72.752  72.661  72.345  71.816  71.092  70.195  69.148
  51.005  52.657  54.306  55.947  57.576  59.187  60.774  62.329  63.843  65.304  66.700  68.015  69.231  70.326  71.277  72.059  72.647  73.020  73.162  73.066  72.737  72.188  71.438  70.512  69.433
  50.970  52.645  54.316  55.981  57.635  59.271  60.885  62.467  64.009  65.500  66.926  68.272  69.519  70.645  71.625  72.432  73.040  73.426  73.572  73.471  73.129  72.558  71.782  70.825  69.714
  50.931  52.628  54.322  56.011  57.688  59.350  60.990  62.599  64.170  65.691  67.148  68.526  69.804  70.962  71.971  72.804  73.433  73.832  73.982  73.877  73.520  72.927  72.123  71.134  69.990
