 -121.469 -121.471 -121.444 -121.403 -121.353 -121.295 -121.231 -121.161 -121.085 -121.006 -120.922 -120.834 -120.744 -120.650 -120.553 -120.454 -120.353 -120.249 -120.144 -120.037 -119.927 -119.815 -119.699 -119.574 -119.429
 -122.087 -122.035 -121.972 -121.902 -121.824 -121.739 -121.647 -121.549 -121.446 -121.338 -121.225 -121.108 -120.988 -120.864 -120.737 -120.607 -120.475 -120.342 -120.207 -120.072 -119.935 -119.798 -119.661 -119.523 -119.385
 -122.632 -122.558 -122.474 -122.381 -122.279 -122.170 -122.053 -121.931 -121.801 -121.665 -121.524 -121.377 -121.226 -121.071 -120.913 -120.752 -120.589 -120.424 -120.258 -120.091 -119.923 -119.757 -119.590 -119.425 -119.262
 -123.153 -123.060 -122.957 -122.845 -122.722 -122.589 -122.449 -122.299 -122.143 -121.979 -121.809 -121.632 -121.451 -121.265 -121.075 -120.882 -120.686 -120.489 -120.290 -120.090 -119.891 -119.692 -119.495 -119.300 -119.107
 -123.665 -123.557 -123.435 -123.302 -123.158 -123.003 -122.838 -122.664 -122.480 -122.289 -122.090 -121.883 -121.671 -121.454 -121.232 -121.006 -120.777 -120.546 -120.314 -120.081 -119.849 -119.618 -119.388 -119.162 -118.938
 -124.175 -124.050 -123.911 -123.759 -123.594 -123.416 -123.227 -123.028 -122.818 -122.598 -122.370 -122.134 -121.890 -121.641 -121.386 -121.127 -120.865 -120.600 -120.334 -120.067 -119.801 -119.536 -119.274 -119.016 -118.761
 -124.684 -124.543 -124.387 -124.216 -124.030 -123.831 -123.618 -123.393 -123.156 -122.908 -122.651 -122.384 -122.109 -121.828 -121.540 -121.247 -120.951 -120.652 -120.351 -120.050 -119.749 -119.451 -119.155 -118.863 -118.577
 -125.194 -125.038 -124.865 -124.675 -124.469 -124.247 -124.011 -123.760 -123.497 -123.221 -122.934 -122.636 -122.330 -122.015 -121.694 -121.367 -121.036 -120.702 -120.366 -120.030 -119.694 -119.361 -119.031 -118.706 -118.387
 -125.706 -125.535 -125.345 -125.137 -124.910 -124.667 -124.406 -124.131 -123.840 -123.536 -123.219 -122.890 -122.552 -122.204 -121.849 -121.487 -121.121 -120.751 -120.380 -120.008 -119.637 -119.268 -118.904 -118.545 -118.193
 -126.219 -126.034 -125.828 -125.601 -125.355 -125.089 -124.805 -124.504 -124.187 -123.854 -123.507 -123.147 -122.776 -122.395 -122.005 -121.608 -121.206 -120.800 -120.392 -119.984 -119.577 -119.173 -118.773 -118.380 -117.994
 -126.735 -126.536 -126.314 -126.069 -125.803 -125.516 -125.208 -124.882 -124.537 -124.175 -123.798 -123.407 -123.002 -122.587 -122.162 -121.730 -121.292 -120.849 -120.404 -119.959 -119.515 -119.075 -118.639 -118.211 -117.791
 -127.128 -126.920 -126.686 -126.428 -126.146 -125.841 -125.514 -125.166 -124.799 -124.413 -124.009 -123.591 -123.158 -122.713 -122.257 -121.793 -121.322 -120.847 -120.369 -119.891 -119.414 -118.940 -118.472 -118.011 -117.559
 -127.460 -127.245 -127.003 -126.734 -126.438 -126.118 -125.774 -125.407 -125.018 -124.609 -124.181 -123.737 -123.277 -122.803 -122.318 -121.824 -121.322 -120.815 -120.305 -119.794 -119.285 -118.779 -118.279 -117.786 -117.303
 -127.756 -127.537 -127.288 -127.009 -126.702 -126.367 -126.007 -125.622 -125.213 -124.782 -124.331 -123.861 -123.374 -122.873 -122.359 -121.835 -121.303 -120.764 -120.223 -119.680 -119.138 -118.600 -118.067 -117.543 -117.028
 -128.017 -127.796 -127.542 -127.255 -126.938 -126.591 -126.216 -125.813 -125.385 -124.933 -124.459 -123.965 -123.453 -122.924 -122.382 -121.828 -121.266 -120.696 -120.123 -119.549 -118.975 -118.404 -117.839 -117.283 -116.735
 -128.376 -128.149 -127.886 -127.588 -127.258 -126.895 -126.502 -126.080 -125.630 -125.155 -124.655 -124.134 -123.593 -123.035 -122.462 -121.876 -121.281 -120.678 -120.071 -119.463 -118.855 -118.251 -117.653 -117.063 -116.483
 -128.928 -128.687 -128.408 -128.092 -127.742 -127.358 -126.941 -126.494 -126.017 -125.512 -124.982 -124.429 -123.854 -123.261 -122.652 -122.029 -121.396 -120.756 -120.111 -119.464 -118.819 -118.178 -117.544 -116.919 -116.306
 -129.479 -129.224 -128.929 -128.597 -128.227 -127.822 -127.382 -126.909 -126.405 -125.871 -125.310 -124.724 -124.116 -123.487 -122.841 -122.181 -121.510 -120.831 -120.147 -119.461 -118.778 -118.099 -117.428 -116.768 -116.121
 -130.030 -129.762 -129.452 -129.103 -128.714 -128.288 -127.825 -127.327 -126.795 -126.233 -125.641 -125.022 -124.378 -123.714 -123.031 -122.333 -121.622 -120.904 -120.180 -119.455 -118.733 -118.015 -117.307 -116.610 -115.929
 -130.581 -130.300 -129.976 -129.610 -129.203 -128.756 -128.270 -127.747 -127.189 -126.597 -125.973 -125.321 -124.643 -123.942 -123.221 -122.484 -121.734 -120.976 -120.212 -119.446 -118.684 -117.927 -117.180 -116.447 -115.730
 -131.133 -130.840 -130.502 -130.120 -129.695 -129.228 -128.719 -128.171 -127.585 -126.964 -126.309 -125.623 -124.910 -124.172 -123.413 -122.636 -121.846 -121.046 -120.241 -119.435 -118.631 -117.834 -117.048 -116.277 -115.524
 -131.686 -131.382 -131.031 -130.633 -130.190 -129.703 -129.172 -128.599 -127.986 -127.335 -126.648 -125.929 -125.180 -124.404 -123.606 -122.789 -121.958 -121.117 -120.269 -119.421 -118.575 -117.738 -116.912 -116.102 -115.312
 -132.240 -131.925 -131.562 -131.149 -130.689 -130.181 -129.628 -129.030 -128.390 -127.709 -126.991 -126.237 -125.452 -124.639 -123.801 -122.943 -122.070 -121.186 -120.296 -119.405 -118.517 -117.637 -116.771 -115.921 -115.094
 -132.797 -132.472 -132.096 -131.668 -131.191 -130.664 -130.088 -129.466 -128.799 -128.088 -127.337 -126.549 -125.728 -124.876 -123.998 -123.099 -122.183 -121.255 -120.322 -119.386 -118.455 -117.533 -116.625 -115.736 -114.870
 -133.356 -133.021 -132.633 -132.191 -131.697 -131.151 -130.553 -129.906 -129.212 -128.471 -127.688 -126.866 -126.007 -125.116 -124.197 -123.256 -122.296 -121.325 -120.346 -119.366 -118.391 -117.425 -116.475 -115.545 -114.640
 -133.916 -133.573 -133.173 -132.718 -132.207 -131.642 -131.023 -130.351 -129.630 -128.859 -128.044 -127.186 -126.289 -125.359 -124.399 -123.414 -122.411 -121.394 -120.370 -119.344 -118.324 -117.314 -116.320 -115.348 -114.404
 -134.480 -134.127 -133.717 -133.248 -132.722 -132.138 -131.497 -130.802 -130.052 -129.252 -128.404 -127.510 -126.576 -125.605 -124.603 -123.575 -122.526 -121.463 -120.393 -119.321 -118.254 -117.199 -116.161 -115.147 -114.162
 -135.046 -134.685 -134.264 -133.783 -133.241 -132.638 -131.977 -131.257 -130.481 -129.650 -128.769 -127.840 -126.867 -125.855 -124.810 -123.737 -122.643 -121.533 -120.415 -119.295 -118.181 -117.080 -115.997 -114.940 -113.914
 -135.614 -135.246 -134.815 -134.322 -133.764 -133.144 -132.461 -131.717 -130.914 -130.054 -129.139 -128.174 -127.162 -126.109 -125.021 -123.902 -122.761 -121.603 -120.436 -119.268 -118.106 -116.958 -115.829 -114.728 -113.660
 -136.185 -135.811 -135.370 -134.865 -134.293 -133.655 -132.951 -132.184 -131.353 -130.463 -129.515 -128.513 -127.462 -126.367 -125.234 -124.069 -122.880 -121.673 -120.457 -119.239 -118.028 -116.832 -115.657 -114.511 -113.401
 -136.759 -136.378 -135.929 -135.412 -134.826 -134.171 -133.447 -132.656 -131.798 -130.878 -129.896 -128.858 -127.767 -126.630 -125.451 -124.239 -123.001 -121.744 -120.477 -119.209 -117.948 -116.702 -115.479 -114.288 -113.134
 -137.336 -136.949 -136.492 -135.964 -135.364 -134.692 -133.948 -133.133 -132.249 -131.298 -130.283 -129.208 -128.077 -126.896 -125.672 -124.412 -123.124 -121.816 -120.497 -119.177 -117.864 -116.568 -115.297 -114.059 -112.862
 -137.916 -137.524 -137.059 -136.520 -135.907 -135.219 -134.455 -133.617 -132.707 -131.725 -130.676 -129.563 -128.392 -127.167 -125.896 -124.587 -123.248 -121.888 -120.517 -119.144 -117.778 -116.431 -115.110 -113.825 -112.583
 -138.498 -138.101 -137.630 -137.081 -136.455 -135.751 -134.968 -134.107 -133.170 -132.159 -131.075 -129.925 -128.712 -127.443 -126.125 -124.766 -123.375 -121.961 -120.536 -119.108 -117.689 -116.289 -114.918 -113.585 -112.298
 -139.084 -138.683 -138.204 -137.647 -137.009 -136.289 -135.487 -134.604 -133.640 -132.598 -131.481 -130.293 -129.038 -127.724 -126.358 -124.947 -123.503 -122.035 -120.554 -119.071 -117.598 -116.144 -114.721 -113.338 -112.005
 -139.672 -139.268 -138.783 -138.217 -137.567 -136.832 -136.012 -135.107 -134.117 -133.045 -131.894 -130.667 -129.370 -128.010 -126.594 -125.132 -123.634 -122.110 -120.573 -119.033 -117.503 -115.994 -114.519 -113.086 -111.706
 -140.263 -139.856 -139.367 -138.792 -138.131 -137.382 -136.544 -135.617 -134.601 -133.499 -132.313 -131.047 -129.708 -128.301 -126.836 -125.321 -123.767 -122.186 -120.590 -118.992 -117.405 -115.840 -114.311 -112.827 -111.399
 -140.857 -140.448 -139.954 -139.372 -138.701 -137.938 -137.082 -136.133 -135.092 -133.959 -132.739 -131.435 -130.052 -128.599 -127.082 -125.513 -123.903 -122.263 -120.608 -118.950 -117.304 -115.682 -114.097 -112.562 -111.085
 -141.453 -141.043 -140.545 -139.957 -139.275 -138.499 -137.626 -136.656 -135.590 -134.427 -133.173 -131.829 -130.403 -128.901 -127.333 -125.709 -124.041 -122.341 -120.625 -118.906 -117.199 -115.519 -113.878 -112.289 -110.764
 -142.053 -141.642 -141.141 -140.546 -139.856 -139.067 -138.177 -137.187 -136.095 -134.903 -133.614 -132.231 -130.761 -129.210 -127.589 -125.909 -124.181 -122.421 -120.642 -118.860 -117.092 -115.351 -113.653 -112.010 -110.434
 -142.655 -142.244 -141.741 -141.141 -140.442 -139.640 -138.735 -137.724 -136.608 -135.386 -134.062 -132.640 -131.125 -129.526 -127.851 -126.113 -124.325 -122.501 -120.658 -118.813 -116.981 -115.178 -113.422 -111.724 -110.097
 -143.260 -142.850 -142.345 -141.740 -141.033 -140.221 -139.300 -138.269 -137.128 -135.878 -134.519 -133.057 -131.497 -129.848 -128.118 -126.321 -124.471 -122.583 -120.674 -118.763 -116.866 -115.001 -113.184 -111.430 -109.751
 -143.868 -143.459 -142.953 -142.344 -141.630 -140.807 -139.871 -138.822 -137.657 -136.377 -134.984 -133.482 -131.877 -130.176 -128.391 -126.534 -124.620 -122.666 -120.690 -118.711 -116.747 -114.817 -112.939 -111.128 -109.397
 -144.478 -144.072 -143.565 -142.953 -142.233 -141.400 -140.450 -139.382 -138.193 -136.885 -135.457 -133.915 -132.264 -130.512 -128.670 -126.752 -124.773 -122.751 -120.706 -118.657 -116.625 -114.629 -112.688 -110.818 -109.033
 -145.091 -144.688 -144.181 -143.567 -142.841 -141.999 -141.036 -139.950 -138.738 -137.401 -135.939 -134.357 -132.659 -130.855 -128.955 -126.974 -124.929 -122.837 -120.721 -118.600 -116.498 -114.434 -112.429 -110.500 -108.661
 -145.707 -145.307 -144.802 -144.186 -143.455 -142.604 -141.629 -140.525 -139.291 -137.926 -136.430 -134.807 -133.063 -131.205 -129.247 -127.202 -125.088 -122.925 -120.736 -118.542 -116.367 -114.234 -112.163 -110.173 -108.279
 -146.325 -145.929 -145.426 -144.810 -144.075 -143.216 -142.229 -141.109 -139.853 -138.460 -136.930 -135.267 -133.475 -131.564 -129.545 -127.435 -125.251 -123.015 -120.750 -118.481 -116.232 -114.027 -111.889 -109.837 -107.887
 -146.945 -146.555 -146.054 -145.438 -144.701 -143.835 -142.837 -141.700 -140.423 -139.003 -137.439 -135.735 -133.896 -131.931 -129.851 -127.674 -125.418 -123.106 -120.764 -118.417 -116.092 -113.814 -111.607 -109.492 -107.486
 -147.568 -147.183 -146.687 -146.072 -145.332 -144.460 -143.452 -142.300 -141.002 -139.555 -137.958 -136.214 -134.327 -132.306 -130.164 -127.918 -125.589 -123.200 -120.778 -118.351 -115.947 -113.595 -111.317 -109.137 -107.073
 -148.193 -147.815 -147.323 -146.710 -145.968 -145.092 -144.074 -142.909 -141.591 -140.117 -138.487 -136.702 -134.766 -132.690 -130.485 -128.169 -125.764 -123.295 -120.791 -118.282 -115.798 -113.368 -111.018 -108.773 -106.650
 -148.820 -148.450 -147.963 -147.353 -146.611 -145.730 -144.704 -143.525 -142.188 -140.689 -139.026 -137.200 -135.216 -133.083 -130.813 -128.426 -125.943 -123.392 -120.804 -118.210 -115.643 -113.133 -110.710 -108.398 -106.216
 -149.450 -149.087 -148.607 -148.000 -147.259 -146.376 -145.342 -144.150 -142.795 -141.271 -139.575 -137.709 -135.677 -133.486 -131.150 -128.689 -126.127 -123.492 -120.816 -118.135 -115.482 -112.892 -110.393 -108.012 -105.770
 -150.081 -149.728 -149.254 -148.652 -147.913 -147.027 -145.987 -144.784 -143.411 -141.863 -140.136 -138.229 -136.147 -133.898 -131.496 -128.960 -126.316 -123.594 -120.829 -118.057 -115.316 -112.642 -110.065 -107.615 -105.312
 -150.714 -150.371 -149.906 -149.309 -148.572 -147.686 -146.640 -145.427 -144.037 -142.465 -140.707 -138.760 -136.629 -134.321 -131.851 -129.238 -126.510 -123.698 -120.840 -117.975 -115.144 -112.383 -109.728 -107.206 -104.841
 -151.349 -151.017 -150.560 -149.970 -149.237 -148.351 -147.301 -146.078 -144.673 -143.078 -141.289 -139.303 -137.122 -134.755 -132.215 -129.524 -126.709 -123.805 -120.851 -117.890 -114.965 -112.116 -109.379 -106.785 -104.358
 -151.986 -151.666 -151.219 -150.636 -149.908 -149.022 -147.969 -146.738 -145.319 -143.702 -141.883 -139.857 -137.627 -135.200 -132.589 -129.817 -126.913 -123.914 -120.862 -117.802 -114.780 -111.840 -109.020 -106.352 -103.861
 -152.625 -152.317 -151.880 -151.306 -150.583 -149.700 -148.646 -147.407 -145.974 -144.337 -142.489 -140.424 -138.144 -135.656 -132.974 -130.119 -127.124 -124.026 -120.872 -117.709 -114.588 -111.554 -108.648 -105.906 -103.351
 -153.265 -152.970 -152.545 -151.981 -151.265 -150.385 -149.330 -148.086 -146.641 -144.984 -143.106 -141.003 -138.674 -136.124 -133.369 -130.430 -127.341 -124.142 -120.882 -117.613 -114.388 -111.257 -108.265 -105.445 -102.826
 -153.907 -153.626 -153.213 -152.659 -151.951 -151.077 -150.022 -148.773 -147.317 -145.642 -143.737 -141.596 -139.217 -136.605 -133.775 -130.750 -127.564 -124.260 -120.890 -117.512 -114.180 -110.950 -107.868 -104.971 -102.286
 -154.550 -154.283 -153.885 -153.342 -152.643 -151.774 -150.721 -149.469 -148.004 -146.311 -144.380 -142.201 -139.773 -137.099 -134.194 -131.080 -127.794 -124.381 -120.899 -117.406 -113.965 -110.632 -107.458 -104.482 -101.731
 -155.194 -154.943 -154.559 -154.029 -153.340 -152.479 -151.429 -150.175 -148.701 -146.993 -145.036 -142.821 -140.344 -137.607 -134.624 -131.420 -128.031 -124.506 -120.906 -117.296 -113.741 -110.302 -107.034 -103.977 -101.160
 -155.839 -155.605 -155.236 -154.720 -154.043 -153.189 -152.144 -150.890 -149.409 -147.686 -145.705 -143.454 -140.928 -138.129 -135.068 -131.770 -128.275 -124.635 -120.913 -117.180 -113.507 -109.960 -106.596 -103.457 -100.573
 -156.486 -156.269 -155.916 -155.414 -154.750 -153.906 -152.867 -151.614 -150.128 -148.392 -146.388 -144.103 -141.528 -138.665 -135.525 -132.132 -128.528 -124.767 -120.919 -117.059 -113.264 -109.605 -106.142 -102.920  -99.969
 -157.133 -156.934 -156.598 -156.113 -155.462 -154.630 -153.598 -152.348 -150.858 -149.110 -147.085 -144.766 -142.144 -139.217 -135.996 -132.506 -128.789 -124.904 -120.925 -116.933 -113.011 -109.236 -105.672 -102.365  -99.347
 -157.781 -157.601 -157.284 -156.815 -156.179 -155.359 -154.336 -153.090 -151.599 -149.841 -147.796 -145.445 -142.776 -139.785 -136.482 -132.892 -129.059 -125.045 -120.929 -116.800 -112.747 -108.853 -105.184 -101.792  -98.707
 -158.430 -158.270 -157.971 -157.520 -156.900 -156.095 -155.082 -153.842 -152.351 -150.585 -148.521 -146.139 -143.424 -140.369 -136.984 -133.291 -129.338 -125.190 -120.933 -116.661 -112.472 -108.454 -104.680 -101.201  -98.048
 -159.079 -158.939 -158.661 -158.229 -157.627 -156.836 -155.836 -154.604 -153.114 -151.342 -149.262 -146.850 -144.089 -140.971 -137.501 -133.704 -129.627 -125.340 -120.935 -116.515 -112.184 -108.039 -104.156 -100.590  -97.370
 -159.729 -159.610 -159.352 -158.940 -158.357 -157.583 -156.597 -155.374 -153.888 -152.112 -150.017 -147.577 -144.773 -141.591 -138.036 -134.132 -129.927 -125.496 -120.937 -116.361 -111.884 -107.607 -103.613  -99.958  -96.672
 -160.379 -160.282 -160.046 -159.655 -159.092 -158.336 -157.365 -156.154 -154.674 -152.895 -150.788 -148.322 -145.475 -142.230 -138.589 -134.575 -130.238 -125.657 -120.937 -116.200 -111.570 -107.157 -103.050  -99.305  -95.953
 -161.029 -160.955 -160.742 -160.373 -159.831 -159.095 -158.141 -156.943 -155.470 -153.692 -151.574 -149.085 -146.195 -142.888 -139.161 -135.035 -130.561 -125.823 -120.936 -116.030 -111.241 -106.689 -102.465  -98.630  -95.212
 -161.679 -161.629 -161.439 -161.094 -160.574 -159.859 -158.924 -157.741 -156.278 -154.502 -152.376 -149.865 -146.936 -143.567 -139.753 -135.512 -130.897 -125.996 -120.933 -115.852 -110.897 -106.200 -101.857  -97.931  -94.449
 -162.330 -162.304 -162.138 -161.817 -161.321 -160.628 -159.714 -158.548 -157.097 -155.326 -153.195 -150.664 -147.697 -144.268 -140.365 -136.007 -131.246 -126.176 -120.930 -115.664 -110.537 -105.690 -101.226  -97.209  -93.664
 -162.979 -162.979 -162.838 -162.542 -162.071 -161.403 -160.511 -159.364 -157.928 -156.164 -154.029 -151.482 -148.479 -144.990 -141.000 -136.521 -131.609 -126.363 -120.924 -115.465 -110.159 -105.157 -100.570  -96.461  -92.854
 -163.629 -163.654 -163.540 -163.270 -162.825 -162.182 -161.314 -160.188 -158.769 -157.015 -154.881 -152.319 -149.283 -145.736 -141.657 -137.056 -131.988 -126.557 -120.917 -115.256 -109.762 -104.600  -99.887  -95.688  -92.021
 -164.278 -164.329 -164.242 -164.000 -163.583 -162.967 -162.124 -161.022 -159.622 -157.880 -155.749 -153.176 -150.109 -146.506 -142.338 -137.613 -132.383 -126.759 -120.908 -115.034 -109.345 -104.018  -99.177  -94.887  -91.163
 -164.927 -165.005 -164.946 -164.732 -164.343 -163.756 -162.940 -161.863 -160.485 -158.759 -156.634 -154.053 -150.959 -147.301 -143.046 -138.193 -132.796 -126.971 -120.897 -114.800 -108.906 -103.409  -98.438  -94.058  -90.279
