 -120.776 -120.557 -120.394 -120.256 -120.132 -120.020 -119.916 -119.821 -119.732 -119.651 -119.577 -119.509 -119.449 -119.395 -119.349 -119.310 -119.280 -119.257 -119.244 -119.241 -119.249 -119.271 -119.310 -119.377 -119.504
 -120.293 -120.133 -119.983 -119.841 -119.706 -119.579 -119.458 -119.344 -119.237 -119.136 -119.043 -118.957 -118.879 -118.808 -118.745 -118.691 -118.644 -118.607 -118.579 -118.560 -118.551 -118.552 -118.565 -118.590 -118.629
 -119.987 -119.810 -119.641 -119.477 -119.320 -119.170 -119.027 -118.891 -118.762 -118.644 -118.531 -118.426 -118.329 -118.242 -118.163 -118.094 -118.035 -117.985 -117.946 -117.917 -117.898 -117.891 -117.895 -117.910 -117.938
 -119.750 -119.548 -119.352 -119.162 -118.979 -118.803 -118.635 -118.475 -118.323 -118.180 -118.047 -117.923 -117.811 -117.707 -117.613 -117.531 -117.459 -117.399 -117.350 -117.313 -117.288 -117.276 -117.275 -117.288 -117.313
 -119.539 -119.308 -119.083 -118.865 -118.654 -118.452 -118.258 -118.073 -117.898 -117.733 -117.579 -117.435 -117.303 -117.183 -117.077 -116.981 -116.898 -116.828 -116.771 -116.728 -116.698 -116.681 -116.679 -116.690 -116.716
 -119.340 -119.078 -118.824 -118.577 -118.338 -118.108 -117.888 -117.678 -117.480 -117.292 -117.117 -116.954 -116.804 -116.668 -116.546 -116.439 -116.345 -116.266 -116.202 -116.152 -116.118 -116.099 -116.095 -116.106 -116.133
 -119.148 -118.855 -118.570 -118.293 -118.026 -117.768 -117.521 -117.286 -117.063 -116.854 -116.657 -116.475 -116.308 -116.156 -116.020 -115.899 -115.797 -115.708 -115.637 -115.582 -115.544 -115.523 -115.519 -115.531 -115.561
 -118.959 -118.635 -118.318 -118.011 -117.714 -117.429 -117.155 -116.894 -116.647 -116.415 -116.198 -115.997 -115.813 -115.645 -115.495 -115.362 -115.248 -115.153 -115.075 -115.015 -114.974 -114.952 -114.948 -114.962 -114.995
 -118.773 -118.416 -118.067 -117.729 -117.403 -117.088 -116.788 -116.501 -116.230 -115.976 -115.738 -115.518 -115.316 -115.133 -114.970 -114.826 -114.701 -114.599 -114.515 -114.451 -114.407 -114.384 -114.381 -114.398 -114.434
 -118.587 -118.197 -117.816 -117.447 -117.090 -116.747 -116.419 -116.107 -115.811 -115.534 -115.276 -115.037 -114.818 -114.621 -114.444 -114.288 -114.155 -114.043 -113.955 -113.887 -113.842 -113.818 -113.816 -113.836 -113.877
 -118.401 -117.977 -117.564 -117.163 -116.775 -116.403 -116.047 -115.709 -115.390 -115.090 -114.811 -114.554 -114.319 -114.106 -113.916 -113.750 -113.608 -113.489 -113.396 -113.325 -113.278 -113.254 -113.254 -113.277 -113.324
 -118.369 -117.910 -117.462 -117.029 -116.611 -116.210 -115.827 -115.464 -115.121 -114.801 -114.503 -114.228 -113.978 -113.752 -113.552 -113.377 -113.227 -113.104 -113.009 -112.937 -112.891 -112.871 -112.876 -112.907 -112.963
 -118.429 -117.930 -117.447 -116.979 -116.529 -116.098 -115.688 -115.299 -114.933 -114.591 -114.274 -113.983 -113.718 -113.480 -113.269 -113.087 -112.932 -112.805 -112.709 -112.638 -112.595 -112.580 -112.593 -112.635 -112.703
 -118.549 -118.009 -117.486 -116.982 -116.498 -116.036 -115.597 -115.182 -114.793 -114.429 -114.093 -113.785 -113.506 -113.256 -113.035 -112.845 -112.685 -112.556 -112.460 -112.391 -112.353 -112.345 -112.368 -112.422 -112.507
 -118.726 -118.140 -117.576 -117.033 -116.514 -116.020 -115.551 -115.109 -114.695 -114.310 -113.954 -113.629 -113.336 -113.074 -112.844 -112.647 -112.483 -112.352 -112.257 -112.191 -112.159 -112.161 -112.196 -112.265 -112.370
 -118.750 -118.123 -117.521 -116.943 -116.391 -115.866 -115.368 -114.900 -114.462 -114.056 -113.681 -113.340 -113.032 -112.758 -112.518 -112.314 -112.144 -112.010 -111.915 -111.850 -111.822 -111.829 -111.873 -111.953 -112.071
 -118.470 -117.814 -117.183 -116.576 -115.997 -115.445 -114.923 -114.431 -113.971 -113.544 -113.152 -112.793 -112.471 -112.184 -111.934 -111.720 -111.543 -111.403 -111.303 -111.236 -111.206 -111.213 -111.257 -111.338 -111.457
 -118.199 -117.513 -116.851 -116.215 -115.607 -115.028 -114.480 -113.964 -113.482 -113.036 -112.624 -112.250 -111.913 -111.614 -111.353 -111.131 -110.947 -110.802 -110.695 -110.629 -110.598 -110.605 -110.650 -110.734 -110.855
 -117.935 -117.216 -116.523 -115.857 -115.219 -114.613 -114.039 -113.499 -112.995 -112.528 -112.099 -111.709 -111.358 -111.046 -110.776 -110.545 -110.355 -110.205 -110.095 -110.028 -109.997 -110.005 -110.052 -110.138 -110.264
 -117.675 -116.923 -116.198 -115.500 -114.833 -114.198 -113.598 -113.034 -112.508 -112.021 -111.574 -111.168 -110.803 -110.480 -110.200 -109.961 -109.766 -109.612 -109.500 -109.431 -109.401 -109.411 -109.461 -109.551 -109.680
 -117.418 -116.632 -115.874 -115.144 -114.447 -113.784 -113.157 -112.569 -112.021 -111.513 -111.048 -110.627 -110.248 -109.914 -109.625 -109.379 -109.178 -109.021 -108.907 -108.838 -108.809 -108.821 -108.875 -108.969 -109.104
 -117.164 -116.343 -115.550 -114.788 -114.060 -113.368 -112.715 -112.102 -111.532 -111.005 -110.522 -110.085 -109.694 -109.349 -109.050 -108.798 -108.592 -108.432 -108.317 -108.248 -108.221 -108.236 -108.294 -108.394 -108.538
 -116.911 -116.054 -115.226 -114.431 -113.672 -112.951 -112.271 -111.634 -111.041 -110.494 -109.994 -109.542 -109.138 -108.783 -108.476 -108.218 -108.007 -107.844 -107.728 -107.661 -107.636 -107.655 -107.717 -107.823 -107.974
 -116.658 -115.764 -114.901 -114.073 -113.282 -112.532 -111.825 -111.163 -110.548 -109.981 -109.464 -108.997 -108.581 -108.216 -107.901 -107.637 -107.423 -107.258 -107.142 -107.073 -107.053 -107.076 -107.144 -107.256 -107.414
 -116.405 -115.474 -114.575 -113.713 -112.890 -112.110 -111.376 -110.689 -110.052 -109.466 -108.932 -108.451 -108.023 -107.648 -107.326 -107.056 -106.839 -106.672 -106.557 -106.490 -106.473 -106.501 -106.575 -106.694 -106.860
 -116.152 -115.182 -114.247 -113.350 -112.495 -111.685 -110.923 -110.212 -109.553 -108.948 -108.397 -107.902 -107.462 -107.078 -106.749 -106.475 -106.255 -106.087 -105.972 -105.908 -105.895 -105.928 -106.008 -106.135 -106.309
 -115.898 -114.889 -113.916 -112.984 -112.096 -111.256 -110.467 -109.731 -109.051 -108.426 -107.859 -107.350 -106.899 -106.507 -106.171 -105.893 -105.670 -105.503 -105.389 -105.328 -105.319 -105.358 -105.445 -105.579 -105.762
 -115.642 -114.593 -113.583 -112.615 -111.694 -110.824 -110.007 -109.247 -108.544 -107.901 -107.318 -106.796 -106.334 -105.933 -105.592 -105.310 -105.086 -104.918 -104.806 -104.749 -104.745 -104.790 -104.884 -105.026 -105.218
 -115.385 -114.295 -113.246 -112.242 -111.288 -110.387 -109.543 -108.758 -108.034 -107.373 -106.774 -106.239 -105.767 -105.358 -105.012 -104.726 -104.501 -104.334 -104.224 -104.170 -104.172 -104.223 -104.325 -104.476 -104.678
 -115.125 -113.994 -112.906 -111.866 -110.878 -109.946 -109.075 -108.265 -107.520 -106.840 -106.226 -105.678 -105.197 -104.781 -104.429 -104.141 -103.915 -103.749 -103.643 -103.593 -103.601 -103.659 -103.769 -103.929 -104.141
 -114.864 -113.690 -112.562 -111.485 -110.463 -109.501 -108.601 -107.768 -107.001 -106.303 -105.675 -105.115 -104.624 -104.201 -103.845 -103.555 -103.329 -103.165 -103.062 -103.017 -103.031 -103.096 -103.215 -103.385 -103.607
 -114.599 -113.383 -112.214 -111.099 -110.043 -109.050 -108.123 -107.265 -106.478 -105.762 -105.119 -104.548 -104.048 -103.619 -103.259 -102.968 -102.742 -102.580 -102.481 -102.441 -102.462 -102.535 -102.663 -102.845 -103.076
 -114.332 -113.072 -111.862 -110.709 -109.618 -108.594 -107.640 -106.758 -105.950 -105.217 -104.560 -103.977 -103.469 -103.035 -102.672 -102.379 -102.154 -101.995 -101.900 -101.867 -101.894 -101.976 -102.113 -102.305 -102.547
 -114.062 -112.757 -111.505 -110.314 -109.188 -108.133 -107.151 -106.245 -105.417 -104.667 -103.996 -103.403 -102.888 -102.448 -102.082 -101.789 -101.565 -101.410 -101.319 -101.292 -101.327 -101.418 -101.565 -101.768 -102.022
 -113.788 -112.438 -111.144 -109.914 -108.753 -107.666 -106.657 -105.727 -104.879 -104.113 -103.428 -102.826 -102.303 -101.858 -101.491 -101.197 -100.976 -100.824 -100.739 -100.719 -100.762 -100.862 -101.019 -101.233 -101.498
 -113.511 -112.114 -110.777 -109.508 -108.312 -107.193 -106.157 -105.204 -104.336 -103.553 -102.856 -102.244 -101.715 -101.266 -100.897 -100.604 -100.385 -100.238 -100.159 -100.146 -100.198 -100.307 -100.475 -100.700 -100.978
 -113.230 -111.786 -110.405 -109.096 -107.864 -106.715 -105.651 -104.674 -103.787 -102.989 -102.280 -101.659 -101.123 -100.672 -100.301 -100.010  -99.794  -99.651  -99.579  -99.574  -99.634  -99.754  -99.932 -100.170 -100.459
 -112.945 -111.453 -110.028 -108.679 -107.411 -106.230 -105.138 -104.139 -103.233 -102.420 -101.699 -101.070 -100.529 -100.074  -99.704  -99.414  -99.202  -99.065  -98.999  -99.002  -99.072  -99.202  -99.392  -99.641  -99.944
 -112.656 -111.115 -109.645 -108.255 -106.951 -105.738 -104.620 -103.598 -102.673 -101.846 -101.114 -100.476  -99.931  -99.474  -99.104  -98.816  -98.609  -98.478  -98.420  -98.431  -98.511  -98.651  -98.853  -99.115  -99.430
 -112.362 -110.771 -109.256 -107.825 -106.485 -105.240 -104.095 -103.051 -102.108 -101.266 -100.524  -99.879  -99.330  -98.871  -98.502  -98.218  -98.015  -97.890  -97.840  -97.861  -97.951  -98.102  -98.316  -98.591  -98.919
 -112.064 -110.422 -108.860 -107.388 -106.011 -104.735 -103.564 -102.497 -101.537 -100.682  -99.930  -99.278  -98.725  -98.266  -97.898  -97.617  -97.420  -97.302  -97.261  -97.291  -97.392  -97.555  -97.780  -98.068  -98.411
 -111.760 -110.067 -108.458 -106.944 -105.531 -104.224 -103.025 -101.938 -100.960 -100.092  -99.330  -98.673  -98.117  -97.658  -97.292  -97.016  -96.825  -96.714  -96.682  -96.722  -96.834  -97.009  -97.247  -97.548  -97.904
 -111.452 -109.706 -108.049 -106.493 -105.043 -103.704 -102.480 -101.371 -100.377  -99.496  -98.727  -98.064  -97.506  -97.047  -96.685  -96.413  -96.228  -96.126  -96.103  -96.154  -96.277  -96.464  -96.717  -97.030  -97.400
 -111.138 -109.338 -107.634 -106.035 -104.548 -103.178 -101.928 -100.798  -99.788  -98.896  -98.118  -97.451  -96.891  -96.434  -96.075  -95.809  -95.631  -95.538  -95.524  -95.586  -95.721  -95.921  -96.187  -96.514  -96.899
 -110.819 -108.964 -107.211 -105.568 -104.045 -102.644 -101.368 -100.218  -99.193  -98.289  -97.505  -96.834  -96.274  -95.818  -95.463  -95.203  -95.033  -94.949  -94.946  -95.019  -95.166  -95.379  -95.659  -96.000  -96.399
 -110.494 -108.583 -106.780 -105.095 -103.534 -102.102 -100.801  -99.632  -98.591  -97.678  -96.886  -96.213  -95.653  -95.200  -94.849  -94.596  -94.435  -94.360  -94.368  -94.453  -94.612  -94.838  -95.133  -95.488  -95.902
 -110.162 -108.195 -106.342 -104.612 -103.014 -101.552 -100.227  -99.038  -97.984  -97.060  -96.263  -95.588  -95.028  -94.579  -94.234  -93.988  -93.835  -93.771  -93.790  -93.887  -94.060  -94.300  -94.608  -94.978  -95.408
 -109.825 -107.800 -105.895 -104.122 -102.487 -100.994  -99.644  -98.437  -97.369  -96.437  -95.636  -94.959  -94.401  -93.955  -93.617  -93.379  -93.236  -93.182  -93.213  -93.323  -93.508  -93.762  -94.086  -94.471  -94.915
 -109.480 -107.397 -105.440 -103.623 -101.951 -100.428  -99.054  -97.829  -96.749  -95.809  -95.003  -94.325  -93.770  -93.329  -92.997  -92.768  -92.635  -92.593  -92.636  -92.761  -92.958  -93.226  -93.565  -93.965  -94.425
 -109.129 -106.985 -104.977 -103.115 -101.406  -99.853  -98.456  -97.214  -96.122  -95.174  -94.365  -93.688  -93.136  -92.701  -92.377  -92.156  -92.034  -92.004  -92.059  -92.198  -92.409  -92.692  -93.046  -93.461  -93.937
 -108.771 -106.566 -104.504 -102.597 -100.851  -99.269  -97.850  -96.591  -95.488  -94.534  -93.723  -93.047  -92.498  -92.070  -91.754  -91.544  -91.433  -91.415  -91.484  -91.636  -91.862  -92.159  -92.528  -92.960  -93.451
 -108.405 -106.138 -104.023 -102.071 -100.288  -98.676  -97.235  -95.961  -94.848  -93.889  -93.076  -92.402  -91.858  -91.437  -91.130  -90.930  -90.831  -90.826  -90.908  -91.075  -91.315  -91.628  -92.013  -92.460  -92.968
 -108.031 -105.701 -103.531 -101.534  -99.714  -98.075  -96.612  -95.323  -94.201  -93.237  -92.424  -91.753  -91.215  -90.801  -90.504  -90.316  -90.229  -90.237  -90.333  -90.515  -90.770  -91.099  -91.499  -91.963  -92.487
 -107.649 -105.254 -103.030 -100.987  -99.131  -97.464  -95.981  -94.678  -93.547  -92.580  -91.768  -91.100  -90.568  -90.163  -89.877  -89.700  -89.626  -89.648  -89.759  -89.956  -90.227  -90.571  -90.988  -91.467  -92.008
 -107.259 -104.798 -102.518 -100.430  -98.538  -96.843  -95.341  -94.025  -92.887  -91.917  -91.106  -90.443  -89.919  -89.524  -89.248  -89.084  -89.024  -89.060  -89.186  -89.398  -89.684  -90.047  -90.478  -90.974  -91.531
 -106.859 -104.332 -101.996  -99.862  -97.935  -96.213  -94.692  -93.364  -92.219  -91.248  -90.440  -89.783  -89.267  -88.882  -88.618  -88.467  -88.421  -88.472  -88.613  -88.841  -89.143  -89.522  -89.970  -90.483  -91.057
 -106.451 -103.855 -101.463  -99.283  -97.321  -95.573  -94.034  -92.695  -91.545  -90.574  -89.769  -89.119  -88.612  -88.238  -87.987  -87.849  -87.818  -87.884  -88.041  -88.285  -88.604  -89.000  -89.464  -89.994  -90.585
 -106.032 -103.368 -100.918  -98.693  -96.696  -94.923  -93.367  -92.018  -90.865  -89.894  -89.094  -88.451  -87.954  -87.592  -87.354  -87.231  -87.215  -87.297  -87.470  -87.730  -88.066  -88.479  -88.960  -89.507  -90.116
 -105.604 -102.869 -100.362  -98.091  -96.060  -94.262  -92.691  -91.333  -90.177  -89.208  -88.413  -87.779  -87.293  -86.944  -86.720  -86.612  -86.612  -86.710  -86.900  -87.177  -87.530  -87.960  -88.459  -89.023  -89.648
 -105.165 -102.358  -99.793  -97.477  -95.412  -93.592  -92.005  -90.640  -89.482  -88.517  -87.729  -87.104  -86.630  -86.294  -86.085  -85.993  -86.009  -86.124  -86.331  -86.624  -86.995  -87.442  -87.959  -88.540  -89.183
 -104.715 -101.835  -99.212  -96.851  -94.753  -92.910  -91.310  -89.939  -88.781  -87.820  -87.040  -86.426  -85.964  -85.643  -85.449  -85.373  -85.406  -85.538  -85.762  -86.074  -86.461  -86.927  -87.461  -88.060  -88.721
 -104.253 -101.300  -98.617  -96.212  -94.082  -92.218  -90.606  -89.230  -88.073  -87.117  -86.346  -85.744  -85.296  -84.990  -84.812  -84.753  -84.803  -84.953  -85.195  -85.524  -85.930  -86.413  -86.965  -87.582  -88.260
 -103.779 -100.751  -98.009  -95.560  -93.399  -91.515  -89.892  -88.513  -87.358  -86.409  -85.648  -85.059  -84.626  -84.335  -84.175  -84.133  -84.201  -84.368  -84.629  -84.976  -85.400  -85.901  -86.471  -87.106  -87.802
 -103.293 -100.188  -97.388  -94.895  -92.704  -90.801  -89.168  -87.787  -86.636  -85.695  -84.946  -84.370  -83.953  -83.679  -83.536  -83.513  -83.598  -83.785  -84.064  -84.429  -84.871  -85.391  -85.979  -86.632  -87.347
 -102.794  -99.612  -96.751  -94.215  -91.995  -90.075  -88.435  -87.053  -85.907  -84.976  -84.239  -83.679  -83.278  -83.021  -82.897  -82.892  -82.997  -83.202  -83.500  -83.884  -84.344  -84.883  -85.489  -86.161  -86.893
 -102.280  -99.020  -96.100  -93.522  -91.274  -89.338  -87.692  -86.311  -85.172  -84.251  -83.529  -82.984  -82.600  -82.363  -82.257  -82.271  -82.395  -82.620  -82.937  -83.340  -83.819  -84.377  -85.002  -85.691  -86.442
 -101.752  -98.412  -95.433  -92.814  -90.540  -88.590  -86.939  -85.561  -84.430  -83.522  -82.814  -82.286  -81.921  -81.703  -81.616  -81.651  -81.795  -82.039  -82.376  -82.798  -83.298  -83.873  -84.516  -85.224  -85.994
 -101.209  -97.789  -94.751  -92.091  -89.792  -87.829  -86.176  -84.802  -83.681  -82.787  -82.095  -81.586  -81.240  -81.041  -80.976  -81.030  -81.194  -81.459  -81.815  -82.257  -82.777  -83.371  -84.033  -84.760  -85.547
 -100.650  -97.148  -94.052  -91.352  -89.030  -87.057  -85.402  -84.035  -82.926  -82.046  -81.373  -80.883  -80.557  -80.379  -80.334  -80.410  -80.595  -80.880  -81.259  -81.718  -82.258  -82.870  -83.551  -84.297  -85.103
 -100.075  -96.491  -93.335  -90.598  -88.254  -86.273  -84.619  -83.260  -82.164  -81.301  -80.646  -80.177  -79.872  -79.716  -79.693  -79.790  -79.996  -80.302  -80.701  -81.180  -81.740  -82.372  -83.072  -83.837  -84.662
  -99.482  -95.814  -92.601  -89.828  -87.464  -85.476  -83.826  -82.477  -81.395  -80.551  -79.916  -79.468  -79.186  -79.052  -79.051  -79.170  -79.398  -79.725  -80.145  -80.644  -81.224  -81.876  -82.595  -83.379  -84.223
  -98.870  -95.119  -91.849  -89.041  -86.660  -84.668  -83.023  -81.686  -80.621  -79.796  -79.183  -78.757  -78.498  -78.387  -78.409  -78.551  -78.801  -79.149  -79.590  -80.110  -80.710  -81.382  -82.121  -82.923  -83.786
  -98.239  -94.404  -91.078  -88.237  -85.841  -83.847  -82.209  -80.886  -79.840  -79.036  -78.446  -78.044  -77.809  -77.722  -77.767  -77.932  -78.204  -78.575  -79.037  -79.578  -80.198  -80.890  -81.648  -82.470  -83.351
  -97.588  -93.668  -90.288  -87.415  -85.007  -83.013  -81.385  -80.079  -79.053  -78.272  -77.706  -77.329  -77.118  -77.056  -77.125  -77.314  -77.609  -78.002  -78.485  -79.047  -79.688  -80.400  -81.177  -82.018  -82.919
  -96.915  -92.911  -89.477  -86.576  -84.158  -82.167  -80.552  -79.263  -78.259  -77.503  -76.962  -76.611  -76.426  -76.389  -76.484  -76.696  -77.015  -77.430  -77.935  -78.518  -79.180  -79.912  -80.709  -81.570  -82.489
  -96.220  -92.131  -88.646  -85.719  -83.293  -81.308  -79.708  -78.440  -77.460  -76.730  -76.216  -75.892  -75.734  -75.723  -75.842  -76.079  -76.422  -76.860  -77.387  -77.991  -78.674  -79.426  -80.243  -81.123  -82.062
  -95.501  -91.328  -87.793  -84.843  -82.413  -80.437  -78.854  -77.609  -76.655  -75.952  -75.467  -75.170  -75.040  -75.056  -75.201  -75.463  -75.829  -76.291  -76.840  -77.466  -78.170  -78.942  -79.780  -80.679  -81.637
  -94.757  -90.500  -86.918  -83.948  -81.517  -79.553  -77.990  -76.771  -75.845  -75.171  -74.715  -74.447  -74.345  -74.388  -74.561  -74.848  -75.239  -75.724  -76.295  -76.943  -77.668  -78.461  -79.318  -80.237  -81.214
  -93.987  -89.647  -86.020  -83.033  -80.605  -78.657  -77.117  -75.925  -75.028  -74.385  -73.960  -73.723  -73.650  -73.721  -73.920  -74.233  -74.649  -75.158  -75.752  -76.423  -77.168  -77.981  -78.859  -79.797  -80.794
  -93.189  -88.768  -85.099  -82.099  -79.677  -77.747  -76.233  -75.071  -74.207  -73.596  -73.203  -72.997  -72.954  -73.054  -73.281  -73.620  -74.061  -74.593  -75.210  -75.904  -76.670  -77.504  -78.402  -79.360  -80.376
  -92.362  -87.860  -84.154  -81.145  -78.733  -76.825  -75.340  -74.210  -73.380  -72.803  -72.443  -72.270  -72.258  -72.387  -72.642  -73.008  -73.474  -74.031  -74.671  -75.387  -76.175  -77.029  -77.947  -78.925  -79.961
  -91.504  -86.924  -83.184  -80.170  -77.773  -75.891  -74.438  -73.343  -72.548  -72.007  -71.681  -71.541  -71.561  -71.721  -72.004  -72.397  -72.889  -73.470  -74.133  -74.872  -75.681  -76.556  -77.494  -78.492  -79.548
  -90.613  -85.959  -82.188  -79.175  -76.797  -74.944  -73.526  -72.468  -71.711  -71.207  -70.918  -70.812  -70.864  -71.054  -71.366  -71.787  -72.305  -72.911  -73.597  -74.359  -75.190  -76.086  -77.044  -78.062  -79.137
  -89.688  -84.962  -81.166  -78.159  -75.804  -73.984  -72.604  -71.587  -70.870  -70.405  -70.152  -70.081  -70.167  -70.388  -70.730  -71.178  -71.722  -72.353  -73.063  -73.848  -74.700  -75.617  -76.596  -77.634  -78.729
  -88.727  -83.933  -80.118  -77.121  -74.794  -73.012  -71.674  -70.699  -70.024  -69.599  -69.385  -69.350  -69.470  -69.723  -70.095  -70.571  -71.142  -71.798  -72.531  -73.339  -74.213  -75.151  -76.151  -77.208  -78.323
  -87.728  -82.870  -79.042  -76.062  -73.769  -72.028  -70.735  -69.805  -69.174  -68.791  -68.616  -68.619  -68.772  -69.058  -69.460  -69.965  -70.562  -71.246  -72.001  -72.832  -73.728  -74.687  -75.707  -76.785  -77.919
  -86.688  -81.772  -77.938  -74.981  -72.727  -71.032  -69.787  -68.905  -68.320  -67.980  -67.846  -67.886  -68.076  -68.395  -68.827  -69.361  -69.985  -70.694  -71.473  -72.327  -73.245  -74.226  -75.266  -76.364  -77.518
  -85.605  -80.639  -76.805  -73.879  -71.669  -70.024  -68.831  -67.999  -67.462  -67.167  -67.075  -67.154  -67.379  -67.732  -68.195  -68.758  -69.410  -70.144  -70.947  -71.824  -72.765  -73.766  -74.827  -75.945  -77.119
  -84.477  -79.467  -75.644  -72.754  -70.594  -69.005  -67.866  -67.088  -66.600  -66.352  -66.303  -66.421  -66.683  -67.070  -67.565  -68.157  -68.836  -69.595  -70.423  -71.324  -72.286  -73.309  -74.391  -75.529  -76.722
  -83.302  -78.258  -74.452  -71.608  -69.504  -67.974  -66.894  -66.171  -65.735  -65.535  -65.530  -65.689  -65.988  -66.409  -66.936  -67.557  -68.264  -69.049  -69.901  -70.825  -71.810  -72.855  -73.957  -75.115  -76.328
  -82.077  -77.008  -73.230  -70.439  -68.398  -66.932  -65.914  -65.249  -64.867  -64.716  -64.756  -64.956  -65.294  -65.749  -66.308  -66.959  -67.694  -68.505  -69.382  -70.329  -71.336  -72.402  -73.525  -74.703  -75.936
  -80.799  -75.717  -71.978  -69.249  -67.276  -65.880  -64.927  -64.323  -63.997  -63.896  -63.982  -64.224  -64.600  -65.090  -65.682  -66.363  -67.126  -67.963  -68.867  -69.835  -70.865  -71.952  -73.095  -74.294  -75.547
  -79.466  -74.383  -70.695  -68.036  -66.140  -64.817  -63.933  -63.392  -63.123  -63.074  -63.207  -63.493  -63.907  -64.433  -65.058  -65.769  -66.560  -67.423  -68.352  -69.344  -70.395  -71.504  -72.668  -73.887  -75.160
  -78.074  -73.006  -69.381  -66.802  -64.988  -63.744  -62.932  -62.457  -62.247  -62.252  -62.433  -62.761  -63.215  -63.778  -64.435  -65.177  -65.996  -66.885  -67.839  -68.854  -69.928  -71.058  -72.243  -73.482  -74.775
  -76.622  -71.585  -68.036  -65.547  -63.822  -62.661  -61.926  -61.518  -61.369  -61.428  -61.658  -62.031  -62.525  -63.123  -63.814  -64.587  -65.434  -66.349  -67.328  -68.367  -69.463  -70.615  -71.821  -73.080  -74.393
  -75.105  -70.118  -66.660  -64.271  -62.642  -61.569  -60.913  -60.576  -60.489  -60.604  -60.884  -61.301  -61.835  -62.471  -63.195  -63.998  -64.874  -65.816  -66.820  -67.882  -69.001  -70.174  -71.400  -72.680  -74.013
  -73.521  -68.605  -65.253  -62.974  -61.449  -60.469  -59.895  -59.630  -59.608  -59.780  -60.110  -60.573  -61.148  -61.820  -62.578  -63.412  -64.316  -65.284  -66.314  -67.400  -68.540  -69.735  -70.982  -72.282  -73.635
  -71.868  -67.045  -63.815  -61.657  -60.242  -59.360  -58.872  -58.682  -58.725  -58.955  -59.337  -59.845  -60.461  -61.171  -61.963  -62.828  -63.761  -64.755  -65.810  -66.919  -68.083  -69.298  -70.567  -71.887  -73.260
  -70.142  -65.438  -62.346  -60.320  -59.023  -58.244  -57.844  -57.731  -57.842  -58.130  -58.564  -59.119  -59.777  -60.524  -61.349  -62.246  -63.208  -64.228  -65.308  -66.441  -67.627  -68.864  -70.153  -71.494  -72.887
  -68.341  -63.783  -60.848  -58.965  -57.792  -57.120  -56.812  -56.778  -56.958  -57.306  -57.793  -58.394  -59.094  -59.878  -60.738  -61.666  -62.659  -63.704  -64.809  -65.966  -67.174  -68.432  -69.742  -71.103  -72.516
  -66.463  -62.080  -59.320  -57.591  -56.550  -55.989  -55.776  -55.824  -56.073  -56.482  -57.022  -57.671  -58.412  -59.235  -60.129  -61.089  -62.110  -63.182  -64.312  -65.492  -66.723  -68.003  -69.333  -70.715  -72.148
  -64.506  -60.331  -57.764  -56.200  -55.298  -54.853  -54.737  -54.868  -55.188  -55.659  -56.253  -56.949  -57.733  -58.594  -59.523  -60.514  -61.564  -62.662  -63.817  -65.021  -66.274  -67.576  -68.927  -70.328  -71.782
  -62.469  -58.535  -56.180  -54.793  -54.036  -53.711  -53.695  -53.910  -54.303  -54.836  -55.485  -56.229  -57.056  -57.955  -58.918  -59.941  -61.019  -62.144  -63.325  -64.552  -65.828  -67.151  -68.523  -69.945  -71.419
  -60.351  -56.693  -54.571  -53.371  -52.766  -52.564  -52.651  -52.953  -53.419  -54.015  -54.719  -55.511  -56.381  -57.318  -58.316  -59.370  -60.477  -61.632  -62.835  -64.086  -65.384  -66.728  -68.121  -69.563  -71.057
  -58.152  -54.807  -52.936  -51.935  -51.487  -51.413  -51.605  -51.994  -52.535  -53.195  -53.954  -54.795  -55.708  -56.684  -57.717  -58.802  -59.938  -61.119  -62.348  -63.622  -64.942  -66.308  -67.721  -69.184  -70.698
  -55.872  -52.879  -51.278  -50.485  -50.201  -50.259  -50.558  -51.036  -51.652  -52.377  -53.191  -54.082  -55.037  -56.052  -57.119  -58.236  -59.401  -60.609  -61.863  -63.160  -64.502  -65.890  -67.324  -68.807  -70.341
  -53.513  -50.911  -49.599  -49.024  -48.909  -49.101  -49.510  -50.079  -50.770  -51.560  -52.431  -53.370  -54.369  -55.422  -56.524  -57.673  -58.866  -60.102  -61.380  -62.701  -64.065  -65.474  -66.929  -68.432  -69.987
  -51.078  -48.905  -47.900  -47.553  -47.612  -47.942  -48.462  -49.122  -49.890  -50.745  -51.672  -52.661  -53.703  -54.795  -55.932  -57.112  -58.334  -59.596  -60.900  -62.244  -63.631  -65.061  -66.536  -68.060  -69.635
  -48.571  -46.864  -46.184  -46.073  -46.311  -46.781  -47.413  -48.166  -49.012  -49.933  -50.916  -51.954  -53.040  -54.171  -55.342  -56.554  -57.804  -59.094  -60.422  -61.789  -63.198  -64.650  -66.146  -67.690  -69.285
  -45.997  -44.792  -44.452  -44.585  -45.007  -45.619  -46.365  -47.212  -48.135  -49.122  -50.163  -51.250  -52.380  -53.549  -54.755  -55.998  -57.277  -58.593  -59.946  -61.337  -62.768  -64.241  -65.758  -67.322  -68.937
  -43.362  -42.693  -42.707  -43.091  -43.700  -44.457  -45.319  -46.259  -47.261  -48.315  -49.412  -50.549  -51.722  -52.929  -54.171  -55.445  -56.752  -58.095  -59.473  -60.887  -62.340  -63.834  -65.372  -66.956  -68.592
