  43.837  43.882  43.895  43.892  43.879  43.857  43.830  43.796  43.757  43.713  43.665  43.613  43.557  43.498  43.434  43.368  43.298  43.225  43.149  43.069  42.985  42.896  42.800  42.692  42.555
  44.399  44.390  44.371  44.346  44.313  44.273  44.228  44.177  44.120  44.059  43.993  43.922  43.848  43.769  43.687  43.602  43.513  43.422  43.327  43.231  43.131  43.029  42.924  42.817  42.706
  44.865  44.841  44.809  44.769  44.722  44.668  44.607  44.541  44.468  44.388  44.304  44.216  44.123  44.025  43.923  43.818  43.710  43.598  43.483  43.366  43.247  43.126  43.003  42.879  42.753
  45.292  45.258  45.216  45.165  45.105  45.038  44.963  44.882  44.793  44.698  44.597  44.490  44.377  44.260  44.139  44.013  43.884  43.752  43.616  43.478  43.338  43.196  43.052  42.908  42.762
  45.705  45.663  45.610  45.548  45.477  45.397  45.308  45.212  45.108  44.996  44.877  44.753  44.622  44.485  44.343  44.197  44.047  43.893  43.736  43.577  43.415  43.251  43.086  42.921  42.754
  46.110  46.059  45.997  45.925  45.842  45.749  45.647  45.535  45.415  45.287  45.151  45.008  44.858  44.702  44.540  44.373  44.202  44.027  43.848  43.667  43.483  43.298  43.111  42.924  42.736
  46.510  46.451  46.380  46.297  46.202  46.097  45.980  45.854  45.718  45.573  45.420  45.258  45.089  44.913  44.731  44.544  44.351  44.154  43.954  43.750  43.545  43.337  43.129  42.920  42.711
  46.906  46.839  46.759  46.665  46.559  46.441  46.311  46.169  46.017  45.855  45.684  45.504  45.316  45.120  44.918  44.709  44.495  44.276  44.054  43.829  43.601  43.371  43.141  42.910  42.679
  47.301  47.226  47.136  47.032  46.914  46.782  46.638  46.482  46.314  46.135  45.945  45.747  45.539  45.323  45.100  44.870  44.635  44.394  44.150  43.903  43.653  43.401  43.148  42.895  42.643
  47.693  47.610  47.511  47.396  47.266  47.122  46.963  46.792  46.607  46.411  46.204  45.986  45.759  45.523  45.279  45.028  44.771  44.509  44.242  43.973  43.700  43.426  43.151  42.876  42.602
  48.084  47.993  47.884  47.759  47.617  47.459  47.286  47.099  46.899  46.685  46.459  46.223  45.976  45.719  45.455  45.183  44.904  44.620  44.331  44.039  43.744  43.447  43.150  42.853  42.557
  48.368  48.273  48.159  48.026  47.875  47.708  47.524  47.324  47.109  46.881  46.640  46.387  46.123  45.848  45.565  45.274  44.976  44.672  44.362  44.049  43.733  43.416  43.097  42.778  42.460
  48.599  48.502  48.384  48.246  48.089  47.912  47.718  47.508  47.281  47.039  46.783  46.515  46.234  45.943  45.642  45.332  45.015  44.691  44.361  44.028  43.691  43.352  43.011  42.670  42.329
  48.796  48.700  48.581  48.439  48.276  48.092  47.889  47.668  47.429  47.175  46.905  46.621  46.325  46.017  45.698  45.370  45.034  44.691  44.340  43.986  43.628  43.267  42.904  42.540  42.176
  48.964  48.870  48.751  48.607  48.439  48.249  48.038  47.807  47.558  47.291  47.008  46.709  46.397  46.073  45.737  45.391  45.036  44.673  44.302  43.927  43.548  43.165  42.779  42.390  42.001
  49.217  49.121  48.998  48.848  48.673  48.474  48.252  48.009  47.747  47.466  47.167  46.853  46.524  46.182  45.827  45.462  45.087  44.705  44.313  43.918  43.517  43.112  42.705  42.294  41.881
  49.636  49.530  49.394  49.231  49.042  48.828  48.590  48.331  48.051  47.751  47.434  47.100  46.752  46.389  46.014  45.629  45.233  44.829  44.417  44.001  43.580  43.156  42.728  42.299  41.868
  50.050  49.932  49.784  49.608  49.405  49.176  48.923  48.647  48.349  48.032  47.695  47.342  46.974  46.591  46.195  45.789  45.372  44.947  44.516  44.078  43.636  43.191  42.744  42.296  41.847
  50.458  50.330  50.170  49.981  49.764  49.520  49.251  48.958  48.643  48.307  47.952  47.579  47.190  46.787  46.371  45.943  45.506  45.060  44.607  44.148  43.685  43.220  42.753  42.285  41.818
  50.862  50.723  50.552  50.350  50.119  49.860  49.575  49.265  48.932  48.578  48.204  47.811  47.402  46.978  46.541  46.092  45.633  45.166  44.692  44.212  43.729  43.243  42.756  42.269  41.782
  51.263  51.113  50.930  50.715  50.470  50.196  49.895  49.568  49.218  48.845  48.451  48.039  47.609  47.165  46.707  46.237  45.757  45.268  44.773  44.271  43.767  43.261  42.753  42.246  41.740
  51.660  51.500  51.306  51.078  50.819  50.530  50.212  49.868  49.500  49.108  48.695  48.263  47.813  47.347  46.868  46.377  45.875  45.365  44.848  44.326  43.800  43.273  42.745  42.218  41.693
  52.055  51.885  51.679  51.438  51.165  50.860  50.527  50.165  49.778  49.368  48.935  48.482  48.012  47.526  47.025  46.512  45.989  45.458  44.919  44.375  43.829  43.281  42.733  42.186  41.641
  52.448  52.267  52.049  51.796  51.508  51.188  50.838  50.459  50.054  49.624  49.172  48.699  48.208  47.700  47.178  46.644  46.099  45.546  44.986  44.421  43.853  43.284  42.716  42.149  41.584
  52.839  52.648  52.418  52.151  51.849  51.513  51.146  50.750  50.326  49.877  49.405  48.912  48.400  47.871  47.327  46.771  46.205  45.630  45.049  44.462  43.873  43.284  42.694  42.107  41.523
  53.228  53.026  52.784  52.504  52.188  51.836  51.453  51.038  50.596  50.127  49.635  49.121  48.588  48.038  47.473  46.895  46.307  45.710  45.107  44.500  43.889  43.279  42.669  42.062  41.458
  53.616  53.403  53.149  52.856  52.524  52.157  51.756  51.324  50.863  50.375  49.862  49.327  48.773  48.201  47.615  47.015  46.405  45.787  45.162  44.533  43.901  43.270  42.639  42.012  41.389
  54.002  53.779  53.513  53.206  52.859  52.476  52.058  51.607  51.127  50.619  50.086  49.530  48.955  48.361  47.753  47.132  46.500  45.859  45.213  44.562  43.909  43.257  42.606  41.959  41.316
  54.387  54.153  53.875  53.554  53.192  52.792  52.357  51.888  51.388  50.860  50.307  49.730  49.133  48.518  47.888  47.244  46.590  45.928  45.260  44.588  43.914  43.240  42.569  41.902  41.240
  54.771  54.526  54.235  53.900  53.523  53.107  52.654  52.166  51.647  51.099  50.525  49.927  49.308  48.672  48.019  47.354  46.678  45.994  45.304  44.610  43.915  43.220  42.528  41.841  41.159
  55.154  54.898  54.594  54.245  53.853  53.420  52.949  52.442  51.903  51.335  50.740  50.121  49.480  48.822  48.147  47.460  46.762  46.056  45.344  44.629  43.912  43.197  42.484  41.777  41.076
  55.536  55.268  54.952  54.588  54.180  53.730  53.241  52.716  52.157  51.568  50.952  50.311  49.649  48.968  48.272  47.562  46.842  46.114  45.380  44.644  43.906  43.170  42.437  41.709  40.989
  55.917  55.638  55.309  54.930  54.506  54.039  53.532  52.987  52.408  51.799  51.161  50.499  49.815  49.112  48.393  47.661  46.919  46.169  45.413  44.655  43.896  43.139  42.386  41.638  40.898
  56.297  56.007  55.664  55.271  54.831  54.346  53.820  53.256  52.657  52.027  51.368  50.683  49.977  49.252  48.511  47.757  46.992  46.220  45.443  44.663  43.883  43.105  42.331  41.564  40.805
  56.676  56.374  56.018  55.610  55.153  54.651  54.106  53.523  52.903  52.252  51.571  50.865  50.137  49.389  48.626  47.849  47.062  46.268  45.469  44.668  43.866  43.068  42.274  41.486  40.708
  57.055  56.741  56.371  55.948  55.475  54.954  54.391  53.787  53.147  52.474  51.772  51.043  50.293  49.523  48.737  47.938  47.129  46.313  45.492  44.669  43.847  43.027  42.213  41.406  40.608
  57.433  57.107  56.723  56.284  55.794  55.256  54.673  54.049  53.388  52.693  51.969  51.219  50.446  49.653  48.845  48.024  47.192  46.354  45.511  44.667  43.823  42.983  42.149  41.322  40.504
  57.810  57.472  57.074  56.620  56.112  55.555  54.953  54.308  53.626  52.910  52.164  51.391  50.596  49.781  48.950  48.106  47.252  46.392  45.527  44.662  43.797  42.936  42.081  41.235  40.398
  58.187  57.836  57.424  56.953  56.428  55.853  55.231  54.566  53.862  53.124  52.356  51.561  50.742  49.905  49.051  48.185  47.309  46.426  45.540  44.653  43.767  42.886  42.011  41.145  40.289
  58.563  58.199  57.772  57.286  56.743  56.149  55.506  54.821  54.096  53.336  52.545  51.727  50.886  50.026  49.149  48.260  47.362  46.458  45.550  44.641  43.734  42.832  41.937  41.051  40.177
  58.938  58.562  58.120  57.617  57.056  56.442  55.780  55.073  54.326  53.544  52.731  51.890  51.026  50.143  49.244  48.333  47.412  46.485  45.556  44.626  43.698  42.776  41.860  40.955  40.061
  59.313  58.923  58.466  57.946  57.368  56.734  56.051  55.323  54.554  53.750  52.914  52.050  51.163  50.257  49.335  48.401  47.458  46.510  45.559  44.607  43.659  42.716  41.781  40.856  39.943
  59.687  59.284  58.812  58.275  57.677  57.024  56.320  55.571  54.780  53.953  53.094  52.207  51.297  50.368  49.424  48.467  47.502  46.531  45.558  44.586  43.616  42.653  41.698  40.754  39.822
  60.061  59.644  59.156  58.602  57.985  57.312  56.587  55.816  55.002  54.153  53.271  52.361  51.428  50.476  49.508  48.529  47.541  46.549  45.554  44.561  43.571  42.587  41.612  40.649  39.698
  60.434  60.003  59.499  58.927  58.292  57.598  56.852  56.058  55.222  54.349  53.444  52.511  51.555  50.580  49.590  48.588  47.578  46.563  45.547  44.533  43.522  42.518  41.523  40.540  39.571
  60.807  60.362  59.841  59.251  58.596  57.882  57.114  56.298  55.440  54.543  53.615  52.659  51.679  50.681  49.668  48.643  47.611  46.575  45.537  44.501  43.470  42.446  41.431  40.429  39.442
  61.179  60.719  60.182  59.574  58.899  58.164  57.374  56.535  55.654  54.734  53.783  52.803  51.800  50.779  49.742  48.695  47.641  46.583  45.523  44.467  43.415  42.370  41.337  40.315  39.309
  61.550  61.076  60.522  59.895  59.200  58.443  57.631  56.770  55.865  54.922  53.947  52.944  51.918  50.873  49.814  48.744  47.667  46.587  45.507  44.429  43.356  42.292  41.239  40.199  39.174
  61.921  61.432  60.861  60.214  59.499  58.721  57.886  57.002  56.074  55.107  54.108  53.081  52.032  50.964  49.882  48.789  47.690  46.588  45.487  44.388  43.295  42.211  41.138  40.079  39.036
  62.292  61.787  61.198  60.532  59.796  58.996  58.139  57.231  56.279  55.289  54.266  53.215  52.142  51.051  49.946  48.831  47.710  46.586  45.463  44.344  43.231  42.126  41.034  39.956  38.895
  62.662  62.141  61.534  60.849  60.091  59.269  58.389  57.458  56.482  55.468  54.421  53.346  52.250  51.135  50.007  48.870  47.726  46.581  45.437  44.297  43.163  42.039  40.928  39.831  38.751
  63.031  62.494  61.869  61.163  60.384  59.540  58.636  57.681  56.681  55.643  54.572  53.474  52.353  51.215  50.065  48.905  47.739  46.572  45.407  44.246  43.092  41.949  40.818  39.703  38.604
  63.400  62.846  62.202  61.476  60.676  59.808  58.881  57.902  56.878  55.815  54.720  53.598  52.454  51.292  50.119  48.936  47.749  46.560  45.374  44.193  43.019  41.855  40.706  39.572  38.455
  63.768  63.197  62.535  61.788  60.965  60.074  59.123  58.120  57.071  55.984  54.865  53.718  52.550  51.366  50.169  48.964  47.755  46.545  45.338  44.136  42.942  41.759  40.590  39.438  38.303
  64.135  63.548  62.865  62.097  61.251  60.337  59.362  58.334  57.261  56.150  55.006  53.835  52.644  51.436  50.216  48.989  47.758  46.527  45.298  44.076  42.862  41.660  40.472  39.301  38.149
  64.502  63.897  63.195  62.405  61.536  60.598  59.598  58.546  57.448  56.312  55.143  53.949  52.734  51.502  50.260  49.010  47.757  46.505  45.255  44.013  42.779  41.558  40.351  39.162  37.991
  64.869  64.245  63.522  62.710  61.819  60.856  59.832  58.754  57.632  56.470  55.277  54.059  52.820  51.565  50.300  49.028  47.753  46.479  45.209  43.946  42.693  41.453  40.227  39.019  37.831
  65.234  64.592  63.849  63.014  62.099  61.112  60.062  58.960  57.812  56.626  55.408  54.165  52.902  51.625  50.337  49.043  47.746  46.451  45.160  43.877  42.604  41.344  40.100  38.874  37.669
  65.599  64.938  64.174  63.316  62.376  61.364  60.290  59.162  57.988  56.777  55.535  54.268  52.981  51.680  50.370  49.053  47.735  46.419  45.108  43.805  42.512  41.233  39.971  38.727  37.503
  65.963  65.283  64.497  63.616  62.651  61.614  60.514  59.361  58.162  56.925  55.658  54.367  53.057  51.732  50.399  49.061  47.721  46.384  45.052  43.729  42.417  41.119  39.838  38.576  37.335
  66.327  65.627  64.818  63.913  62.924  61.861  60.735  59.556  58.332  57.070  55.778  54.462  53.128  51.781  50.425  49.065  47.704  46.345  44.993  43.650  42.319  41.002  39.703  38.423  37.165
  66.690  65.969  65.138  64.209  63.194  62.105  60.953  59.748  58.498  57.211  55.894  54.554  53.196  51.826  50.447  49.065  47.683  46.304  44.931  43.569  42.218  40.883  39.565  38.267  36.991
  67.051  66.310  65.456  64.502  63.461  62.346  61.168  59.936  58.660  57.348  56.006  54.642  53.260  51.867  50.466  49.062  47.658  46.258  44.866  43.484  42.114  40.760  39.424  38.108  36.815
  67.413  66.649  65.771  64.792  63.726  62.584  61.379  60.121  58.819  57.481  56.115  54.726  53.321  51.904  50.481  49.055  47.630  46.210  44.797  43.396  42.006  40.634  39.280  37.947  36.637
  67.773  66.988  66.085  65.081  63.988  62.819  61.587  60.302  58.974  57.611  56.219  54.806  53.377  51.938  50.492  49.045  47.599  46.158  44.726  43.304  41.896  40.506  39.134  37.783  36.456
  68.132  67.324  66.397  65.366  64.246  63.051  61.791  60.480  59.125  57.736  56.320  54.883  53.430  51.968  50.500  49.031  47.564  46.103  44.651  43.210  41.783  40.375  38.985  37.616  36.272
  68.490  67.660  66.707  65.649  64.502  63.279  61.992  60.654  59.273  57.858  56.417  54.955  53.479  51.994  50.505  49.014  47.526  46.045  44.573  43.113  41.668  40.240  38.833  37.447  36.086
  68.848  67.993  67.015  65.930  64.754  63.503  62.189  60.824  59.416  57.976  56.509  55.024  53.525  52.017  50.505  48.993  47.485  45.983  44.492  43.013  41.549  40.103  38.678  37.275  35.897
  69.204  68.325  67.320  66.207  65.004  63.724  62.382  60.989  59.556  58.089  56.598  55.088  53.566  52.036  50.502  48.969  47.440  45.918  44.408  42.909  41.427  39.964  38.521  37.100  35.705
  69.559  68.655  67.623  66.482  65.250  63.942  62.572  61.151  59.691  58.199  56.683  55.149  53.603  52.051  50.495  48.941  47.392  45.850  44.320  42.803  41.302  39.821  38.360  36.923  35.511
  69.913  68.983  67.923  66.753  65.492  64.155  62.757  61.309  59.822  58.304  56.764  55.206  53.637  52.062  50.485  48.910  47.340  45.779  44.229  42.693  41.175  39.675  38.197  36.743  35.315
  70.265  69.309  68.221  67.022  65.731  64.365  62.938  61.463  59.949  58.406  56.840  55.259  53.667  52.069  50.471  48.875  47.285  45.704  44.135  42.581  41.044  39.527  38.032  36.561  35.115
  70.616  69.633  68.516  67.287  65.966  64.571  63.116  61.613  60.072  58.503  56.913  55.307  53.692  52.073  50.453  48.836  47.226  45.626  44.038  42.465  40.911  39.376  37.863  36.375  34.914
  70.966  69.955  68.808  67.548  66.198  64.773  63.289  61.758  60.191  58.596  56.981  55.352  53.714  52.073  50.431  48.794  47.164  45.544  43.938  42.346  40.774  39.222  37.692  36.187  34.709
  71.314  70.274  69.097  67.807  66.425  64.970  63.457  61.899  60.305  58.685  57.045  55.392  53.732  52.069  50.406  48.748  47.099  45.460  43.835  42.225  40.635  39.065  37.518  35.997  34.503
  71.661  70.591  69.383  68.061  66.649  65.164  63.622  62.035  60.415  58.769  57.105  55.429  53.746  52.061  50.377  48.699  47.030  45.372  43.728  42.100  40.492  38.906  37.342  35.804  34.293
  72.005  70.905  69.665  68.312  66.868  65.353  63.782  62.167  60.520  58.849  57.160  55.461  53.756  52.049  50.345  48.647  46.958  45.281  43.619  41.972  40.347  38.743  37.163  35.608  34.082
  72.348  71.217  69.945  68.559  67.083  65.537  63.937  62.295  60.621  58.924  57.211  55.489  53.761  52.033  50.309  48.590  46.882  45.186  43.506  41.842  40.199  38.578  36.981  35.410  33.867
  72.689  71.526  70.220  68.801  67.294  65.717  64.087  62.417  60.717  58.995  57.258  55.513  53.763  52.014  50.269  48.531  46.803  45.089  43.390  41.709  40.048  38.410  36.797  35.209  33.650
  73.028  71.832  70.492  69.040  67.500  65.892  64.233  62.535  60.809  59.062  57.301  55.532  53.761  51.991  50.225  48.467  46.721  44.988  43.271  41.572  39.895  38.240  36.610  35.006  33.431
  73.364  72.134  70.760  69.274  67.701  66.063  64.374  62.649  60.895  59.123  57.339  55.548  53.755  51.963  50.178  48.400  46.635  44.884  43.149  41.433  39.738  38.066  36.420  34.800  33.209
  73.698  72.434  71.024  69.504  67.898  66.228  64.510  62.757  60.978  59.181  57.373  55.559  53.744  51.932  50.126  48.330  46.546  44.776  43.024  41.291  39.579  37.890  36.227  34.592  32.985
  74.030  72.729  71.284  69.728  68.090  66.389  64.642  62.860  61.055  59.233  57.402  55.566  53.730  51.897  50.072  48.256  46.453  44.666  42.896  41.145  39.417  37.712  36.032  34.380  32.758
  74.359  73.021  71.539  69.948  68.276  66.544  64.768  62.959  61.128  59.282  57.427  55.569  53.711  51.858  50.013  48.179  46.358  44.552  42.764  40.997  39.251  37.530  35.835  34.167  32.528
  74.684  73.309  71.790  70.163  68.458  66.694  64.888  63.052  61.195  59.325  57.447  55.567  53.689  51.816  49.951  48.098  46.258  44.435  42.630  40.846  39.084  37.346  35.634  33.951  32.297
  75.007  73.593  72.035  70.373  68.634  66.839  65.004  63.140  61.258  59.364  57.463  55.561  53.662  51.769  49.885  48.013  46.156  44.316  42.492  40.692  38.913  37.159  35.431  33.732  32.062
  75.326  73.872  72.276  70.577  68.804  66.978  65.114  63.223  61.316  59.397  57.474  55.551  53.631  51.719  49.816  47.925  46.050  44.192  42.352  40.534  38.740  36.969  35.226  33.511  31.825
  75.641  74.146  72.511  70.776  68.969  67.112  65.219  63.301  61.368  59.426  57.481  55.537  53.597  51.664  49.743  47.834  45.941  44.066  42.208  40.375  38.563  36.777  35.018  33.287  31.586
  75.953  74.416  72.741  70.969  69.128  67.239  65.318  63.374  61.416  59.451  57.483  55.518  53.558  51.606  49.666  47.739  45.828  43.936  42.062  40.212  38.384  36.582  34.807  33.061  31.344
  76.260  74.680  72.965  71.156  69.281  67.361  65.411  63.441  61.459  59.470  57.481  55.495  53.515  51.544  49.585  47.641  45.713  43.803  41.912  40.046  38.202  36.385  34.594  32.832  31.100
  76.562  74.939  73.183  71.336  69.428  67.477  65.499  63.503  61.496  59.485  57.474  55.467  53.468  51.478  49.501  47.539  45.593  43.667  41.760  39.877  38.018  36.184  34.378  32.601  30.854
  76.860  75.192  73.394  71.510  69.568  67.587  65.581  63.559  61.528  59.495  57.462  55.435  53.416  51.408  49.413  47.434  45.471  43.528  41.606  39.706  37.831  35.981  34.160  32.367  30.604
  77.152  75.438  73.599  71.678  69.702  67.691  65.657  63.610  61.555  59.499  57.446  55.399  53.361  51.335  49.322  47.325  45.345  43.386  41.447  39.532  37.641  35.776  33.939  32.130  30.353
  77.439  75.678  73.797  71.839  69.830  67.789  65.727  63.655  61.577  59.499  57.426  55.359  53.302  51.257  49.227  47.213  45.217  43.240  41.286  39.354  37.448  35.568  33.715  31.892  30.099
  77.719  75.911  73.988  71.992  69.951  67.880  65.792  63.694  61.594  59.494  57.400  55.314  53.239  51.176  49.128  47.097  45.084  43.092  41.121  39.174  37.252  35.357  33.489  31.650  29.842
  77.993  76.137  74.171  72.139  70.065  67.965  65.850  63.728  61.605  59.485  57.370  55.265  53.171  51.091  49.026  46.978  44.949  42.940  40.954  38.992  37.054  35.143  33.260  31.407  29.583
  78.260  76.354  74.347  72.278  70.171  68.043  65.902  63.756  61.611  59.470  57.336  55.212  53.100  51.002  48.920  46.855  44.810  42.786  40.784  38.806  36.853  34.927  33.029  31.160  29.322
  78.518  76.564  74.515  72.410  70.271  68.114  65.948  63.779  61.612  59.450  57.296  55.154  53.024  50.909  48.810  46.729  44.668  42.628  40.611  38.618  36.650  34.708  32.795  30.911  29.058
  78.769  76.765  74.674  72.533  70.364  68.179  65.988  63.796  61.607  59.425  57.253  55.092  52.944  50.812  48.697  46.600  44.523  42.467  40.435  38.426  36.443  34.487  32.559  30.660  28.792
  79.011  76.957  74.825  72.649  70.449  68.237  66.021  63.806  61.597  59.395  57.204  55.025  52.861  50.712  48.580  46.468  44.376  42.303  40.256  38.232  36.234  34.263  32.320  30.406  28.523
  79.243  77.140  74.967  72.756  70.526  68.288  66.048  63.812  61.582  59.361  57.151  54.955  52.773  50.608  48.460  46.332  44.224  42.137  40.074  38.035  36.022  34.036  32.079  30.150  28.252
  79.465  77.313  75.100  72.855  70.596  68.332  66.069  63.811  61.561  59.321  57.093  54.880  52.681  50.500  48.336  46.192  44.070  41.967  39.889  37.836  35.808  33.807  31.835  29.891  27.978
  79.676  77.475  75.223  72.946  70.658  68.369  66.083  63.804  61.535  59.276  57.031  54.800  52.586  50.388  48.209  46.050  43.912  41.794  39.702  37.634  35.591  33.576  31.588  29.630  27.702
  79.875  77.627  75.336  73.027  70.713  68.399  66.091  63.792  61.503  59.227  56.964  54.717  52.486  50.273  48.078  45.904  43.751  41.619  39.511  37.428  35.371  33.341  31.339  29.366  27.423
  80.062  77.767  75.440  73.100  70.759  68.422  66.093  63.773  61.466  59.172  56.893  54.629  52.382  50.154  47.944  45.754  43.587  41.440  39.318  37.221  35.149  33.104  31.088  29.100  27.142
  80.235  77.896  75.533  73.164  70.797  68.438  66.088  63.749  61.424  59.113  56.817  54.537  52.275  50.031  47.806  45.602  43.419  41.259  39.122  37.010  34.924  32.865  30.834  28.831  26.858
  80.395  78.012  75.615  73.218  70.828  68.446  66.076  63.719  61.376  59.048  56.736  54.441  52.163  49.904  47.665  45.446  43.249  41.074  38.923  36.797  34.696  32.623  30.577  28.560  26.572
  80.539  78.116  75.687  73.264  70.850  68.447  66.058  63.683  61.323  58.979  56.651  54.340  52.048  49.774  47.520  45.287  43.075  40.886  38.721  36.581  34.466  32.378  30.318  28.286  26.284
  80.668  78.207  75.748  73.300  70.863  68.441  66.033  63.641  61.265  58.904  56.561  54.236  51.928  49.640  47.372  45.124  42.899  40.696  38.517  36.362  34.233  32.131  30.057  28.010  25.993
  80.781  78.285  75.798  73.326  70.869  68.428  66.002  63.593  61.201  58.825  56.467  54.127  51.805  49.503  47.220  44.959  42.719  40.502  38.309  36.141  33.998  31.881  29.793  27.732  25.699
  80.877  78.349  75.837  73.343  70.866  68.407  65.965  63.540  61.132  58.741  56.368  54.014  51.678  49.361  47.065  44.790  42.536  40.306  38.099  35.916  33.760  31.629  29.526  27.451  25.403
