 -177.946 -177.942 -177.917 -177.878 -177.827 -177.767 -177.699 -177.623 -177.540 -177.451 -177.357 -177.257 -177.152 -177.042 -176.928 -176.810 -176.688 -176.562 -176.431 -176.296 -176.156 -176.007 -175.844
 -178.703 -178.655 -178.594 -178.524 -178.443 -178.353 -178.255 -178.149 -178.036 -177.915 -177.788 -177.655 -177.517 -177.373 -177.225 -177.072 -176.916 -176.757 -176.594 -176.429 -176.261 -176.091 -175.918
 -179.393 -179.322 -179.239 -179.145 -179.039 -178.924 -178.799 -178.664 -178.521 -178.371 -178.212 -178.046 -177.873 -177.694 -177.510 -177.322 -177.129 -176.933 -176.734 -176.532 -176.329 -176.125 -175.920
  179.952 -179.959 -179.857 -179.742 -179.614 -179.476 -179.325 -179.162 -178.990 -178.807 -178.616 -178.416 -178.209 -177.994 -177.773 -177.547 -177.316 -177.082 -176.844 -176.604 -176.363 -176.121 -175.878
  179.309  179.414  179.534  179.668  179.817  179.981 -179.842 -179.653 -179.451 -179.238 -179.014 -178.780 -178.538 -178.287 -178.028 -177.764 -177.494 -177.220 -176.942 -176.662 -176.381 -176.099 -175.818
  178.671  178.791  178.927  179.081  179.252  179.438  179.640  179.857 -179.912 -179.668 -179.411 -179.143 -178.865 -178.577 -178.281 -177.977 -177.667 -177.353 -177.034 -176.713 -176.391 -176.068 -175.746
  178.035  178.167  178.320  178.493  178.685  178.894  179.121  179.365  179.625  179.900 -179.811 -179.508 -179.194 -178.868 -178.533 -178.190 -177.839 -177.483 -177.123 -176.759 -176.395 -176.030 -175.667
  177.396  177.543  177.712  177.903  178.114  178.346  178.598  178.869  179.158  179.464  179.786 -179.876 -179.525 -179.162 -178.787 -178.403 -178.011 -177.613 -177.209 -176.803 -176.395 -175.987 -175.581
  176.756  176.917  177.101  177.309  177.540  177.794  178.071  178.368  178.686  179.023  179.379  179.751 -179.861 -179.458 -179.044 -178.618 -178.184 -177.742 -177.295 -176.844 -176.392 -175.940 -175.491
  176.115  176.287  176.486  176.710  176.961  177.237  177.538  177.862  178.209  178.577  178.966  179.374  179.800 -179.759 -179.304 -178.836 -178.358 -177.872 -177.380 -176.885 -176.387 -175.890 -175.396
  175.470  175.654  175.866  176.107  176.377  176.674  176.999  177.349  177.725  178.125  178.548  178.992  179.455  179.936 -179.567 -179.057 -178.535 -178.004 -177.466 -176.924 -176.380 -175.837 -175.297
  174.998  175.188  175.409  175.661  175.945  176.259  176.603  176.975  177.375  177.802  178.254  178.729  179.225  179.741 -179.725 -179.176 -178.614 -178.042 -177.463 -176.878 -176.292 -175.706 -175.123
  174.614  174.806  175.032  175.294  175.589  175.917  176.277  176.669  177.092  177.543  178.022  178.527  179.055  179.605 -179.826 -179.240 -178.639 -178.027 -177.407 -176.780 -176.151 -175.522 -174.896
  174.282  174.474  174.704  174.972  175.276  175.617  175.993  176.403  176.847  177.322  177.827  178.361  178.920  179.503 -179.892 -179.269 -178.630 -177.978 -177.317 -176.648 -175.976 -175.304 -174.634
  174.000  174.189  174.420  174.692  175.004  175.356  175.746  176.174  176.637  177.135  177.666  178.227  178.817  179.433 -179.928 -179.268 -178.590 -177.899 -177.196 -176.485 -175.770 -175.054 -174.339
  173.578  173.769  174.004  174.284  174.607  174.973  175.380  175.827  176.313  176.837  177.396  177.988  178.611  179.262  179.939 -179.362 -178.643 -177.909 -177.163 -176.408 -175.648 -174.886 -174.126
  172.878  173.079  173.328  173.623  173.964  174.350  174.779  175.252  175.767  176.321  176.913  177.542  178.203  178.896  179.616 -179.640 -178.876 -178.094 -177.300 -176.497 -175.688 -174.879 -174.073
  172.181  172.392  172.653  172.962  173.319  173.725  174.177  174.674  175.217  175.802  176.428  177.093  177.794  178.527  179.291 -179.919 -179.107 -178.277 -177.434 -176.580 -175.723 -174.864 -174.010
  171.485  171.705  171.977  172.299  172.673  173.097  173.570  174.093  174.663  175.279  175.938  176.640  177.380  178.156  178.964  179.801 -179.339 -178.459 -177.565 -176.660 -175.751 -174.842 -173.938
  170.791  171.018  171.300  171.635  172.023  172.465  172.960  173.507  174.104  174.750  175.444  176.182  176.962  177.781  178.634  179.518 -179.572 -178.641 -177.694 -176.737 -175.775 -174.814 -173.859
  170.096  170.331  170.621  170.967  171.370  171.830  172.345  172.915  173.539  174.216  174.944  175.719  176.539  177.401  178.301  179.233 -179.806 -178.823 -177.823 -176.812 -175.796 -174.781 -173.772
  169.401  169.641  169.939  170.297  170.713  171.189  171.724  172.317  172.968  173.676  174.437  175.250  176.111  177.017  177.963  178.945  179.957 -179.006 -177.951 -176.884 -175.812 -174.742 -173.679
  168.705  168.950  169.255  169.622  170.051  170.543  171.097  171.714  172.391  173.128  173.923  174.773  175.676  176.626  177.620  178.653  179.718 -179.191 -178.079 -176.955 -175.826 -174.698 -173.580
  168.008  168.256  168.568  168.944  169.385  169.892  170.464  171.103  171.806  172.573  173.402  174.290  175.234  176.229  177.272  178.356  179.475 -179.377 -178.208 -177.025 -175.837 -174.651 -173.474
  167.309  167.560  167.877  168.261  168.713  169.234  169.825  170.485  171.214  172.011  172.873  173.799  174.784  175.826  176.917  178.054  179.229 -179.566 -178.337 -177.094 -175.845 -174.598 -173.363
  166.608  166.861  167.182  167.573  168.036  168.571  169.179  169.860  170.614  171.440  172.336  173.299  174.327  175.415  176.556  177.747  178.978 -179.757 -178.468 -177.162 -175.851 -174.542 -173.246
  165.906  166.160  166.484  166.881  167.353  167.901  168.525  169.227  170.005  170.860  171.790  172.791  173.861  174.996  176.189  177.434  178.723 -179.952 -178.600 -177.230 -175.854 -174.482 -173.123
  165.202  165.455  165.782  166.185  166.665  167.225  167.865  168.586  169.388  170.272  171.234  172.274  173.387  174.569  175.813  177.114  178.463  179.851 -178.733 -177.298 -175.856 -174.417 -172.994
  164.496  164.748  165.076  165.483  165.971  166.541  167.196  167.936  168.763  169.674  170.670  171.747  172.903  174.133  175.430  176.788  178.198  179.649 -178.868 -177.365 -175.855 -174.349 -172.859
  163.788  164.038  164.367  164.777  165.271  165.851  166.520  167.279  168.128  169.067  170.095  171.211  172.410  173.688  175.039  176.455  177.927  179.444 -179.005 -177.433 -175.852 -174.276 -172.718
  163.078  163.325  163.653  164.065  164.565  165.155  165.836  166.612  167.483  168.449  169.510  170.664  171.907  173.234  174.639  176.114  177.650  179.234 -179.145 -177.501 -175.847 -174.199 -172.570
  162.366  162.609  162.935  163.349  163.853  164.451  165.145  165.937  166.829  167.822  168.915  170.106  171.393  172.770  174.230  175.766  177.366  179.020 -179.287 -177.569 -175.841 -174.118 -172.416
  161.652  161.890  162.214  162.628  163.135  163.740  164.445  165.252  166.165  167.184  168.309  169.538  170.868  172.295  173.811  175.409  177.076  178.801 -179.432 -177.637 -175.832 -174.033 -172.256
  160.936  161.168  161.489  161.901  162.411  163.022  163.736  164.559  165.491  166.535  167.691  168.958  170.332  171.809  173.382  175.043  176.779  178.576 -179.580 -177.706 -175.821 -173.943 -172.089
  160.219  160.444  160.759  161.170  161.681  162.296  163.020  163.856  164.807  165.876  167.062  168.366  169.784  171.312  172.943  174.668  176.474  178.346 -179.731 -177.776 -175.808 -173.848 -171.915
  159.500  159.717  160.026  160.434  160.945  161.564  162.295  163.144  164.113  165.205  166.421  167.761  169.224  170.803  172.493  174.283  176.161  178.110 -179.885 -177.846 -175.794 -173.749 -171.733
  158.779  158.987  159.290  159.693  160.203  160.824  161.562  162.422  163.407  164.522  165.768  167.144  168.651  170.282  172.031  173.888  175.839  177.868  179.957 -177.917 -175.777 -173.645 -171.544
  158.057  158.255  158.550  158.948  159.455  160.077  160.821  161.690  162.691  163.828  165.102  166.514  168.064  169.748  171.557  173.482  175.509  177.620  179.795 -177.990 -175.758 -173.535 -171.347
  157.333  157.520  157.806  158.198  158.701  159.323  160.071  160.949  161.965  163.121  164.423  165.871  167.465  169.200  171.070  173.065  175.169  177.364  179.629 -178.063 -175.736 -173.420 -171.141
  156.609  156.783  157.059  157.443  157.942  158.562  159.312  160.198  161.226  162.403  163.731  165.214  166.851  168.638  170.570  172.636  174.819  177.101  179.458 -178.137 -175.713 -173.300 -170.927
  155.883  156.044  156.309  156.684  157.176  157.794  158.545  159.437  160.477  161.672  163.026  164.542  166.222  168.062  170.057  172.194  174.459  176.830  179.283 -178.212 -175.687 -173.173 -170.703
  155.156  155.303  155.556  155.920  156.405  157.019  157.770  158.666  159.717  160.928  162.306  163.856  165.578  167.471  169.529  171.740  174.088  176.551  179.102 -178.289 -175.659 -173.041 -170.470
  154.428  154.561  154.799  155.153  155.629  156.237  156.986  157.885  158.945  160.171  161.573  163.155  164.919  166.864  168.985  171.271  173.705  176.263  178.917 -178.368 -175.627 -172.901 -170.227
  153.700  153.816  154.040  154.381  154.847  155.448  156.194  157.095  158.161  159.402  160.825  162.438  164.243  166.241  168.427  170.789  173.310  175.966  178.726 -178.447 -175.594 -172.755 -169.972
  152.971  153.070  153.279  153.605  154.060  154.652  155.393  156.294  157.366  158.619  160.063  161.705  163.551  165.601  167.851  170.291  172.902  175.659  178.528 -178.529 -175.557 -172.601 -169.707
  152.242  152.323  152.515  152.826  153.267  153.850  154.584  155.483  156.559  157.822  159.285  160.956  162.841  164.943  167.259  169.777  172.480  175.341  178.325 -178.612 -175.517 -172.440 -169.429
  151.513  151.575  151.748  152.043  152.470  153.041  153.768  154.663  155.740  157.012  158.492  160.190  162.114  164.267  166.648  169.246  172.044  175.012  178.114 -178.697 -175.474 -172.270 -169.139
  150.783  150.825  150.980  151.257  151.668  152.226  152.943  153.832  154.910  156.189  157.684  159.407  161.368  163.572  166.019  168.698  171.592  174.672  177.896 -178.785 -175.427 -172.091 -168.835
  150.054  150.075  150.209  150.468  150.862  151.405  152.110  152.992  154.067  155.351  156.860  158.607  160.603  162.858  165.370  168.131  171.125  174.319  177.671 -178.874 -175.377 -171.903 -168.516
  149.325  149.324  149.437  149.675  150.051  150.577  151.269  152.142  153.213  154.500  156.020  157.788  159.819  162.122  164.700  167.545  170.640  173.953  177.437 -178.966 -175.323 -171.705 -168.183
  148.596  148.572  148.663  148.880  149.236  149.744  150.421  151.283  152.348  153.635  155.163  156.951  159.015  161.366  164.009  166.939  170.137  173.572  177.194 -179.060 -175.264 -171.496 -167.833
  147.868  147.821  147.888  148.083  148.417  148.906  149.565  150.414  151.470  152.755  154.290  156.096  158.190  160.587  163.295  166.310  169.615  173.177  176.942 -179.157 -175.201 -171.276 -167.465
  147.141  147.069  147.112  147.283  147.594  148.062  148.703  149.536  150.581  151.862  153.401  155.221  157.344  159.786  162.558  165.659  169.073  172.765  176.680 -179.257 -175.133 -171.044 -167.080
  146.414  146.317  146.335  146.481  146.768  147.213  147.833  148.648  149.681  150.954  152.495  154.327  156.475  158.961  161.797  164.984  168.509  172.336  176.407 -179.360 -175.060 -170.798 -166.674
  145.689  145.565  145.557  145.677  145.938  146.359  146.956  147.752  148.769  150.033  151.571  153.413  155.585  158.111  161.009  164.284  167.922  171.889  176.122 -179.466 -174.981 -170.539 -166.248
  144.965  144.814  144.779  144.871  145.106  145.500  146.073  146.847  147.846  149.097  150.631  152.479  154.671  157.236  160.195  163.557  167.311  171.422  175.824 -179.576 -174.897 -170.264 -165.799
  144.243  144.064  144.000  144.064  144.270  144.637  145.184  145.933  146.911  148.148  149.674  151.525  153.734  156.335  159.353  162.802  166.674  170.934  175.513 -179.690 -174.805 -169.973 -165.325
  143.522  143.315  143.222  143.256  143.433  143.770  144.288  145.011  145.966  147.184  148.700  150.550  152.773  155.407  158.482  162.017  166.009  170.423  175.188 -179.808 -174.707 -169.663 -164.826
  142.803  142.566  142.443  142.447  142.593  142.899  143.387  144.081  145.010  146.207  147.708  149.554  151.787  154.450  157.580  161.201  165.315  169.888  174.847 -179.931 -174.600 -169.335 -164.298
  142.086  141.819  141.665  141.637  141.750  142.024  142.480  143.143  144.044  145.216  146.699  148.537  150.776  153.465  156.647  160.352  164.589  169.327  174.488  179.942 -174.486 -168.986 -163.740
  141.371  141.074  140.888  140.827  140.907  141.147  141.568  142.198  143.068  144.212  145.673  147.499  149.740  152.450  155.680  159.469  163.830  168.738  174.111  179.809 -174.362 -168.614 -163.150
  140.659  140.330  140.111  140.016  140.062  140.266  140.652  141.246  142.081  143.195  144.631  146.439  148.677  151.404  154.679  158.548  163.035  168.118  173.714  179.670 -174.228 -168.218 -162.524
  139.949  139.588  139.336  139.206  139.215  139.383  139.731  140.287  141.086  142.165  143.571  145.358  147.588  150.327  153.641  157.589  162.201  167.465  173.294  179.524 -174.082 -167.794 -161.860
  139.241  138.848  138.562  138.396  138.368  138.497  138.806  139.322  140.081  141.122  142.495  144.256  146.473  149.217  152.566  156.588  161.327  166.776  172.851  179.372 -173.925 -167.341 -161.155
  138.537  138.110  137.789  137.587  137.521  137.610  137.877  138.351  139.067  140.068  141.402  143.133  145.330  148.074  151.453  155.545  160.409  166.049  172.381  179.212 -173.753 -166.856 -160.405
  137.835  137.374  137.018  136.779  136.673  136.721  136.945  137.375  138.046  139.001  140.294  141.988  144.160  146.898  150.298  154.456  159.444  165.279  171.882  179.043 -173.567 -166.335 -159.607
  137.136  136.642  136.249  135.972  135.826  135.830  136.010  136.393  137.016  137.923  139.170  140.823  142.963  145.687  149.102  153.319  158.428  164.464  171.350  178.864 -173.364 -165.774 -158.756
  136.441  135.911  135.482  135.166  134.978  134.939  135.072  135.407  135.979  136.835  138.030  139.636  141.738  144.441  147.863  152.132  157.359  163.598  170.784  178.675 -173.143 -165.171 -157.847
  135.749  135.184  134.718  134.362  134.132  134.048  134.133  134.416  134.935  135.736  136.876  138.429  140.486  143.159  146.579  150.892  156.232  162.678  170.178  178.475 -172.900 -164.518 -156.875
  135.060  134.460  133.956  133.559  133.286  133.156  133.191  133.422  133.885  134.627  135.708  137.203  139.207  141.841  145.249  149.596  155.043  161.699  169.528  178.260 -172.634 -163.813 -155.834
  134.376  133.740  133.197  132.759  132.442  132.264  132.248  132.424  132.829  133.509  134.526  135.956  137.901  140.487  143.872  148.241  153.787  160.653  168.830  178.031 -172.341 -163.047 -154.718
  133.694  133.022  132.441  131.962  131.600  131.373  131.305  131.424  131.768  132.383  133.331  134.691  136.568  139.096  142.446  146.826  152.461  159.536  168.076  177.785 -172.018 -162.214 -153.520
  133.017  132.309  131.688  131.167  130.759  130.483  130.361  130.422  130.702  131.248  132.123  133.408  135.209  137.669  140.971  145.347  151.058  158.340  167.261  177.520 -171.661 -161.305 -152.232
  132.344  131.599  130.938  130.374  129.921  129.594  129.417  129.418  129.632  130.107  130.904  132.107  133.824  136.205  139.446  143.801  149.573  157.056  166.376  177.232 -171.263 -160.312 -150.845
  131.675  130.893  130.193  129.585  129.085  128.707  128.474  128.412  128.558  128.959  129.674  130.789  132.415  134.705  137.870  142.186  148.002  155.677  165.412  176.919 -170.820 -159.222 -149.350
  131.010  130.191  129.450  128.800  128.251  127.821  127.531  127.406  127.482  127.805  128.435  129.456  130.982  133.170  136.243  140.501  146.337  154.191  164.358  176.575 -170.322 -158.022 -147.737
  130.350  129.493  128.712  128.018  127.421  126.939  126.590  126.400  126.404  126.646  127.186  128.108  129.525  131.601  134.564  138.742  144.574  152.589  163.200  176.197 -169.762 -156.698 -145.994
  129.694  128.799  127.978  127.239  126.594  126.058  125.650  125.394  125.324  125.483  125.930  126.746  128.047  129.997  132.835  136.907  142.706  150.857  161.922  175.777 -169.128 -155.231 -144.110
  129.043  128.110  127.248  126.465  125.771  125.181  124.713  124.390  124.244  124.317  124.666  125.372  126.549  128.361  131.055  134.997  140.727  148.983  160.507  175.307 -168.404 -153.599 -142.072
  128.396  127.426  126.523  125.695  124.952  124.307  123.778  123.386  123.163  123.148  123.397  123.987  125.031  126.695  129.226  133.009  138.633  146.951  158.930  174.778 -167.573 -151.779 -139.866
  127.754  126.746  125.802  124.929  124.136  123.436  122.846  122.385  122.083  121.978  122.122  122.592  123.497  124.999  127.349  130.944  136.417  144.746  157.166  174.174 -166.611 -149.741 -137.481
  127.117  126.071  125.086  124.167  123.325  122.570  121.917  121.386  121.004  120.806  120.844  121.189  121.946  123.275  125.426  128.802  134.076  142.351  155.179  173.479 -165.486 -147.451 -134.903
  126.485  125.401  124.374  123.411  122.519  121.708  120.992  120.391  119.927  119.635  119.563  119.778  120.382  121.527  123.459  126.585  131.607  139.750  152.931  172.668 -164.158 -144.869 -132.121
  125.860  124.736  123.668  122.659  121.717  120.850  120.072  119.398  118.852  118.465  118.281  118.363  118.806  119.757  121.452  124.296  129.008  136.924  150.373  171.706 -162.570 -141.951 -129.125
  125.237  124.076  122.967  121.913  120.920  119.998  119.156  118.410  117.781  117.297  116.998  116.943  117.220  117.966  119.408  121.937  126.279  133.859  147.445  170.547 -160.643 -138.647 -125.910
  124.620  123.421  122.271  121.172  120.129  119.150  118.245  117.426  116.713  116.131  115.716  115.521  115.626  116.159  117.330  119.513  123.422  130.542  144.079  169.119 -158.269 -134.905 -122.475
  124.008  122.771  121.580  120.436  119.343  118.308  117.339  116.447  115.650  114.969  114.435  114.098  114.027  114.338  115.224  117.030  120.443  126.962  140.193  167.314 -155.286 -130.673 -118.825
  123.401  122.127  120.895  119.705  118.562  117.471  116.438  115.474  114.592  113.811  113.158  112.675  112.425  112.507  113.093  114.496  117.350  123.118  135.701  164.957 -151.459 -125.907 -114.972
  122.799  121.488  120.215  118.981  117.788  116.640  115.544  114.506  113.539  112.658  111.885  111.256  110.822  110.669  110.943  111.917  114.155  119.015  130.513  161.754 -146.435 -120.583 -110.940
  122.203  120.855  119.541  118.262  117.019  115.816  114.655  113.545  112.492  111.510  110.617  109.840  109.220  108.827  108.780  109.303  110.871  114.671  124.557  157.170 -139.686 -114.709 -106.760
  121.612  120.227  118.873  117.549  116.257  114.997  113.774  112.590  111.453  110.370  109.356  108.429  107.622  106.986  106.609  106.664  107.517  110.117  117.802  150.164 -130.485 -108.341 -102.471
  121.026  119.605  118.210  116.842  115.500  114.185  112.899  111.642  110.420  109.237  108.101  107.026  106.030  105.147  104.436  104.009  104.112  105.395  110.293  138.606 -118.045 -101.593  -98.122
  120.446  118.988  117.554  116.141  114.750  113.380  112.031  110.702  109.395  108.112  106.855  105.630  104.446  103.316  102.267  101.351  100.680  100.561  102.189  118.605 -102.204  -94.636  -93.762
  119.871  118.379  116.903  115.447  114.007  112.582  111.170  109.769  108.378  106.995  105.618  104.245  102.872  101.495  100.107   98.698   97.243   95.678   93.758   88.472  -84.562  -87.672  -89.445
  119.302  117.774  116.258  114.758  113.270  111.791  110.317  108.845  107.370  105.888  104.392  102.870  101.310   99.687   97.963   96.063   93.825   90.816   85.348   59.718  -68.134  -80.907  -85.219
  118.738  117.174  115.619  114.076  112.540  111.007  109.471  107.928  106.371  104.791  103.176  101.508   99.762   97.896   95.839   93.455   90.449   86.040   77.297   41.540  -54.945  -74.512  -81.128
  118.180  116.580  114.987  113.401  111.817  110.230  108.634  107.021  105.382  103.705  101.972  100.160   98.231   96.125   93.741   90.883   87.135   81.410   69.865   31.018  -45.119  -68.607  -77.207
  117.629  115.992  114.360  112.732  111.101  109.461  107.804  106.122  104.402  102.629  100.781   98.826   96.717   94.376   91.673   88.357   83.903   76.975   63.195   24.551  -37.921  -63.251  -73.481
  117.083  115.409  113.740  112.070  110.392  108.699  106.983  105.232  103.432  101.565   99.603   97.508   95.222   92.652   89.639   85.885   80.768   72.769   57.323   20.264  -32.586  -58.455  -69.967
  116.542  114.833  113.126  111.414  109.690  107.945  106.170  104.352  102.473  100.513   98.439   96.206   93.748   90.955   87.644   83.472   77.743   68.815   52.213   17.236  -28.545  -54.195  -66.673
  116.006  114.262  112.518  110.765  108.995  107.199  105.366  103.481  101.525   99.473   97.289   94.922   92.296   89.287   85.689   81.125   74.837   65.124   47.788   14.989  -25.412  -50.430  -63.601
  115.476  113.697  111.916  110.122  108.307  106.461  104.570  102.620  100.587   98.445   96.154   93.656   90.867   87.650   83.780   78.847   72.056   61.696   43.959   13.255  -22.931  -47.108  -60.747
  114.951  113.138  111.323  109.486  107.627  105.731  103.784  101.768   99.661   97.431   95.035   92.409   89.462   86.045   81.916   76.643   69.404   58.525   40.640   11.874  -20.929  -44.176  -58.101
  114.432  112.585  110.733  108.857  106.954  105.008  103.006  100.927   98.746   96.430   93.931   91.182   88.082   84.474   80.101   74.513   66.882   55.599   37.750   10.747  -19.285  -41.584  -55.654
  113.919  112.038  110.150  108.235  106.288  104.294  102.237  100.096   97.843   95.442   92.844   89.974   86.727   82.937   78.335   72.460   64.489   52.903   35.221    9.807  -17.916  -39.288  -53.394
  113.411  111.499  109.573  107.620  105.630  103.588  101.477   99.274   96.951   94.468   91.773   88.787   85.399   81.436   76.619   70.485   62.221   50.419   32.996    9.009  -16.763  -37.247  -51.307
  112.909  110.964  109.003  107.011  104.979  102.890  100.726   98.464   96.071   93.508   90.718   87.620   84.097   79.970   74.954   68.585   60.076   48.132   31.028    8.322  -15.781  -35.428  -49.380
  112.412  110.435  108.438  106.409  104.335  102.200   99.985   97.663   95.204   92.562   89.681   86.475   82.823   78.540   73.341   66.762   58.049   46.024   29.276    7.722  -14.937  -33.800  -47.601
  111.921  109.912  107.880  105.814  103.699  101.519   99.252   96.873   94.348   91.631   88.661   85.350   81.575   77.147   71.778   65.013   56.133   44.079   27.709    7.192  -14.206  -32.338  -45.957
  111.436  109.394  107.328  105.226  103.071  100.845   98.529   96.093   93.504   90.713   87.657   84.247   80.355   75.790   70.265   63.336   54.324   42.282   26.299    6.720  -13.568  -31.022  -44.436
  110.955  108.883  106.782  104.644  102.449  100.180   97.815   95.324   92.672   89.810   86.671   83.165   79.162   74.469   68.802   61.729   52.615   40.619   25.025    6.295  -13.008  -29.833  -43.030
