 -177.046 -176.859 -176.695 -176.547 -176.410 -176.283 -176.163 -176.050 -175.945 -175.847 -175.756 -175.673 -175.597 -175.528 -175.468 -175.417 -175.375 -175.342 -175.321 -175.312 -175.319 -175.344 -175.399
 -176.668 -176.487 -176.314 -176.147 -175.988 -175.835 -175.689 -175.550 -175.418 -175.293 -175.176 -175.067 -174.967 -174.875 -174.792 -174.718 -174.654 -174.600 -174.557 -174.525 -174.505 -174.498 -174.504
 -176.395 -176.187 -175.985 -175.788 -175.598 -175.415 -175.238 -175.069 -174.908 -174.756 -174.615 -174.481 -174.356 -174.241 -174.136 -174.043 -173.960 -173.889 -173.830 -173.783 -173.749 -173.728 -173.720
 -176.185 -175.943 -175.706 -175.475 -175.250 -175.034 -174.825 -174.624 -174.433 -174.252 -174.081 -173.921 -173.772 -173.638 -173.513 -173.400 -173.301 -173.215 -173.142 -173.084 -173.039 -173.010 -172.994
 -175.999 -175.719 -175.445 -175.178 -174.918 -174.667 -174.425 -174.192 -173.970 -173.760 -173.562 -173.376 -173.203 -173.044 -172.900 -172.772 -172.656 -172.556 -172.471 -172.403 -172.350 -172.314 -172.294
 -175.825 -175.506 -175.194 -174.889 -174.593 -174.306 -174.029 -173.764 -173.512 -173.272 -173.046 -172.835 -172.638 -172.458 -172.294 -172.146 -172.018 -171.904 -171.808 -171.731 -171.671 -171.629 -171.606
 -175.656 -175.298 -174.946 -174.603 -174.269 -173.946 -173.635 -173.337 -173.053 -172.784 -172.530 -172.293 -172.074 -171.872 -171.689 -171.524 -171.379 -171.255 -171.149 -171.063 -170.997 -170.952 -170.926
 -175.491 -175.092 -174.700 -174.317 -173.945 -173.586 -173.239 -172.908 -172.592 -172.293 -172.012 -171.750 -171.507 -171.284 -171.082 -170.902 -170.742 -170.605 -170.492 -170.398 -170.327 -170.278 -170.251
 -175.328 -174.886 -174.453 -174.030 -173.620 -173.223 -172.841 -172.475 -172.128 -171.799 -171.491 -171.203 -170.937 -170.694 -170.474 -170.277 -170.105 -169.956 -169.834 -169.734 -169.658 -169.607 -169.580
 -175.164 -174.680 -174.204 -173.741 -173.290 -172.856 -172.438 -172.038 -171.659 -171.300 -170.964 -170.652 -170.363 -170.100 -169.862 -169.650 -169.465 -169.306 -169.173 -169.069 -168.990 -168.937 -168.911
 -175.001 -174.471 -173.953 -173.448 -172.958 -172.484 -172.030 -171.596 -171.184 -170.796 -170.433 -170.095 -169.785 -169.501 -169.246 -169.020 -168.822 -168.653 -168.513 -168.404 -168.322 -168.269 -168.244
 -174.993 -174.420 -173.859 -173.313 -172.784 -172.274 -171.785 -171.319 -170.878 -170.462 -170.074 -169.715 -169.384 -169.084 -168.815 -168.576 -168.369 -168.194 -168.051 -167.941 -167.860 -167.810 -167.790
 -175.081 -174.461 -173.856 -173.268 -172.699 -172.152 -171.628 -171.130 -170.659 -170.217 -169.804 -169.423 -169.074 -168.758 -168.476 -168.227 -168.013 -167.833 -167.688 -167.579 -167.502 -167.458 -167.448
 -175.230 -174.561 -173.910 -173.278 -172.668 -172.083 -171.524 -170.993 -170.492 -170.023 -169.587 -169.184 -168.817 -168.486 -168.192 -167.934 -167.713 -167.530 -167.384 -167.279 -167.207 -167.172 -167.174
 -175.437 -174.716 -174.017 -173.340 -172.688 -172.063 -171.467 -170.903 -170.372 -169.876 -169.416 -168.993 -168.608 -168.263 -167.956 -167.690 -167.464 -167.279 -167.134 -167.033 -166.969 -166.945 -166.963
 -175.487 -174.717 -173.971 -173.250 -172.556 -171.893 -171.261 -170.664 -170.103 -169.579 -169.094 -168.650 -168.247 -167.886 -167.567 -167.291 -167.058 -166.869 -166.723 -166.624 -166.565 -166.548 -166.576
 -175.227 -174.415 -173.627 -172.865 -172.132 -171.431 -170.764 -170.134 -169.542 -168.991 -168.481 -168.014 -167.591 -167.213 -166.880 -166.592 -166.349 -166.152 -166.001 -165.898 -165.836 -165.818 -165.846
 -174.974 -174.118 -173.286 -172.482 -171.709 -170.970 -170.268 -169.604 -168.982 -168.402 -167.868 -167.379 -166.936 -166.541 -166.194 -165.895 -165.644 -165.440 -165.284 -165.175 -165.115 -165.098 -165.127
 -174.726 -173.824 -172.948 -172.101 -171.286 -170.508 -169.769 -169.072 -168.419 -167.812 -167.252 -166.742 -166.281 -165.870 -165.509 -165.200 -164.940 -164.731 -164.571 -164.460 -164.400 -164.385 -164.417
 -174.482 -173.532 -172.610 -171.718 -170.862 -170.044 -169.268 -168.537 -167.853 -167.219 -166.635 -166.103 -165.623 -165.197 -164.824 -164.505 -164.238 -164.024 -163.861 -163.750 -163.691 -163.678 -163.714
 -174.239 -173.241 -172.271 -171.334 -170.434 -169.576 -168.763 -167.998 -167.284 -166.621 -166.013 -165.460 -164.963 -164.522 -164.138 -163.809 -163.536 -163.318 -163.154 -163.042 -162.986 -162.976 -163.017
 -173.997 -172.948 -171.930 -170.947 -170.003 -169.105 -168.254 -167.455 -166.709 -166.020 -165.388 -164.814 -164.300 -163.845 -163.450 -163.113 -162.834 -162.613 -162.448 -162.337 -162.284 -162.279 -162.325
 -173.756 -172.655 -171.586 -170.556 -169.568 -168.628 -167.739 -166.905 -166.129 -165.412 -164.757 -164.164 -163.633 -163.165 -162.759 -162.415 -162.132 -161.908 -161.743 -161.635 -161.585 -161.585 -161.639
 -173.513 -172.359 -171.239 -170.160 -169.127 -168.145 -167.218 -166.350 -165.543 -164.799 -164.121 -163.508 -162.962 -162.481 -162.066 -161.715 -161.428 -161.203 -161.039 -160.934 -160.889 -160.895 -160.956
 -173.269 -172.060 -170.888 -169.760 -168.680 -167.656 -166.690 -165.787 -164.950 -164.180 -163.479 -162.847 -162.286 -161.793 -161.370 -161.013 -160.723 -160.498 -160.336 -160.234 -160.195 -160.208 -160.277
 -173.023 -171.758 -170.532 -169.353 -168.227 -167.159 -166.155 -165.217 -164.349 -163.553 -162.830 -162.181 -161.605 -161.101 -160.670 -160.309 -160.017 -159.792 -159.632 -159.535 -159.502 -159.524 -159.602
 -172.775 -171.452 -170.171 -168.940 -167.767 -166.655 -165.612 -164.640 -163.742 -162.920 -162.175 -161.508 -160.919 -160.405 -159.967 -159.602 -159.309 -159.086 -158.929 -158.838 -158.812 -158.842 -158.930
 -172.523 -171.141 -169.804 -168.521 -167.299 -166.143 -165.061 -164.054 -163.126 -162.279 -161.514 -160.830 -160.227 -159.705 -159.260 -158.893 -158.600 -158.378 -158.226 -158.141 -158.123 -158.163 -158.261
 -172.268 -170.825 -169.431 -168.094 -166.822 -165.623 -164.501 -163.459 -162.502 -161.630 -160.844 -160.145 -159.530 -158.999 -158.550 -158.180 -157.888 -157.670 -157.523 -157.445 -157.436 -157.485 -157.595
 -172.010 -170.504 -169.050 -167.659 -166.338 -165.093 -163.932 -162.856 -161.869 -160.973 -160.168 -159.453 -158.827 -158.289 -157.836 -157.465 -157.174 -156.960 -156.820 -156.750 -156.747 -156.810 -156.933
 -171.746 -170.176 -168.663 -167.216 -165.844 -164.554 -163.353 -162.243 -161.228 -160.308 -159.484 -158.755 -158.119 -157.574 -157.118 -156.747 -156.459 -156.250 -156.116 -156.055 -156.063 -156.138 -156.272
 -171.478 -169.842 -168.267 -166.763 -165.340 -164.005 -162.764 -161.621 -160.577 -159.634 -158.792 -158.049 -157.404 -156.854 -156.396 -156.026 -155.742 -155.538 -155.413 -155.361 -155.380 -155.467 -155.615
 -171.205 -169.502 -167.863 -166.302 -164.827 -163.446 -162.165 -160.988 -159.916 -158.951 -158.092 -157.337 -156.684 -156.129 -155.670 -155.302 -155.022 -154.826 -154.709 -154.668 -154.701 -154.798 -154.960
 -170.927 -169.154 -167.451 -165.830 -164.303 -162.876 -161.555 -160.345 -159.246 -158.260 -157.384 -156.618 -155.957 -155.399 -154.940 -154.576 -154.301 -154.112 -154.005 -153.975 -154.021 -154.132 -154.308
 -170.642 -168.798 -167.029 -165.348 -163.768 -162.294 -160.934 -159.691 -158.566 -157.559 -156.668 -155.891 -155.225 -154.665 -154.207 -153.846 -153.578 -153.398 -153.301 -153.283 -153.342 -153.467 -153.659
 -170.352 -168.433 -166.597 -164.856 -163.221 -161.701 -160.302 -159.026 -157.875 -156.848 -155.943 -155.157 -154.486 -153.925 -153.469 -153.113 -152.853 -152.682 -152.597 -152.592 -152.665 -152.805 -153.013
 -170.054 -168.060 -166.155 -164.351 -162.662 -161.096 -159.657 -158.350 -157.174 -156.128 -155.210 -154.416 -153.741 -153.180 -152.728 -152.378 -152.126 -151.966 -151.893 -151.901 -151.989 -152.145 -152.369
 -169.750 -167.678 -165.702 -163.835 -162.091 -160.478 -159.001 -157.662 -156.462 -155.399 -154.469 -153.668 -152.990 -152.430 -151.982 -151.640 -151.398 -151.250 -151.189 -151.212 -151.315 -151.487 -151.728
 -169.437 -167.286 -165.237 -163.307 -161.507 -159.847 -158.331 -156.962 -155.739 -154.659 -153.719 -152.912 -152.233 -151.676 -151.234 -150.900 -150.668 -150.532 -150.486 -150.524 -150.643 -150.831 -151.089
 -169.117 -166.884 -164.761 -162.765 -160.910 -159.203 -157.649 -156.250 -155.005 -153.910 -152.960 -152.149 -151.470 -150.917 -150.481 -150.157 -149.937 -149.814 -149.783 -149.836 -149.972 -150.178 -150.454
 -168.788 -166.471 -164.272 -162.210 -160.298 -158.545 -156.954 -155.526 -154.260 -153.150 -152.192 -151.378 -150.701 -150.153 -149.725 -149.412 -149.204 -149.096 -149.080 -149.150 -149.303 -149.527 -149.821
 -168.450 -166.046 -163.770 -161.641 -159.672 -157.872 -156.244 -154.789 -153.503 -152.381 -151.416 -150.600 -149.926 -149.384 -148.966 -148.664 -148.470 -148.377 -148.377 -148.465 -148.636 -148.878 -149.191
 -168.103 -165.609 -163.254 -161.057 -159.031 -157.185 -155.521 -154.039 -152.734 -151.601 -150.631 -149.815 -149.145 -148.611 -148.204 -147.915 -147.735 -147.658 -147.676 -147.781 -147.970 -148.232 -148.565
 -167.745 -165.160 -162.723 -160.457 -158.374 -156.482 -154.783 -153.276 -151.954 -150.811 -149.837 -149.023 -148.359 -147.834 -147.438 -147.163 -146.999 -146.939 -146.975 -147.099 -147.307 -147.588 -147.941
 -167.377 -164.697 -162.178 -159.841 -157.701 -155.764 -154.031 -152.499 -151.162 -150.011 -149.035 -148.224 -147.566 -147.052 -146.669 -146.409 -146.263 -146.220 -146.274 -146.418 -146.646 -146.947 -147.320
 -166.997 -164.220 -161.616 -159.209 -157.011 -155.029 -153.263 -151.709 -150.358 -149.200 -148.224 -147.417 -146.769 -146.266 -145.898 -145.654 -145.525 -145.501 -145.575 -145.739 -145.987 -146.309 -146.702
 -166.605 -163.727 -161.038 -158.558 -156.303 -154.278 -152.480 -150.904 -149.541 -148.379 -147.404 -146.604 -145.966 -145.476 -145.124 -144.898 -144.787 -144.783 -144.877 -145.061 -145.330 -145.673 -146.087
 -166.200 -163.220 -160.442 -157.890 -155.578 -153.509 -151.681 -150.086 -148.712 -147.547 -146.576 -145.784 -145.157 -144.683 -144.347 -144.139 -144.048 -144.065 -144.180 -144.385 -144.676 -145.040 -145.476
 -165.782 -162.695 -159.827 -157.202 -154.833 -152.723 -150.866 -149.253 -147.871 -146.705 -145.739 -144.957 -144.344 -143.885 -143.568 -143.380 -143.310 -143.347 -143.484 -143.711 -144.024 -144.410 -144.870
 -165.349 -162.153 -159.193 -156.495 -154.070 -151.918 -150.035 -148.406 -147.018 -145.853 -144.894 -144.124 -143.526 -143.085 -142.787 -142.619 -142.571 -142.631 -142.790 -143.040 -143.374 -143.783 -144.265
 -164.901 -161.592 -158.539 -155.767 -153.286 -151.095 -149.186 -147.544 -146.152 -144.991 -144.041 -143.284 -142.703 -142.281 -142.004 -141.858 -141.832 -141.915 -142.097 -142.370 -142.727 -143.158 -143.664
 -164.437 -161.012 -157.864 -155.017 -152.482 -150.253 -148.321 -146.668 -145.274 -144.118 -143.179 -142.438 -141.875 -141.474 -141.219 -141.096 -141.093 -141.200 -141.405 -141.702 -142.083 -142.537 -143.065
 -163.955 -160.411 -157.166 -154.245 -151.656 -149.392 -147.439 -145.777 -144.383 -143.235 -142.310 -141.586 -141.043 -140.664 -140.432 -140.333 -140.355 -140.486 -140.716 -141.037 -141.441 -141.919 -142.471
 -163.455 -159.788 -156.445 -153.450 -150.808 -148.510 -146.539 -144.871 -143.480 -142.343 -141.433 -140.728 -140.207 -139.851 -139.644 -139.570 -139.617 -139.773 -140.028 -140.374 -140.802 -141.304 -141.879
 -162.935 -159.141 -155.699 -152.630 -149.937 -147.608 -145.621 -143.949 -142.565 -141.440 -140.548 -139.864 -139.367 -139.036 -138.854 -138.807 -138.880 -139.062 -139.343 -139.716 -140.166 -140.693 -141.291
 -162.394 -158.471 -154.927 -151.785 -149.043 -146.685 -144.685 -143.013 -141.638 -140.528 -139.656 -138.995 -138.523 -138.219 -138.064 -138.043 -138.143 -138.352 -138.659 -139.058 -139.534 -140.084 -140.707
 -161.831 -157.773 -154.128 -150.913 -148.125 -145.741 -143.731 -142.062 -140.698 -139.606 -138.757 -138.121 -137.676 -137.399 -137.273 -137.280 -137.408 -137.644 -137.978 -138.402 -138.904 -139.479 -140.126
 -161.244 -157.049 -153.300 -150.014 -147.181 -144.774 -142.758 -141.095 -139.746 -138.675 -137.850 -137.242 -136.825 -136.578 -136.481 -136.517 -136.674 -136.938 -137.299 -137.750 -138.277 -138.880 -139.549
 -160.631 -156.295 -152.443 -149.087 -146.212 -143.786 -141.768 -140.114 -138.782 -137.735 -136.937 -136.358 -135.972 -135.755 -135.688 -135.755 -135.941 -136.234 -136.622 -137.100 -137.653 -138.281 -138.976
 -159.990 -155.509 -151.554 -148.130 -145.217 -142.775 -140.758 -139.117 -137.807 -136.786 -136.018 -135.470 -135.115 -134.931 -134.896 -134.993 -135.209 -135.531 -135.948 -136.453 -137.033 -137.687 -138.406
 -159.320 -154.691 -150.631 -147.142 -144.195 -141.742 -139.730 -138.106 -136.820 -135.829 -135.092 -134.578 -134.257 -134.105 -134.103 -134.233 -134.480 -134.831 -135.277 -135.809 -136.416 -137.096 -137.840
 -158.618 -153.838 -149.674 -146.123 -143.145 -140.685 -138.683 -137.080 -135.822 -134.863 -134.161 -133.681 -133.396 -133.279 -133.311 -133.473 -133.751 -134.133 -134.609 -135.169 -135.802 -136.508 -137.277
 -157.881 -152.947 -148.681 -145.071 -142.067 -139.605 -137.617 -136.039 -134.813 -133.889 -133.223 -132.782 -132.533 -132.452 -132.519 -132.715 -133.025 -133.438 -133.943 -134.531 -135.192 -135.924 -136.719
 -157.108 -152.016 -147.649 -143.984 -140.960 -138.501 -136.533 -134.984 -133.793 -132.907 -132.281 -131.879 -131.668 -131.625 -131.727 -131.958 -132.301 -132.745 -133.280 -133.897 -134.585 -135.344 -136.164
 -156.295 -151.043 -146.578 -142.862 -139.823 -137.374 -135.430 -133.916 -132.763 -131.918 -131.334 -130.973 -130.802 -130.798 -130.937 -131.202 -131.579 -132.055 -132.620 -133.266 -133.982 -134.768 -135.613
 -155.439 -150.025 -145.464 -141.704 -138.657 -136.223 -134.309 -132.833 -131.723 -130.922 -130.382 -130.064 -129.935 -129.970 -130.147 -130.449 -130.860 -131.368 -131.964 -132.638 -133.382 -134.195 -135.066
 -154.537 -148.959 -144.306 -140.509 -137.460 -135.048 -133.170 -131.737 -130.674 -129.920 -129.427 -129.153 -129.068 -129.144 -129.359 -129.697 -130.143 -130.684 -131.311 -132.014 -132.788 -133.626 -134.523
 -153.584 -147.842 -143.103 -139.275 -136.233 -133.850 -132.013 -130.628 -129.615 -128.912 -128.467 -128.241 -128.200 -128.317 -128.573 -128.948 -129.428 -130.003 -130.663 -131.394 -132.196 -133.061 -133.984
 -152.577 -146.671 -141.851 -138.001 -134.974 -132.627 -130.839 -129.506 -128.547 -127.897 -127.504 -127.326 -127.331 -127.492 -127.788 -128.201 -128.717 -129.325 -130.016 -130.777 -131.608 -132.500 -133.449
 -151.510 -145.442 -140.550 -136.687 -133.684 -131.382 -129.647 -128.372 -127.472 -126.878 -126.538 -126.411 -126.463 -126.668 -127.005 -127.456 -128.008 -128.650 -129.373 -130.164 -131.023 -131.942 -132.917
 -150.379 -144.152 -139.196 -135.332 -132.363 -130.113 -128.439 -127.227 -126.388 -125.854 -125.570 -125.494 -125.595 -125.845 -126.224 -126.714 -127.303 -127.978 -128.733 -129.554 -130.443 -131.389 -132.390
 -149.178 -142.796 -137.789 -133.935 -131.010 -128.821 -127.215 -126.071 -125.298 -124.825 -124.599 -124.578 -124.728 -125.024 -125.445 -125.975 -126.600 -127.310 -128.097 -128.948 -129.866 -130.839 -131.866
 -147.901 -141.372 -136.325 -132.495 -129.626 -127.507 -125.975 -124.904 -124.200 -123.793 -123.627 -123.660 -123.861 -124.204 -124.669 -125.239 -125.901 -126.646 -127.465 -128.346 -129.293 -130.294 -131.347
 -146.541 -139.874 -134.804 -131.012 -128.211 -126.171 -124.720 -123.727 -123.097 -122.757 -122.653 -122.744 -122.997 -123.387 -123.895 -124.506 -125.205 -125.985 -126.836 -127.748 -128.724 -129.752 -130.831
 -145.090 -138.299 -133.223 -129.485 -126.765 -124.815 -123.451 -122.542 -121.988 -121.719 -121.679 -121.827 -122.133 -122.572 -123.125 -123.776 -124.513 -125.328 -126.211 -127.154 -128.159 -129.215 -130.320
 -143.540 -136.642 -131.581 -127.916 -125.289 -123.438 -122.169 -121.348 -120.875 -120.678 -120.704 -120.912 -121.272 -121.760 -122.357 -123.049 -123.825 -124.674 -125.590 -126.564 -127.598 -128.681 -129.812
 -141.883 -134.900 -129.876 -126.302 -123.784 -122.041 -120.875 -120.146 -119.757 -119.636 -119.729 -119.998 -120.412 -120.950 -121.593 -122.326 -123.140 -124.025 -124.974 -125.980 -127.041 -128.152 -129.309
 -140.109 -133.067 -128.108 -124.646 -122.251 -120.626 -119.569 -118.938 -118.636 -118.592 -118.754 -119.085 -119.556 -120.143 -120.832 -121.607 -122.459 -123.379 -124.361 -125.399 -126.488 -127.626 -128.810
 -138.208 -131.141 -126.277 -122.948 -120.690 -119.194 -118.252 -117.724 -117.512 -117.548 -117.781 -118.175 -118.701 -119.340 -120.074 -120.892 -121.782 -122.738 -123.752 -124.821 -125.939 -127.105 -128.314
 -136.169 -129.117 -124.380 -121.208 -119.104 -117.746 -116.926 -116.504 -116.386 -116.503 -116.809 -117.266 -117.850 -118.540 -119.321 -120.180 -121.109 -122.103 -123.147 -124.247 -125.395 -126.587 -127.823
 -133.982 -126.992 -122.420 -119.429 -117.492 -116.283 -115.591 -115.281 -115.258 -115.460 -115.838 -116.361 -117.002 -117.744 -118.571 -119.473 -120.440 -121.469 -122.547 -123.678 -124.854 -126.074 -127.336
 -131.634 -124.765 -120.397 -117.611 -115.858 -114.806 -114.249 -114.054 -114.130 -114.417 -114.870 -115.458 -116.158 -116.951 -117.825 -118.769 -119.776 -120.840 -121.951 -123.113 -124.318 -125.565 -126.852
 -129.115 -122.433 -118.312 -115.757 -114.202 -113.318 -112.901 -112.824 -113.002 -113.376 -113.904 -114.559 -115.317 -116.163 -117.084 -118.070 -119.115 -120.215 -121.358 -122.552 -123.785 -125.060 -126.373
 -126.414 -119.997 -116.168 -113.869 -112.528 -111.819 -111.548 -111.594 -111.874 -112.337 -112.942 -113.663 -114.480 -115.378 -116.346 -117.376 -118.460 -119.594 -120.771 -121.995 -123.257 -124.559 -125.898
 -123.524 -117.457 -113.967 -111.950 -110.836 -110.312 -110.192 -110.362 -110.748 -111.300 -111.983 -112.771 -113.647 -114.598 -115.613 -116.685 -117.808 -118.978 -120.187 -121.442 -122.733 -124.062 -125.427
 -120.437 -114.817 -111.714 -110.003 -109.130 -108.798 -108.833 -109.131 -109.624 -110.267 -111.027 -111.883 -112.819 -113.823 -114.885 -116.000 -117.161 -118.366 -119.611 -120.894 -122.213 -123.569 -124.960
 -117.150 -112.080 -109.412 -108.031 -107.412 -107.278 -107.473 -107.901 -108.503 -109.237 -110.076 -111.000 -111.996 -113.052 -114.162 -115.319 -116.519 -117.759 -119.036 -120.350 -121.698 -123.080 -124.496
 -113.665 -109.253 -107.067 -106.039 -105.684 -105.755 -106.113 -106.674 -107.385 -108.211 -109.129 -110.122 -111.177 -112.286 -113.443 -114.642 -115.881 -117.156 -118.466 -119.810 -121.186 -122.595 -124.037
 -109.989 -106.345 -104.685 -104.029 -103.950 -104.231 -104.755 -105.449 -106.271 -107.190 -108.187 -109.248 -110.363 -111.525 -112.729 -113.971 -115.248 -116.558 -117.901 -119.274 -120.679 -122.115 -123.582
 -106.136 -103.366 -102.272 -102.006 -102.211 -102.707 -103.399 -104.229 -105.162 -106.175 -107.251 -108.380 -109.555 -110.769 -112.020 -113.304 -114.622 -115.964 -117.339 -118.743 -120.176 -121.638 -123.131
 -102.126 -100.329  -99.836  -99.975 -100.470 -101.185 -102.047 -103.013 -104.058 -105.164 -106.320 -107.518 -108.752 -110.019 -111.316 -112.642 -113.998 -115.375 -116.783 -118.216 -119.677 -121.166 -122.683
  -97.990  -97.247  -97.384  -97.940  -98.731  -99.667 -100.700 -101.804 -102.961 -104.160 -105.395 -106.661 -107.954 -109.274 -110.618 -111.985 -113.379 -114.790 -116.230 -117.694 -119.182 -120.697 -122.240
  -93.762  -94.138  -94.925  -95.906  -96.996  -98.154  -99.360 -100.600 -101.869 -103.162 -104.476 -105.810 -107.163 -108.534 -109.924 -111.334 -112.764 -114.210 -115.683 -117.175 -118.692 -120.233 -121.801
  -89.483  -91.017  -92.466  -93.876  -95.268  -96.649  -98.027  -99.405 -100.785 -102.171 -103.564 -104.965 -106.377 -107.800 -109.236 -110.687 -112.155 -113.635 -115.139 -116.661 -118.205 -119.773 -121.365
  -85.198  -87.900  -90.015  -91.856  -93.549  -95.153  -96.703  -98.217  -99.709 -101.187 -102.658 -104.127 -105.597 -107.072 -108.554 -110.046 -111.550 -113.067 -114.600 -116.152 -117.723 -119.316 -120.934
  -80.951  -84.806  -87.581  -89.850  -91.842  -93.668  -95.388  -97.038  -98.640 -100.211 -101.759 -103.295 -104.823 -106.349 -107.877 -109.409 -110.950 -112.501 -114.066 -115.646 -117.245 -118.864 -120.506
  -76.784  -81.750  -85.172  -87.861  -90.149  -92.195  -94.084  -95.868  -97.580  -99.242 -100.868 -102.470 -104.056 -105.632 -107.205 -108.778 -110.355 -111.940 -113.536 -115.145 -116.771 -118.416 -120.082
  -72.735  -78.746  -82.793  -85.894  -88.473  -90.735  -92.792  -94.709  -96.530  -98.282  -99.984 -101.652 -103.295 -104.921 -106.539 -108.152 -109.766 -111.384 -113.011 -114.649 -116.301 -117.971 -119.663
  -68.834  -75.807  -80.451  -83.953  -86.816  -89.291  -91.512  -93.561  -95.488  -97.330  -99.108 -100.840 -102.540 -104.217 -105.878 -107.532 -109.181 -110.833 -112.490 -114.156 -115.835 -117.531 -119.246
  -65.103  -72.946  -78.154  -82.040  -85.180  -87.862  -90.245  -92.423  -94.457  -96.386  -98.239 -100.036 -101.792 -103.518 -105.224 -106.919 -108.601 -110.286 -111.973 -113.668 -115.374 -117.095 -118.834
  -61.560  -70.171  -75.904  -80.158  -83.566  -86.451  -88.993  -91.298  -93.436  -95.452  -97.379  -99.239 -101.050 -102.825 -104.574 -106.308 -108.026 -109.744 -111.461 -113.184 -114.916 -116.662 -118.426
  -58.213  -67.489  -73.707  -78.310  -81.977  -85.059  -87.755  -90.185  -92.425  -94.527  -96.527  -98.450 -100.316 -102.139 -103.931 -105.703 -107.456 -109.207 -110.954 -112.704 -114.463 -116.233 -118.021
  -55.064  -64.906  -71.567  -76.499  -80.413  -83.686  -86.533  -89.084  -91.425  -93.612  -95.683  -97.668  -99.588 -101.459 -103.293 -105.103 -106.891 -108.674 -110.451 -112.229 -114.013 -115.809 -117.620
  -52.111  -62.425  -69.486  -74.726  -78.876  -82.333  -85.326  -87.997  -90.436  -92.705  -94.848  -96.894  -98.867 -100.785 -102.661 -104.509 -106.334 -108.146 -109.952 -111.757 -113.568 -115.388 -117.223
  -49.350  -60.046  -67.465  -72.992  -77.367  -81.001  -84.136  -86.923  -89.459  -91.809  -94.021  -96.127  -98.152 -100.117 -102.035 -103.920 -105.779 -107.623 -109.458 -111.290 -113.126 -114.971 -116.830
  -46.770  -57.771  -65.507  -71.299  -75.886  -79.690  -82.963  -85.863  -88.493  -90.923  -93.202  -95.368  -97.445  -99.456 -101.415 -103.336 -105.229 -107.104 -108.968 -110.827 -112.689 -114.558 -116.440
  -44.363  -55.599  -63.612  -69.648  -74.435  -78.402  -81.807  -84.817  -87.538  -90.046  -92.393  -94.616  -96.745  -98.800 -100.800 -102.758 -104.685 -106.590 -108.482 -110.368 -112.255 -114.148 -116.054
  -42.118  -53.526  -61.781  -68.039  -73.014  -77.135  -80.669  -83.785  -86.596  -89.180  -91.592  -93.873  -96.051  -98.152 -100.191 -102.184 -104.145 -106.081 -108.001 -109.914 -111.825 -113.743 -115.672
  -40.023  -51.551  -60.012  -66.473  -71.623  -75.892  -79.548  -82.767  -85.665  -88.324  -90.800  -93.137  -95.365  -97.509  -99.588 -101.617 -103.610 -105.576 -107.524 -109.463 -111.400 -113.341 -115.293
  -38.068  -49.670  -58.305  -64.949  -70.263  -74.672  -78.446  -81.764  -84.747  -87.478  -90.017  -92.409  -94.686  -96.873  -98.993 -101.054 -103.080 -105.076 -107.052 -109.017 -110.978 -112.943 -114.918
  -36.241  -47.879  -56.660  -63.468  -68.934  -73.474  -77.361  -80.776  -83.841  -86.643  -89.243  -91.689  -94.013  -96.243  -98.401 -100.497 -102.555 -104.580 -106.584 -108.574 -110.560 -112.548 -114.546
