  52.479  52.507  52.519  52.518  52.508  52.491  52.467  52.438  52.403  52.362  52.317  52.268  52.214  52.156  52.094  52.028  51.958  51.884  51.805  51.721  51.630  51.531  51.418
  53.024  53.021  53.010  52.991  52.965  52.932  52.892  52.847  52.796  52.740  52.679  52.612  52.541  52.466  52.387  52.303  52.216  52.125  52.031  51.933  51.832  51.727  51.618
  53.504  53.489  53.466  53.435  53.396  53.351  53.298  53.238  53.172  53.100  53.021  52.938  52.849  52.756  52.658  52.556  52.450  52.341  52.227  52.111  51.992  51.869  51.744
  53.944  53.921  53.889  53.849  53.799  53.742  53.676  53.603  53.523  53.435  53.341  53.241  53.135  53.022  52.905  52.784  52.658  52.528  52.395  52.258  52.118  51.976  51.831
  54.368  54.338  54.299  54.249  54.189  54.120  54.042  53.956  53.861  53.758  53.648  53.530  53.406  53.276  53.140  52.997  52.851  52.701  52.546  52.388  52.228  52.064  51.899
  54.783  54.747  54.700  54.641  54.571  54.491  54.401  54.301  54.191  54.073  53.946  53.811  53.668  53.519  53.364  53.202  53.034  52.863  52.687  52.508  52.326  52.141  51.954
  55.194  55.151  55.096  55.028  54.949  54.857  54.754  54.640  54.516  54.381  54.238  54.085  53.925  53.756  53.581  53.399  53.211  53.018  52.821  52.620  52.416  52.209  52.000
  55.600  55.551  55.489  55.412  55.322  55.219  55.103  54.975  54.836  54.686  54.525  54.355  54.175  53.988  53.792  53.590  53.381  53.167  52.948  52.725  52.499  52.270  52.039
  56.004  55.949  55.879  55.793  55.693  55.578  55.449  55.307  55.153  54.986  54.808  54.620  54.422  54.215  53.999  53.776  53.546  53.310  53.069  52.824  52.576  52.325  52.072
  56.406  56.345  56.267  56.172  56.061  55.934  55.792  55.636  55.466  55.283  55.088  54.882  54.664  54.437  54.201  53.957  53.706  53.449  53.186  52.918  52.648  52.375  52.099
  56.806  56.739  56.653  56.549  56.427  56.289  56.134  55.963  55.777  55.578  55.365  55.140  54.903  54.656  54.399  54.134  53.861  53.582  53.297  53.007  52.715  52.419  52.122
  57.090  57.020  56.930  56.820  56.691  56.543  56.378  56.196  55.997  55.784  55.556  55.314  55.061  54.796  54.521  54.236  53.944  53.644  53.339  53.028  52.713  52.396  52.076
  57.315  57.245  57.153  57.039  56.904  56.749  56.575  56.382  56.172  55.945  55.703  55.447  55.177  54.895  54.602  54.299  53.987  53.667  53.341  53.008  52.672  52.332  51.990
  57.503  57.436  57.343  57.227  57.088  56.927  56.744  56.542  56.320  56.081  55.826  55.554  55.268  54.970  54.659  54.337  54.006  53.666  53.319  52.965  52.606  52.243  51.877
  57.658  57.595  57.504  57.387  57.245  57.078  56.889  56.677  56.446  56.195  55.926  55.640  55.339  55.023  54.695  54.355  54.004  53.644  53.276  52.899  52.518  52.131  51.740
  57.908  57.845  57.752  57.630  57.481  57.307  57.107  56.885  56.641  56.376  56.092  55.790  55.472  55.139  54.792  54.432  54.062  53.682  53.292  52.894  52.491  52.082  51.667
  58.342  58.270  58.166  58.032  57.870  57.681  57.467  57.229  56.967  56.685  56.382  56.061  55.723  55.370  55.003  54.623  54.232  53.831  53.421  53.003  52.579  52.151  51.718
  58.770  58.688  58.573  58.428  58.253  58.050  57.821  57.566  57.287  56.987  56.666  56.325  55.968  55.594  55.206  54.805  54.393  53.971  53.541  53.103  52.659  52.210  51.758
  59.192  59.100  58.975  58.818  58.631  58.414  58.169  57.898  57.602  57.283  56.943  56.583  56.205  55.811  55.402  54.981  54.547  54.104  53.653  53.194  52.729  52.261  51.789
  59.609  59.509  59.373  59.205  59.004  58.772  58.512  58.224  57.911  57.574  57.215  56.835  56.437  56.022  55.592  55.149  54.695  54.230  53.758  53.278  52.792  52.304  51.812
  60.023  59.913  59.768  59.587  59.373  59.127  58.851  58.547  58.216  57.860  57.481  57.082  56.663  56.227  55.776  55.312  54.836  54.350  53.856  53.355  52.849  52.340  51.828
  60.433  60.315  60.159  59.966  59.739  59.478  59.186  58.865  58.516  58.141  57.743  57.323  56.884  56.427  55.955  55.469  54.971  54.463  53.948  53.426  52.899  52.369  51.837
  60.841  60.714  60.547  60.342  60.102  59.826  59.518  59.179  58.812  58.418  58.000  57.560  57.100  56.621  56.127  55.620  55.100  54.571  54.034  53.491  52.942  52.392  51.840
  61.246  61.110  60.933  60.716  60.461  60.171  59.846  59.490  59.104  58.691  58.253  57.792  57.311  56.811  56.295  55.765  55.224  54.673  54.114  53.550  52.980  52.409  51.837
  61.649  61.504  61.316  61.087  60.818  60.512  60.171  59.797  59.393  58.960  58.501  58.020  57.517  56.995  56.458  55.906  55.343  54.770  54.189  53.603  53.012  52.421  51.828
  62.050  61.896  61.697  61.455  61.173  60.851  60.493  60.101  59.678  59.225  58.746  58.243  57.718  57.175  56.615  56.042  55.456  54.861  54.259  53.651  53.039  52.427  51.814
  62.450  62.287  62.077  61.822  61.525  61.187  60.812  60.402  59.959  59.486  58.986  58.462  57.915  57.350  56.768  56.172  55.565  54.948  54.323  53.694  53.061  52.427  51.795
  62.848  62.675  62.454  62.186  61.875  61.521  61.128  60.699  60.237  59.743  59.222  58.676  58.108  57.521  56.916  56.298  55.668  55.029  54.383  53.732  53.077  52.423  51.770
  63.245  63.063  62.830  62.549  62.222  61.852  61.442  60.994  60.511  59.997  59.455  58.887  58.296  57.687  57.060  56.419  55.767  55.105  54.437  53.765  53.089  52.414  51.740
  63.641  63.449  63.204  62.910  62.567  62.181  61.752  61.285  60.782  60.247  59.683  59.093  58.480  57.848  57.199  56.535  55.860  55.177  54.487  53.792  53.096  52.400  51.706
  64.036  63.833  63.577  63.268  62.911  62.507  62.060  61.573  61.049  60.493  59.907  59.295  58.660  58.005  57.333  56.647  55.949  55.243  54.531  53.816  53.098  52.381  51.667
  64.429  64.217  63.948  63.625  63.252  62.830  62.364  61.858  61.313  60.736  60.128  59.493  58.835  58.157  57.462  56.754  56.034  55.305  54.571  53.834  53.095  52.358  51.623
  64.822  64.599  64.318  63.981  63.591  63.151  62.666  62.139  61.574  60.974  60.344  59.687  59.006  58.305  57.587  56.856  56.113  55.363  54.607  53.848  53.088  52.330  51.575
  65.214  64.980  64.686  64.334  63.928  63.470  62.965  62.418  61.831  61.209  60.557  59.876  59.173  58.449  57.708  56.953  56.188  55.415  54.637  53.857  53.076  52.297  51.523
  65.605  65.360  65.053  64.686  64.262  63.786  63.262  62.693  62.085  61.441  60.765  60.062  59.335  58.587  57.824  57.046  56.258  55.463  54.663  53.861  53.059  52.260  51.465
  65.995  65.740  65.419  65.036  64.595  64.100  63.555  62.965  62.335  61.668  60.969  60.243  59.492  58.722  57.935  57.134  56.324  55.506  54.685  53.861  53.038  52.219  51.404
  66.384  66.118  65.783  65.384  64.925  64.411  63.846  63.234  62.581  61.892  61.170  60.420  59.646  58.852  58.041  57.218  56.385  55.545  54.701  53.856  53.013  52.173  51.338
  66.773  66.494  66.146  65.731  65.254  64.720  64.133  63.500  62.824  62.111  61.366  60.592  59.795  58.977  58.143  57.297  56.441  55.579  54.714  53.847  52.983  52.122  51.268
  67.161  66.870  66.507  66.075  65.580  65.026  64.418  63.762  63.064  62.327  61.558  60.760  59.939  59.098  58.241  57.371  56.493  55.609  54.721  53.834  52.949  52.068  51.194
  67.548  67.245  66.867  66.418  65.904  65.329  64.699  64.021  63.299  62.539  61.746  60.924  60.079  59.214  58.333  57.441  56.540  55.633  54.724  53.816  52.910  52.009  51.116
  67.935  67.619  67.226  66.759  66.225  65.629  64.978  64.276  63.531  62.746  61.929  61.083  60.214  59.325  58.421  57.506  56.582  55.654  54.723  53.793  52.867  51.946  51.034
  68.321  67.992  67.583  67.099  66.544  65.927  65.253  64.528  63.758  62.950  62.108  61.238  60.345  59.432  58.505  57.566  56.620  55.669  54.717  53.766  52.820  51.879  50.947
  68.706  68.364  67.939  67.436  66.861  66.222  65.525  64.776  63.982  63.149  62.283  61.388  60.471  59.534  58.583  57.622  56.653  55.680  54.707  53.735  52.768  51.808  50.856
  69.091  68.735  68.293  67.771  67.175  66.514  65.793  65.020  64.202  63.344  62.453  61.534  60.592  59.632  58.657  57.673  56.682  55.687  54.692  53.700  52.712  51.732  50.762
  69.475  69.105  68.646  68.104  67.487  66.803  66.058  65.260  64.417  63.534  62.618  61.675  60.708  59.724  58.727  57.719  56.705  55.689  54.673  53.660  52.652  51.653  50.663
  69.858  69.474  68.997  68.435  67.796  67.088  66.319  65.497  64.628  63.720  62.779  61.811  60.820  59.812  58.791  57.761  56.725  55.687  54.649  53.615  52.588  51.569  50.561
  70.241  69.841  69.346  68.764  68.102  67.371  66.577  65.729  64.835  63.902  62.936  61.942  60.927  59.895  58.850  57.797  56.739  55.679  54.621  53.567  52.520  51.481  50.454
  70.623  70.207  69.694  69.090  68.406  67.650  66.831  65.958  65.038  64.079  63.087  62.069  61.029  59.973  58.905  57.829  56.749  55.668  54.589  53.514  52.447  51.390  50.344
  71.004  70.572  70.039  69.414  68.706  67.925  67.081  66.182  65.236  64.251  63.234  62.190  61.126  60.046  58.955  57.857  56.754  55.652  54.552  53.457  52.370  51.294  50.231
  71.385  70.936  70.383  69.735  69.003  68.197  67.327  66.401  65.429  64.418  63.375  62.307  61.218  60.115  59.000  57.879  56.755  55.631  54.510  53.396  52.290  51.194  50.113
  71.765  71.299  70.725  70.054  69.297  68.465  67.568  66.616  65.618  64.581  63.512  62.419  61.306  60.178  59.040  57.897  56.751  55.606  54.464  53.330  52.205  51.091  49.991
  72.144  71.660  71.065  70.371  69.588  68.730  67.806  66.827  65.802  64.738  63.644  62.525  61.388  60.236  59.076  57.910  56.742  55.576  54.414  53.260  52.116  50.983  49.865
  72.522  72.020  71.403  70.684  69.876  68.990  68.039  67.033  65.980  64.891  63.770  62.627  61.465  60.290  59.106  57.918  56.729  55.542  54.360  53.186  52.023  50.872  49.736
  72.899  72.378  71.738  70.994  70.159  69.247  68.268  67.234  66.154  65.038  63.892  62.723  61.536  60.338  59.131  57.921  56.710  55.503  54.301  53.108  51.926  50.756  49.603
  73.276  72.734  72.071  71.301  70.439  69.499  68.492  67.430  66.323  65.180  64.008  62.814  61.603  60.381  59.152  57.920  56.688  55.460  54.238  53.026  51.825  50.637  49.467
  73.651  73.089  72.402  71.605  70.715  69.746  68.711  67.621  66.486  65.316  64.119  62.899  61.664  60.419  59.167  57.913  56.660  55.412  54.171  52.939  51.720  50.514  49.326
  74.026  73.442  72.729  71.906  70.987  69.989  68.925  67.807  66.645  65.448  64.224  62.980  61.721  60.452  59.178  57.902  56.628  55.360  54.099  52.849  51.611  50.387  49.182
  74.399  73.792  73.054  72.203  71.255  70.227  69.134  67.987  66.797  65.573  64.324  63.054  61.771  60.480  59.183  57.886  56.592  55.303  54.023  52.754  51.498  50.257  49.035
  74.771  74.141  73.376  72.496  71.518  70.461  69.338  68.162  66.944  65.694  64.418  63.124  61.817  60.502  59.184  57.865  56.550  55.242  53.943  52.655  51.381  50.123  48.883
  75.142  74.488  73.695  72.785  71.777  70.689  69.536  68.331  67.085  65.808  64.507  63.188  61.857  60.520  59.179  57.840  56.505  55.176  53.858  52.552  51.260  49.985  48.729
  75.511  74.832  74.011  73.070  72.031  70.912  69.729  68.495  67.221  65.917  64.589  63.246  61.892  60.532  59.170  57.809  56.454  55.106  53.769  52.445  51.135  49.844  48.570
  75.879  75.173  74.322  73.350  72.280  71.129  69.916  68.652  67.351  66.019  64.667  63.299  61.921  60.539  59.155  57.774  56.399  55.032  53.676  52.334  51.007  49.698  48.409
  76.246  75.512  74.631  73.626  72.523  71.341  70.097  68.804  67.474  66.116  64.738  63.346  61.945  60.540  59.136  57.734  56.339  54.953  53.579  52.219  50.875  49.549  48.243
  76.610  75.848  74.935  73.897  72.761  71.547  70.272  68.950  67.592  66.207  64.804  63.387  61.964  60.537  59.111  57.689  56.275  54.870  53.478  52.100  50.739  49.397  48.074
  76.973  76.181  75.234  74.163  72.994  71.747  70.441  69.089  67.703  66.292  64.863  63.423  61.977  60.528  59.082  57.640  56.206  54.783  53.372  51.977  50.599  49.240  47.902
  77.334  76.510  75.530  74.424  73.220  71.940  70.603  69.221  67.808  66.370  64.917  63.453  61.984  60.514  59.047  57.585  56.133  54.691  53.263  51.851  50.455  49.080  47.727
  77.692  76.836  75.820  74.679  73.440  72.127  70.758  69.348  67.906  66.443  64.964  63.477  61.986  60.495  59.007  57.526  56.055  54.595  53.149  51.720  50.308  48.917  47.547
  78.048  77.158  76.105  74.928  73.654  72.308  70.907  69.467  67.998  66.509  65.006  63.496  61.983  60.470  58.963  57.462  55.972  54.495  53.032  51.585  50.158  48.750  47.365
  78.401  77.475  76.385  75.170  73.861  72.481  71.049  69.580  68.083  66.568  65.042  63.508  61.974  60.441  58.913  57.394  55.885  54.390  52.910  51.447  50.003  48.580  47.179
  78.751  77.788  76.659  75.406  74.061  72.647  71.184  69.686  68.162  66.622  65.071  63.515  61.959  60.406  58.859  57.321  55.794  54.281  52.785  51.304  49.845  48.406  46.990
  79.097  78.095  76.927  75.635  74.253  72.806  71.312  69.784  68.234  66.668  65.094  63.516  61.939  60.365  58.799  57.243  55.698  54.168  52.655  51.158  49.683  48.229  46.798
  79.440  78.398  77.188  75.857  74.438  72.957  71.432  69.876  68.299  66.709  65.111  63.511  61.913  60.320  58.735  57.160  55.598  54.051  52.521  51.008  49.517  48.048  46.602
  79.779  78.694  77.442  76.071  74.615  73.101  71.545  69.960  68.357  66.742  65.122  63.501  61.882  60.269  58.665  57.073  55.493  53.929  52.383  50.854  49.348  47.864  46.403
  80.114  78.984  77.688  76.277  74.784  73.236  71.649  70.037  68.408  66.769  65.126  63.484  61.845  60.213  58.591  56.981  55.384  53.804  52.241  50.697  49.176  47.676  46.201
  80.443  79.267  77.927  76.474  74.945  73.363  71.746  70.106  68.452  66.790  65.125  63.461  61.803  60.152  58.512  56.884  55.271  53.674  52.096  50.536  48.999  47.485  45.995
  80.767  79.543  78.157  76.663  75.096  73.482  71.835  70.168  68.489  66.803  65.117  63.433  61.755  60.086  58.428  56.783  55.153  53.540  51.946  50.371  48.820  47.291  45.787
  81.084  79.810  78.378  76.842  75.239  73.592  71.916  70.222  68.518  66.810  65.102  63.399  61.702  60.014  58.339  56.677  55.031  53.402  51.793  50.204  48.637  47.093  45.575
  81.395  80.068  78.589  77.012  75.372  73.693  71.988  70.268  68.541  66.810  65.082  63.358  61.643  59.938  58.245  56.567  54.905  53.260  51.635  50.032  48.450  46.892  45.360
  81.697  80.317  78.790  77.172  75.496  73.785  72.052  70.307  68.556  66.804  65.055  63.312  61.579  59.856  58.147  56.452  54.774  53.114  51.474  49.856  48.260  46.688  45.142
  81.991  80.556  78.980  77.321  75.610  73.868  72.108  70.338  68.564  66.791  65.022  63.261  61.509  59.769  58.043  56.333  54.639  52.965  51.310  49.677  48.067  46.481  44.921
  82.275  80.783  79.159  77.459  75.714  73.942  72.155  70.360  68.564  66.771  64.983  63.203  61.434  59.677  57.935  56.209  54.500  52.811  51.141  49.494  47.870  46.270  44.696
  82.548  80.998  79.326  77.586  75.807  74.006  72.193  70.375  68.557  66.744  64.937  63.139  61.353  59.580  57.822  56.081  54.357  52.654  50.969  49.308  47.670  46.056  44.469
  82.809  81.200  79.481  77.702  75.890  74.060  72.222  70.382  68.543  66.710  64.885  63.070  61.267  59.479  57.705  55.948  54.210  52.492  50.793  49.118  47.466  45.839  44.238
  83.056  81.388  79.622  77.805  75.962  74.105  72.243  70.380  68.522  66.670  64.827  62.995  61.176  59.372  57.583  55.812  54.059  52.326  50.613  48.925  47.260  45.619  44.005
  83.288  81.561  79.749  77.897  76.023  74.140  72.254  70.371  68.493  66.623  64.763  62.914  61.080  59.260  57.456  55.670  53.903  52.157  50.430  48.728  47.050  45.396  43.769
  83.503  81.717  79.863  77.975  76.073  74.165  72.257  70.353  68.457  66.569  64.692  62.828  60.978  59.143  57.325  55.525  53.744  51.984  50.244  48.528  46.836  45.170  43.529
  83.699  81.857  79.961  78.041  76.111  74.179  72.251  70.328  68.413  66.508  64.616  62.736  60.871  59.021  57.189  55.375  53.580  51.807  50.054  48.325  46.620  44.940  43.287
  83.874  81.979  80.044  78.093  76.138  74.184  72.235  70.294  68.362  66.441  64.533  62.638  60.759  58.895  57.049  55.221  53.413  51.626  49.860  48.118  46.400  44.708  43.041
  84.027  82.082  80.111  78.132  76.153  74.179  72.211  70.252  68.304  66.368  64.444  62.535  60.641  58.764  56.904  55.063  53.242  51.441  49.663  47.908  46.177  44.472  42.793
  84.155  82.166  80.163  78.158  76.157  74.163  72.178  70.202  68.239  66.287  64.349  62.426  60.519  58.628  56.755  54.901  53.068  51.253  49.462  47.695  45.951  44.233  42.542
  84.257  82.229  80.197  78.170  76.149  74.137  72.135  70.145  68.166  66.200  64.249  62.312  60.391  58.487  56.601  54.734  52.888  51.061  49.258  47.478  45.722  43.992  42.288
  84.331  82.271  80.215  78.168  76.130  74.101  72.084  70.079  68.086  66.107  64.142  62.192  60.258  58.342  56.443  54.564  52.705  50.866  49.051  47.258  45.490  43.747  42.031
  84.376  82.292  80.217  78.152  76.098  74.055  72.024  70.005  67.999  66.007  64.029  62.067  60.121  58.192  56.281  54.389  52.518  50.667  48.840  47.035  45.255  43.500  41.771
  84.392  82.291  80.201  78.123  76.055  73.999  71.955  69.924  67.906  65.901  63.911  61.936  59.978  58.037  56.114  54.211  52.328  50.464  48.625  46.809  45.016  43.249  41.508
  84.377  82.268  80.169  78.079  76.001  73.933  71.878  69.835  67.805  65.789  63.787  61.801  59.831  57.878  55.944  54.028  52.134  50.259  48.407  46.579  44.775  42.996  41.243
  84.333  82.224  80.120  78.022  75.935  73.858  71.792  69.738  67.697  65.670  63.657  61.660  59.679  57.715  55.769  53.842  51.935  50.050  48.186  46.346  44.530  42.739  40.974
  84.259  82.159  80.054  77.952  75.857  73.772  71.697  69.633  67.583  65.545  63.522  61.513  59.521  57.546  55.590  53.652  51.734  49.837  47.962  46.110  44.283  42.480  40.703
  84.157  82.073  79.972  77.869  75.769  73.677  71.594  69.522  67.461  65.414  63.381  61.362  59.360  57.374  55.406  53.457  51.528  49.621  47.734  45.871  44.032  42.218  40.429
  84.027  81.967  79.874  77.772  75.669  73.572  71.482  69.402  67.333  65.277  63.234  61.206  59.193  57.197  55.219  53.260  51.319  49.401  47.504  45.629  43.779  41.953  40.152
  83.873  81.842  79.761  77.662  75.559  73.458  71.362  69.275  67.199  65.134  63.082  61.044  59.022  57.016  55.028  53.059  51.107  49.178  47.270  45.384  43.522  41.685  39.873
  83.694  81.697  79.633  77.540  75.438  73.334  71.234  69.141  67.058  64.985  62.925  60.878  58.846  56.831  54.832  52.853  50.891  48.951  47.032  45.136  43.263  41.414  39.591
  83.494  81.535  79.490  77.406  75.307  73.202  71.099  69.000  66.910  64.830  62.762  60.707  58.666  56.641  54.633  52.644  50.671  48.721  46.792  44.885  43.001  41.141  39.306
  83.274  81.356  79.333  77.260  75.165  73.061  70.955  68.852  66.757  64.670  62.594  60.531  58.481  56.447  54.430  52.431  50.448  48.488  46.549  44.631  42.736  40.864  39.018
  83.036  81.161  79.162  77.102  75.013  72.911  70.803  68.697  66.597  64.504  62.421  60.350  58.292  56.250  54.223  52.214  50.223  48.252  46.302  44.373  42.468  40.585  38.727
  82.781  80.952  78.979  76.934  74.852  72.752  70.645  68.536  66.431  64.332  62.243  60.164  58.099  56.048  54.012  51.994  49.993  48.013  46.052  44.113  42.197  40.304  38.434
  82.511  80.728  78.783  76.754  74.681  72.585  70.478  68.368  66.259  64.155  62.059  59.974  57.901  55.842  53.798  51.770  49.760  47.770  45.799  43.850  41.923  40.019  38.138
  82.228  80.491  78.575  76.564  74.502  72.410  70.305  68.193  66.081  63.972  61.871  59.779  57.699  55.632  53.579  51.543  49.524  47.524  45.544  43.584  41.647  39.732  37.840
  81.933  80.241  78.356  76.364  74.313  72.228  70.124  68.011  65.897  63.784  61.678  59.580  57.493  55.418  53.357  51.312  49.284  47.275  45.285  43.315  41.367  39.441  37.539
  81.627  79.981  78.126  76.155  74.116  72.037  69.936  67.824  65.707  63.591  61.480  59.376  57.282  55.200  53.131  51.078  49.041  47.023  45.023  43.043  41.085  39.149  37.235
  81.310  79.709  77.887  75.936  73.910  71.839  69.742  67.630  65.512  63.393  61.277  59.168  57.068  54.978  52.903  50.840  48.795  46.767  44.758  42.769  40.800  38.853  36.928
  80.985  79.428  77.637  75.708  73.696  71.634  69.541  67.431  65.312  63.190  61.070  58.955  56.849  54.753  52.670  50.599  48.546  46.509  44.491  42.491  40.513  38.555  36.619
