   57.999   58.194   58.377   58.552   58.719   58.880   59.033   59.179   59.317   59.446   59.567   59.677   59.776   59.864   59.937   59.994   60.031
   58.139   58.366   58.588   58.805   59.017   59.223   59.421   59.612   59.794   59.967   60.129   60.280   60.418   60.544   60.655   60.752   60.832
   58.228   58.502   58.772   59.038   59.299   59.552   59.799   60.036   60.263   60.479   60.680   60.870   61.046   61.206   61.351   61.478   61.587
   58.274   58.599   58.921   59.239   59.551   59.856   60.151   60.436   60.709   60.968   61.213   61.442   61.654   61.845   62.020   62.175   62.308
   58.301   58.680   59.057   59.429   59.794   60.150   60.496   60.829   61.148   61.452   61.738   62.006   62.253   62.479   62.683   62.862   63.018
   58.318   58.753   59.186   59.613   60.032   60.442   60.839   61.222   61.588   61.936   62.264   62.570   62.852   63.110   63.343   63.548   63.725
   58.328   58.821   59.311   59.795   60.271   60.735   61.184   61.617   62.031   62.424   62.793   63.138   63.455   63.745   64.005   64.235   64.433
   58.334   58.886   59.436   59.978   60.511   61.030   61.533   62.017   62.479   62.917   63.328   63.711   64.063   64.383   64.671   64.924   65.142
   58.336   58.950   59.560   60.162   60.753   61.329   61.887   62.423   62.934   63.417   63.870   64.291   64.678   65.028   65.342   65.618   65.854
   58.335   59.012   59.684   60.348   60.999   61.634   62.247   62.835   63.396   63.925   64.420   64.879   65.300   65.680   66.020   66.317   66.571
   58.333   59.074   59.810   60.537   61.250   61.943   62.613   63.255   63.866   64.441   64.978   65.475   65.929   66.339   66.704   67.021   67.292
   58.228   59.029   59.824   60.609   61.378   62.125   62.845   63.535   64.189   64.805   65.378   65.907   66.389   66.822   67.205   67.537   67.817
   58.057   58.918   59.772   60.614   61.438   62.237   63.007   63.742   64.438   65.092   65.699   66.257   66.763   67.217   67.615   67.958   68.244
   57.844   58.765   59.678   60.577   61.455   62.307   63.125   63.905   64.643   65.333   65.973   66.559   67.089   67.560   67.971   68.322   68.612
   57.590   58.573   59.546   60.502   61.435   62.338   63.205   64.030   64.808   65.534   66.205   66.817   67.368   67.856   68.278   68.635   68.924
   57.441   58.487   59.523   60.540   61.531   62.490   63.409   64.282   65.104   65.870   66.575   67.217   67.793   68.300   68.737   69.103   69.397
   57.497   58.611   59.715   60.799   61.856   62.878   63.856   64.785   65.657   66.469   67.216   67.894   68.501   69.035   69.494   69.878   70.186
   57.544   58.729   59.904   61.058   62.182   63.268   64.307   65.292   66.216   67.074   67.862   68.575   69.213   69.772   70.252   70.653   70.973
   57.585   58.844   60.091   61.317   62.511   63.662   64.763   65.805   66.781   67.685   68.514   69.263   69.930   70.514   71.013   71.429   71.760
   57.620   58.955   60.278   61.578   62.843   64.062   65.226   66.325   67.353   68.304   69.173   69.957   70.653   71.260   71.778   72.207   72.547
   57.651   59.064   60.466   61.842   63.180   64.468   65.696   66.854   67.934   68.932   69.841   70.658   71.382   72.011   72.546   72.987   73.336
   57.677   59.172   60.654   62.109   63.522   64.881   66.174   67.391   68.525   69.569   70.517   71.368   72.119   72.769   73.320   73.771   74.126
   57.700   59.279   60.844   62.380   63.870   65.301   66.661   67.939   69.126   70.216   71.204   72.087   72.863   73.533   74.098   74.559   74.919
   57.720   59.386   61.037   62.656   64.226   65.731   67.159   68.497   69.738   70.873   71.900   72.814   73.616   74.305   74.882   75.351   75.714
   57.736   59.492   61.232   62.937   64.589   66.170   67.666   69.067   70.361   71.542   72.607   73.552   74.377   75.083   75.672   76.147   76.512
   57.750   59.599   61.431   63.225   64.960   66.619   68.186   69.648   70.996   72.223   73.325   74.300   75.147   75.869   76.468   76.948   77.313
   57.761   59.706   61.634   63.519   65.341   67.079   68.717   70.242   71.644   72.917   74.055   75.058   75.926   76.663   77.270   77.753   78.116
   57.769   59.815   61.841   63.821   65.731   67.550   69.261   70.850   72.306   73.623   74.797   75.827   76.715   77.464   78.078   78.562   78.922
   57.775   59.925   62.052   64.130   66.131   68.034   69.818   71.471   72.981   74.342   75.550   76.607   77.513   78.273   78.892   79.376   79.732
   57.778   60.036   62.269   64.447   66.543   68.530   70.390   72.107   73.671   75.075   76.317   77.398   78.320   79.090   79.712   80.194   80.544
   57.780   60.149   62.491   64.774   66.966   69.040   70.976   72.758   74.375   75.822   77.096   78.200   79.137   79.914   80.538   81.017   81.359
   57.778   60.264   62.720   65.110   67.401   69.565   71.578   73.425   75.096   76.584   77.889   79.014   79.964   80.747   81.371   81.844   82.177
   57.775   60.381   62.955   65.457   67.850   70.105   72.197   74.109   75.832   77.360   78.695   79.839   80.801   81.588   82.209   82.675   82.997
   57.769   60.500   63.197   65.814   68.313   70.660   72.832   74.810   76.584   78.152   79.514   80.677   81.647   82.436   83.053   83.511   83.819
   57.761   60.623   63.446   66.183   68.790   71.233   73.485   75.528   77.354   78.959   80.348   81.526   82.504   83.292   83.903   84.350   84.644
   57.750   60.748   63.704   66.565   69.284   71.823   74.156   76.265   78.141   79.783   81.195   82.387   83.370   84.156   84.759   85.193   85.471
   57.737   60.877   63.970   66.960   69.794   72.432   74.847   77.021   78.946   80.622   82.057   83.260   84.245   85.027   85.620   86.040   86.300
   57.721   61.009   64.246   67.368   70.321   73.061   75.559   77.797   79.770   81.479   82.933   84.145   85.130   85.905   86.486   86.890   87.130
   57.702   61.145   64.532   67.792   70.867   73.710   76.291   78.593   80.612   82.352   83.823   85.042   86.025   86.791   87.358   87.743   87.962
   57.680   61.285   64.828   68.232   71.433   74.381   77.046   79.411   81.474   83.242   84.728   85.951   86.929   87.684   88.234   88.598   88.795
   57.655   61.430   65.136   68.689   72.019   75.074   77.823   80.250   82.356   84.149   85.648   86.871   87.842   88.583   89.115   89.457   89.629
   57.627   61.580   65.457   69.164   72.628   75.792   78.624   81.112   83.258   85.074   86.582   87.804   88.765   89.489   90.000   90.318   90.463
   57.595   61.735   65.790   69.659   73.259   76.534   79.450   81.997   84.181   86.017   87.531   88.748   89.696   90.401   90.889   91.181   91.299
   57.559   61.896   66.138   70.174   73.916   77.303   80.302   82.906   85.124   86.978   88.494   89.703   90.635   91.319   91.781   92.046   92.134
   57.520   62.063   66.501   70.712   74.599   78.099   81.181   83.840   86.090   87.957   89.472   90.670   91.583   92.243   92.677   92.912   92.969
   57.476   62.237   66.881   71.273   75.310   78.924   82.088   84.799   87.077   88.953   90.464   91.647   92.539   93.172   93.577   93.780   93.804
   57.427   62.418   67.278   71.860   76.050   79.780   83.024   85.784   88.086   89.968   91.471   92.635   93.502   94.106   94.479   94.649   94.639
   57.374   62.607   67.695   72.474   76.822   80.668   83.989   86.795   89.118   91.001   92.491   93.634   94.473   95.045   95.383   95.518   95.473
   57.315   62.804   68.133   73.117   77.627   81.590   84.986   87.834   90.173   92.052   93.526   94.643   95.450   95.988   96.290   96.387   96.305
   57.249   63.012   68.593   73.792   78.467   82.546   86.015   88.900   91.250   93.121   94.574   95.662   96.434   96.935   97.198   97.257   97.137
   57.178   63.229   69.078   74.501   79.345   83.540   87.078   89.995   92.350   94.208   95.635   96.690   97.425   97.885   98.108   98.126   97.966
   57.099   63.458   69.590   75.246   80.263   84.572   88.175   91.118   93.473   95.312   96.709   97.727   98.421   98.839   99.019   98.995   98.794
   57.012   63.699   70.131   76.030   81.224   85.645   89.307   92.271   94.619   96.434   97.796   98.772   99.422   99.795   99.931   99.863   99.620
   56.916   63.954   70.704   76.857   82.230   86.760   90.476   93.453   95.788   97.573   98.894   99.826  100.429  100.754  100.842  100.730  100.443
   56.811   64.224   71.312   77.730   83.284   87.919   91.682   94.666   96.979   98.728  100.005  100.887  101.439  101.714  101.754  101.595  101.263
   56.695   64.511   71.959   78.653   84.388   89.124   92.926   95.908   98.194   99.900  101.126  101.955  102.453  102.676  102.666  102.458  102.081
   56.566   64.817   72.648   79.629   85.548   90.378   94.210   97.180   99.430  101.087  102.258  103.029  103.471  103.639  103.576  103.319  102.895
   56.425   65.144   73.384   80.664   86.764   91.681   95.533   98.483  100.689  102.290  103.400  104.110  104.492  104.602  104.485  104.177  103.706
   56.268   65.494   74.171   81.762   88.042   93.036   96.898   99.816  101.969  103.507  104.551  105.195  105.514  105.565  105.393  105.033  104.513
   56.093   65.871   75.017   82.930   89.385   94.445   98.303  101.178  103.269  104.737  105.710  106.286  106.539  106.528  106.299  105.885  105.316
   55.899   66.277   75.927   84.172   90.797   95.909   99.749  102.570  104.590  105.981  106.877  107.380  107.565  107.490  107.202  106.735  106.115
   55.683   66.718   76.908   85.495   92.281   97.430  101.238  103.991  105.930  107.237  108.052  108.477  108.591  108.451  108.103  107.580  106.910
   55.440   67.198   77.970   86.907   93.841   99.010  102.767  105.441  107.288  108.504  109.232  109.577  109.617  109.410  109.000  108.422  107.700
   55.168   67.722   79.123   88.416   95.482  100.649  104.339  106.917  108.664  109.782  110.418  110.679  110.643  110.367  109.895  109.259  108.485
   54.860   68.299   80.377   90.029   97.207  102.348  105.951  108.420  110.056  111.068  111.608  111.782  111.667  111.321  110.785  110.092  109.266
   54.511   68.937   81.748   91.756   99.020  104.109  107.603  109.949  111.463  112.363  112.802  112.886  112.691  112.272  111.671  110.920  110.041
   54.113   69.647   83.250   93.607  100.925  105.931  109.294  111.501  112.884  113.666  113.999  113.989  113.711  113.219  112.553  111.743  110.810
   53.656   70.442   84.902   95.591  102.924  107.813  111.022  113.075  114.317  114.974  115.197  115.092  114.729  114.163  113.431  112.561  111.575
   53.128   71.340   86.725   97.719  105.020  109.757  112.787  114.670  115.761  116.287  116.397  116.192  115.744  115.102  114.303  113.373  112.333
   52.512   72.363   88.744  100.001  107.215  111.758  114.585  116.284  117.215  117.603  117.596  117.291  116.755  116.037  115.170  114.180  113.086
   51.786   73.539   90.988  102.447  109.509  113.817  116.416  117.915  118.676  118.922  118.794  118.386  117.762  116.966  116.031  114.980  113.832
   50.921   74.906   93.489  105.068  111.903  115.930  118.274  119.560  120.144  120.242  119.991  119.478  118.763  117.889  116.886  115.775  114.572
   49.877   76.517   96.285  107.870  114.393  118.094  120.159  121.217  121.616  121.562  121.185  120.565  119.760  118.807  117.735  116.563  115.307
   48.594   78.440   99.417  110.859  116.979  120.305  122.066  122.883  123.090  122.881  122.374  121.647  120.750  119.719  118.578  117.345  116.034
   46.989   80.776  102.928  114.039  119.653  122.557  123.993  124.557  124.566  124.197  123.560  122.724  121.735  120.624  119.414  118.121  116.755
   44.930   83.665  106.863  117.407  122.409  124.846  125.934  126.236  126.040  125.509  124.740  123.794  122.712  121.522  120.243  118.889  117.470
