  57.017  57.053  57.072  57.079  57.075  57.061  57.039  57.008  56.968  56.922  56.867  56.805  56.736  56.658  56.571  56.475  56.364
  57.563  57.579  57.584  57.578  57.561  57.535  57.500  57.455  57.402  57.340  57.271  57.194  57.109  57.016  56.917  56.810  56.695
  58.059  58.069  58.066  58.051  58.025  57.988  57.941  57.884  57.816  57.739  57.651  57.557  57.454  57.344  57.225  57.100  56.967
  58.514  58.519  58.512  58.491  58.457  58.410  58.352  58.281  58.200  58.108  58.005  57.892  57.770  57.638  57.499  57.352  57.198
  58.951  58.954  58.942  58.915  58.874  58.818  58.748  58.665  58.569  58.461  58.341  58.209  58.068  57.916  57.755  57.585  57.408
  59.378  59.379  59.364  59.331  59.282  59.217  59.136  59.040  58.929  58.804  58.667  58.516  58.354  58.181  57.998  57.806  57.604
  59.799  59.799  59.780  59.742  59.685  59.610  59.518  59.408  59.283  59.142  58.986  58.816  58.633  58.438  58.233  58.017  57.792
  60.216  60.215  60.192  60.148  60.084  59.999  59.895  59.773  59.632  59.474  59.299  59.109  58.906  58.689  58.460  58.220  57.971
  60.631  60.628  60.602  60.552  60.480  60.386  60.270  60.133  59.977  59.801  59.608  59.398  59.173  58.933  58.681  58.417  58.143
  61.043  61.039  61.009  60.954  60.874  60.770  60.642  60.491  60.319  60.126  59.913  59.683  59.435  59.173  58.897  58.608  58.309
  61.453  61.448  61.415  61.354  61.266  61.152  61.011  60.846  60.658  60.447  60.215  59.963  59.694  59.408  59.107  58.794  58.469
  61.731  61.729  61.696  61.632  61.539  61.417  61.267  61.090  60.888  60.661  60.411  60.140  59.850  59.542  59.219  58.881  58.530
  61.940  61.943  61.913  61.849  61.752  61.624  61.466  61.278  61.062  60.820  60.553  60.264  59.953  59.623  59.276  58.913  58.536
  62.108  62.119  62.092  62.029  61.930  61.797  61.631  61.432  61.204  60.947  60.664  60.355  60.024  59.672  59.300  58.911  58.507
  62.237  62.258  62.237  62.177  62.077  61.939  61.766  61.558  61.317  61.046  60.746  60.418  60.066  59.691  59.295  58.879  58.446
  62.477  62.503  62.484  62.422  62.319  62.174  61.991  61.772  61.517  61.230  60.911  60.564  60.191  59.793  59.373  58.932  58.472
  62.929  62.951  62.926  62.856  62.742  62.585  62.388  62.152  61.880  61.574  61.235  60.867  60.471  60.051  59.607  59.144  58.661
  63.374  63.392  63.361  63.283  63.158  62.989  62.778  62.526  62.236  61.910  61.550  61.160  60.742  60.299  59.832  59.345  58.839
  63.813  63.828  63.791  63.705  63.570  63.388  63.162  62.893  62.585  62.239  61.859  61.446  61.005  60.538  60.047  59.536  59.006
  64.247  64.259  64.217  64.122  63.977  63.782  63.541  63.256  62.928  62.562  62.160  61.725  61.261  60.770  60.255  59.719  59.165
  64.677  64.686  64.638  64.536  64.380  64.172  63.916  63.613  63.267  62.880  62.456  61.998  61.510  60.994  60.454  59.893  59.315
  65.104  65.110  65.057  64.946  64.779  64.559  64.287  63.966  63.600  63.192  62.746  62.264  61.752  61.211  60.646  60.060  59.457
  65.528  65.531  65.473  65.354  65.176  64.942  64.653  64.315  63.929  63.499  63.030  62.525  61.988  61.422  60.832  60.220  59.591
  65.950  65.950  65.886  65.759  65.570  65.321  65.017  64.660  64.254  63.802  63.310  62.780  62.218  61.627  61.011  60.373  59.719
  66.369  66.367  66.298  66.162  65.961  65.698  65.377  65.001  64.574  64.100  63.584  63.030  62.442  61.825  61.183  60.520  59.839
  66.787  66.783  66.707  66.562  66.350  66.073  65.735  65.339  64.891  64.394  63.853  63.274  62.661  62.018  61.349  60.660  59.953
  67.202  67.196  67.115  66.961  66.737  66.445  66.089  65.673  65.203  64.683  64.118  63.513  62.874  62.204  61.509  60.794  60.061
  67.617  67.608  67.522  67.359  67.122  66.814  66.440  66.004  65.512  64.968  64.378  63.748  63.082  62.385  61.664  60.921  60.162
  68.030  68.020  67.927  67.755  67.505  67.181  66.789  66.332  65.817  65.249  64.633  63.977  63.284  62.561  61.812  61.042  60.257
  68.443  68.430  68.331  68.149  67.886  67.546  67.135  66.657  66.118  65.525  64.884  64.201  63.481  62.730  61.954  61.158  60.346
  68.854  68.839  68.734  68.542  68.265  67.909  67.478  66.978  66.416  65.797  65.130  64.419  63.672  62.894  62.091  61.267  60.429
  69.264  69.247  69.136  68.934  68.643  68.269  67.818  67.296  66.709  66.065  65.371  64.633  63.858  63.053  62.222  61.371  60.505
  69.674  69.655  69.537  69.324  69.019  68.628  68.156  67.610  66.999  66.329  65.607  64.842  64.039  63.205  62.347  61.469  60.576
  70.083  70.062  69.938  69.714  69.394  68.984  68.491  67.922  67.285  66.588  65.839  65.045  64.214  63.352  62.466  61.560  60.641
  70.491  70.468  70.337  70.102  69.767  69.338  68.823  68.229  67.567  66.842  66.065  65.243  64.384  63.494  62.579  61.646  60.700
  70.899  70.874  70.736  70.489  70.138  69.689  69.152  68.534  67.844  67.092  66.287  65.436  64.548  63.629  62.687  61.726  60.754
  71.307  71.279  71.134  70.875  70.507  70.039  69.478  68.834  68.118  67.338  66.504  65.624  64.706  63.759  62.788  61.801  60.801
  71.714  71.684  71.531  71.260  70.875  70.386  69.801  69.132  68.387  67.578  66.715  65.806  64.859  63.883  62.884  61.869  60.843
  72.121  72.089  71.928  71.643  71.241  70.730  70.121  69.425  68.652  67.814  66.921  65.982  65.006  64.001  62.974  61.931  60.878
  72.527  72.493  72.324  72.026  71.606  71.072  70.438  69.714  68.913  68.045  67.122  66.153  65.148  64.114  63.058  61.988  60.908
  72.933  72.897  72.720  72.408  71.968  71.412  70.752  70.000  69.169  68.271  67.317  66.318  65.283  64.220  63.137  62.039  60.932
  73.339  73.300  73.115  72.788  72.329  71.749  71.062  70.281  69.420  68.491  67.507  66.478  65.413  64.321  63.209  62.084  60.951
  73.745  73.704  73.509  73.167  72.687  72.083  71.368  70.558  69.666  68.706  67.691  66.631  65.537  64.415  63.275  62.122  60.963
  74.151  74.107  73.903  73.545  73.044  72.414  71.671  70.830  69.907  68.916  67.870  66.779  65.654  64.504  63.335  62.155  60.970
  74.556  74.510  74.296  73.921  73.398  72.742  71.970  71.098  70.143  69.120  68.042  66.920  65.766  64.586  63.389  62.183  60.971
  74.961  74.913  74.689  74.297  73.751  73.067  72.264  71.361  70.374  69.318  68.209  67.056  65.871  64.662  63.437  62.204  60.967
  75.367  75.316  75.081  74.671  74.100  73.389  72.555  71.619  70.599  69.511  68.369  67.185  65.970  64.732  63.479  62.219  60.956
  75.772  75.719  75.472  75.043  74.448  73.706  72.841  71.872  70.818  69.697  68.523  67.308  66.062  64.796  63.515  62.228  60.940
  76.177  76.121  75.863  75.414  74.792  74.021  73.122  72.119  71.032  69.877  68.670  67.424  66.148  64.853  63.545  62.232  60.918
  76.582  76.524  76.253  75.783  75.134  74.331  73.399  72.361  71.239  70.051  68.811  67.533  66.228  64.904  63.569  62.229  60.890
  76.987  76.926  76.642  76.150  75.473  74.637  73.670  72.597  71.440  70.218  68.946  67.636  66.301  64.949  63.586  62.220  60.857
  77.392  77.328  77.030  76.515  75.808  74.939  73.936  72.827  71.635  70.378  69.073  67.733  66.368  64.987  63.597  62.206  60.818
  77.797  77.730  77.418  76.878  76.140  75.236  74.197  73.051  71.823  70.532  69.194  67.822  66.428  65.019  63.602  62.186  60.773
  78.203  78.132  77.804  77.239  76.469  75.528  74.451  73.268  72.004  70.678  69.308  67.905  66.481  65.044  63.601  62.159  60.723
  78.608  78.534  78.190  77.598  76.793  75.815  74.700  73.479  72.178  70.817  69.414  67.980  66.527  65.063  63.594  62.127  60.667
  79.013  78.936  78.574  77.953  77.113  76.096  74.942  73.682  72.344  70.949  69.513  68.049  66.567  65.075  63.580  62.089  60.605
  79.418  79.338  78.957  78.306  77.429  76.372  75.177  73.878  72.503  71.074  69.605  68.110  66.599  65.081  63.561  62.045  60.538
  79.823  79.740  79.339  78.656  77.739  76.641  75.404  74.067  72.655  71.190  69.689  68.164  66.625  65.080  63.535  61.995  60.465
  80.229  80.142  79.719  79.002  78.044  76.903  75.625  74.247  72.798  71.299  69.766  68.211  66.644  65.073  63.502  61.939  60.387
  80.634  80.543  80.098  79.344  78.344  77.158  75.837  74.419  72.933  71.400  69.835  68.251  66.656  65.059  63.464  61.878  60.303
  81.040  80.944  80.474  79.682  78.637  77.406  76.042  74.583  73.060  71.493  69.897  68.283  66.661  65.038  63.420  61.810  60.214
  81.445  81.345  80.848  80.015  78.924  77.646  76.237  74.739  73.179  71.577  69.950  68.308  66.660  65.011  63.369  61.737  60.120
  81.851  81.746  81.220  80.343  79.203  77.877  76.424  74.885  73.288  71.654  69.996  68.325  66.651  64.978  63.312  61.658  60.019
  82.256  82.147  81.589  80.665  79.474  78.099  76.601  75.022  73.389  71.721  70.033  68.335  66.635  64.938  63.249  61.573  59.914
  82.662  82.547  81.955  80.981  79.737  78.312  76.769  75.149  73.480  71.780  70.063  68.338  66.612  64.891  63.180  61.483  59.803
  83.067  82.947  82.317  81.290  79.991  78.515  76.927  75.267  73.562  71.831  70.085  68.333  66.582  64.838  63.105  61.387  59.687
  83.472  83.346  82.674  81.591  80.234  78.707  77.074  75.375  73.635  71.872  70.098  68.320  66.545  64.779  63.024  61.286  59.566
  83.877  83.744  83.027  81.883  80.467  78.888  77.210  75.472  73.698  71.905  70.103  68.300  66.501  64.713  62.937  61.178  59.440
  84.282  84.141  83.374  82.165  80.689  79.057  77.335  75.559  73.752  71.929  70.100  68.272  66.451  64.640  62.844  61.066  59.308
  84.687  84.537  83.714  82.436  80.898  79.214  77.448  75.635  73.796  71.944  70.089  68.237  66.393  64.561  62.745  60.948  59.171
  85.091  84.932  84.046  82.695  81.094  79.358  77.549  75.700  73.829  71.950  70.070  68.194  66.329  64.476  62.641  60.824  59.030
  85.494  85.324  84.368  82.941  81.275  79.488  77.638  75.754  73.853  71.947  70.042  68.144  66.257  64.385  62.530  60.695  58.883
  85.896  85.714  84.679  83.171  81.441  79.605  77.714  75.797  73.867  71.935  70.006  68.086  66.179  64.287  62.414  60.561  58.731
  86.296  86.101  84.976  83.384  81.591  79.707  77.778  75.828  73.870  71.913  69.962  68.021  66.094  64.183  62.292  60.421  58.574
  86.695  86.482  85.257  83.579  81.724  79.794  77.828  75.848  73.864  71.883  69.910  67.949  66.003  64.074  62.164  60.277  58.413
  87.090  86.857  85.519  83.754  81.840  79.865  77.865  75.856  73.847  71.844  69.850  67.869  65.904  63.958  62.031  60.127  58.247
