   38.453   38.678   38.900   39.122   39.341   39.558   39.772   39.982   40.187   40.387   40.581   40.767   40.946   41.115   41.274   41.421   41.554
   38.301   38.589   38.878   39.168   39.457   39.745   40.030   40.310   40.586   40.855   41.117   41.370   41.613   41.846   42.066   42.273   42.466
   38.107   38.466   38.829   39.193   39.558   39.921   40.281   40.636   40.985   41.326   41.658   41.979   42.287   42.583   42.863   43.128   43.375
   37.876   38.312   38.752   39.195   39.638   40.080   40.519   40.952   41.377   41.792   42.194   42.584   42.959   43.317   43.657   43.978   44.277
   37.619   38.134   38.656   39.181   39.708   40.232   40.753   41.266   41.770   42.262   42.740   43.201   43.643   44.066   44.465   44.839   45.190
   37.342   37.941   38.548   39.159   39.772   40.383   40.989   41.586   42.172   42.743   43.297   43.831   44.343   44.830   45.290   45.721   46.122
   37.048   37.734   38.430   39.131   39.835   40.536   41.230   41.915   42.586   43.240   43.872   44.481   45.063   45.615   46.135   46.622   47.073
   36.737   37.514   38.303   39.098   39.896   40.691   41.479   42.255   43.015   43.753   44.467   45.152   45.806   46.424   47.006   47.547   48.048
   36.409   37.281   38.166   39.061   39.958   40.852   41.737   42.608   43.460   44.287   45.084   45.848   46.574   47.260   47.902   48.499   49.047
   36.063   37.034   38.022   39.019   40.020   41.018   42.005   42.976   43.923   44.841   45.725   46.569   47.370   48.123   48.827   49.477   50.073
   35.699   36.773   37.868   38.974   40.084   41.191   42.285   43.359   44.406   45.419   46.392   47.319   48.195   49.016   49.780   50.484   51.126
   35.297   36.462   37.650   38.851   40.058   41.260   42.447   43.612   44.746   45.841   46.890   47.887   48.826   49.704   50.516   51.261   51.937
   34.859   36.109   37.385   38.678   39.975   41.268   42.545   43.796   45.012   46.183   47.303   48.364   49.361   50.289   51.144   51.924   52.628
   34.393   35.726   37.088   38.469   39.856   41.238   42.602   43.937   45.233   46.479   47.668   48.790   49.841   50.816   51.710   52.521   53.247
   33.905   35.317   36.763   38.230   39.704   41.173   42.622   44.039   45.413   46.731   47.985   49.166   50.268   51.286   52.214   53.052   53.797
   33.446   34.952   36.496   38.064   39.641   41.212   42.762   44.276   45.740   47.143   48.474   49.724   50.886   51.954   52.925   53.796   54.565
   33.038   34.668   36.342   38.044   39.756   41.462   43.143   44.783   46.366   47.879   49.310   50.650   51.890   53.026   54.053   54.971   55.778
   32.600   34.360   36.171   38.015   39.871   41.719   43.539   45.311   47.018   48.645   50.179   51.609   52.928   54.130   55.213   56.174   57.015
   32.130   34.028   35.984   37.978   39.986   41.985   43.951   45.863   47.700   49.445   51.084   52.606   54.003   55.270   56.405   57.408   58.279
   31.629   33.671   35.781   37.934   40.103   42.262   44.383   46.441   48.413   50.280   52.027   53.642   55.117   56.447   57.632   58.672   59.570
   31.092   33.287   35.559   37.882   40.223   42.552   44.837   47.049   49.163   51.156   53.013   54.720   56.272   57.663   58.895   59.969   60.888
   30.519   32.874   35.319   37.822   40.347   42.857   45.316   47.690   49.951   52.075   54.043   55.844   57.471   58.921   60.195   61.298   62.236
   29.905   32.430   35.059   37.754   40.475   43.178   45.822   48.368   50.783   53.041   55.123   57.017   58.717   60.222   61.535   62.662   63.612
   29.249   31.953   34.777   37.678   40.609   43.518   46.358   49.085   51.661   54.058   56.255   58.241   60.011   61.567   62.913   64.060   65.016
   28.545   31.439   34.471   37.593   40.749   43.880   46.929   49.847   52.591   55.130   57.443   59.519   61.356   62.957   64.332   65.492   66.449
   27.790   30.884   34.139   37.498   40.896   44.265   47.538   50.658   53.577   56.261   58.690   60.854   62.754   64.395   65.792   66.958   67.911
   26.979   30.285   33.778   37.393   41.053   44.677   48.190   51.523   54.625   57.457   60.001   62.250   64.206   65.882   67.293   68.459   69.399
   26.106   29.637   33.386   37.276   41.219   45.120   48.889   52.449   55.739   58.723   61.380   63.708   65.715   67.417   68.836   69.993   70.914
   25.165   28.934   32.957   37.146   41.397   45.598   49.642   53.440   56.928   60.064   62.832   65.233   67.282   69.002   70.419   71.561   72.455
   24.149   28.170   32.487   37.002   41.588   46.115   50.455   54.506   58.197   61.485   64.359   66.826   68.909   70.637   72.043   73.160   74.019
   23.049   27.336   31.972   36.841   41.795   46.676   51.336   55.655   59.554   62.993   65.967   68.491   70.597   72.323   73.707   74.790   75.607
   21.856   26.425   31.405   36.661   42.020   47.289   52.293   56.894   61.007   64.595   67.660   70.229   72.346   74.057   75.410   76.450   77.215
   20.560   25.426   30.778   36.460   42.265   47.961   53.338   58.237   62.566   66.296   69.441   72.043   74.157   75.841   77.151   78.136   78.843
   19.148   24.327   30.082   36.235   42.535   48.702   54.482   59.694   64.241   68.105   71.316   73.934   76.030   77.673   78.927   79.849   80.487
   17.606   23.113   29.305   35.980   42.834   49.523   55.741   61.279   66.042   70.027   73.287   75.904   77.964   79.551   80.736   81.584   82.146
   15.920   21.767   28.434   35.690   43.167   50.438   57.130   63.007   67.980   72.069   75.358   77.952   79.958   81.472   82.577   83.340   83.818
   14.071   20.268   27.452   35.360   43.541   51.463   58.671   64.897   70.068   74.238   77.530   80.078   82.010   83.435   84.446   85.114   85.499
   12.040   18.594   26.337   34.979   43.966   52.622   60.388   66.968   72.317   76.541   79.805   82.281   84.117   85.437   86.339   86.903   87.188
    9.804   16.713   25.062   34.537   44.452   53.940   62.309   69.241   74.740   78.980   82.184   84.558   86.276   87.473   88.255   88.703   88.881
    7.340   14.592   23.593   34.020   45.014   55.452   64.470   71.740   77.349   81.561   84.665   86.907   88.483   89.539   90.188   90.512   90.575
    4.622   12.189   21.884   33.405   45.674   57.203   66.910   74.489   80.154   84.285   87.246   89.323   90.733   91.631   92.134   92.326   92.269
    1.624    9.456   19.878   32.666   46.460   59.252   69.679   77.516   83.164   87.152   89.921   91.800   93.020   93.745   94.091   94.142   93.958
   -1.680    6.334   17.497   31.761   47.414   61.675   72.833   80.844   86.385   90.157   92.685   94.330   95.338   95.874   96.052   95.955   95.641
   -5.313    2.760   14.636   30.631   48.595   64.575   76.435   84.496   89.817   93.293   95.528   96.907   97.681   98.013   98.015   97.764   97.315
   -9.293   -1.337   11.158   29.183   50.097   68.091   80.555   88.488   93.455   96.551   98.440   99.521  100.040  100.156   99.973   99.563   98.976
  -13.625   -6.028    6.874   27.266   52.071   72.408   85.260   92.828   97.288   99.915  101.408  102.161  102.409  102.299  101.924  101.350  100.622
  -18.304  -11.371    1.542   24.622   54.779   77.764   90.609   97.506  101.295  103.368  104.418  104.818  104.780  104.434  103.863  103.123  102.252
  -23.300  -17.397   -5.140   20.767   58.705   84.457   96.631  102.496  105.448  106.887  107.455  107.480  107.144  106.556  105.784  104.876  103.862
  -28.563  -24.087  -13.487   14.710   64.839   92.793  103.306  107.749  109.709  110.447  110.502  110.136  109.493  108.659  107.686  106.609  105.451
  -34.019  -31.343  -23.698    4.203   75.411  102.967  110.539  113.192  114.034  114.022  113.541  112.775  111.822  110.739  109.563  108.317  107.016
  -39.577  -38.981  -35.604  -15.899   95.454  114.814  118.152  118.736  118.378  117.585  116.557  115.386  114.121  112.791  111.413  110.000  108.557
  -45.130  -46.747  -48.444  -50.707  129.843  127.592  125.897  124.280  122.689  121.109  119.533  117.959  116.385  114.810  113.233  111.654  110.071
  -50.577  -54.360  -61.009  -84.274  163.170  140.122  133.498  129.723  126.922  124.568  122.455  120.485  118.608  116.792  115.019  113.277  111.558
  -55.825  -61.570  -72.233 -103.070 -177.928  151.349  140.711  134.973  131.035  127.941  125.310  122.957  120.784  118.734  116.770  114.869  113.015
  -60.802  -68.202  -81.623 -112.960 -167.902  160.776  147.359  139.961  134.992  131.209  128.087  125.367  122.909  120.632  118.483  116.427  114.443
  -65.458  -74.165  -89.208 -118.724 -162.029  168.415  153.352  144.637  138.769  134.357  130.776  127.709  124.980  122.485  120.156  117.951  115.839
  -69.767  -79.445  -95.262 -122.423 -158.241  174.531  158.672  148.973  142.346  137.374  133.371  129.979  126.993  124.289  121.789  119.440  117.205
  -73.723  -84.078 -100.102 -124.977 -155.614  179.435  163.350  152.962  145.715  140.252  135.867  132.174  128.946  126.045  123.381  120.893  118.539
  -77.333  -88.123 -104.007 -126.836 -153.689 -176.597  167.445  156.610  148.871  142.987  138.261  134.291  130.837  127.750  124.929  122.309  119.841
  -80.615  -91.651 -107.195 -128.246 -152.221 -173.349  171.026  159.934  151.818  145.580  140.550  136.329  132.666  129.404  126.435  123.688  121.111
  -83.592  -94.732 -109.831 -129.349 -151.063 -170.656  174.161  162.957  154.562  148.030  142.736  138.288  134.433  131.006  127.898  125.030  122.348
  -86.290  -97.431 -112.036 -130.234 -150.127 -168.395  176.913  165.702  157.112  150.341  144.819  140.167  136.136  132.558  129.318  126.336  123.554
  -88.736  -99.804 -113.902 -130.958 -149.353 -166.475  179.340  168.197  159.479  152.519  146.802  141.969  137.777  134.058  130.695  127.605  124.728
  -90.954 -101.898 -115.498 -131.561 -148.703 -164.827 -178.513  170.465  161.676  154.568  148.686  143.694  139.357  135.507  132.029  128.838  125.870
  -92.970 -103.756 -116.876 -132.069 -148.148 -163.399 -176.603  172.532  163.714  156.496  150.476  145.345  140.876  136.908  133.322  130.035  126.982
  -94.804 -105.410 -118.075 -132.503 -147.668 -162.150 -174.897  174.417  165.605  158.309  152.176  146.923  142.337  138.259  134.574  131.196  128.062
  -96.477 -106.890 -119.127 -132.877 -147.248 -161.049 -173.365  176.140  167.362  160.013  153.789  148.432  143.740  139.563  135.785  132.324  129.113
  -98.005 -108.220 -120.056 -133.202 -146.878 -160.072 -171.985  177.720  168.996  161.616  155.320  149.873  145.088  140.820  136.957  133.417  130.134
  -99.405 -109.420 -120.882 -133.487 -146.549 -159.199 -170.735  179.171  170.516  163.124  156.772  151.250  146.383  142.032  138.091  134.477  131.126
 -100.690 -110.506 -121.620 -133.738 -146.254 -158.414 -169.599 -179.493  171.933  164.544  158.151  152.565  147.626  143.201  139.188  135.505  132.089
 -101.872 -111.493 -122.283 -133.960 -145.987 -157.705 -168.562 -178.260  173.255  165.882  159.460  153.822  148.819  144.327  140.248  136.501  133.025
 -102.962 -112.394 -122.881 -134.158 -145.744 -157.060 -167.613 -177.119  174.490  167.142  160.703  155.022  149.965  145.413  141.272  137.466  133.931
 -103.969 -113.217 -123.423 -134.336 -145.523 -156.472 -166.740 -176.061  175.646  168.332  161.884  156.170  151.064  146.459  142.263  138.402  134.814
 -104.901 -113.973 -123.916 -134.495 -145.320 -155.933 -165.936 -175.078  176.729  169.455  163.006  157.266  152.121  147.468  143.221  139.309  135.672
 -105.766 -114.668 -124.366 -134.638 -145.132 -155.437 -165.192 -174.162  177.746  170.517  164.074  158.315  153.135  148.439  144.147  140.188  136.504
 -106.570 -115.310 -124.778 -134.768 -144.958 -154.979 -164.502 -173.307  178.702  171.522  165.090  159.318  154.109  149.376  145.042  141.036  137.313
