 -69.588 -69.539 -69.486 -69.429 -69.368 -69.305 -69.239 -69.171 -69.101 -69.029 -68.956 -68.882 -68.806 -68.730 -68.653 -68.575 -68.496
 -69.889 -69.818 -69.742 -69.663 -69.580 -69.494 -69.406 -69.315 -69.222 -69.127 -69.031 -68.934 -68.837 -68.739 -68.641 -68.543 -68.445
 -70.171 -70.079 -69.982 -69.881 -69.776 -69.668 -69.556 -69.442 -69.326 -69.209 -69.090 -68.970 -68.850 -68.729 -68.609 -68.490 -68.371
 -70.437 -70.324 -70.206 -70.083 -69.956 -69.825 -69.691 -69.554 -69.415 -69.274 -69.132 -68.989 -68.846 -68.703 -68.560 -68.419 -68.279
 -70.692 -70.559 -70.419 -70.275 -70.125 -69.972 -69.814 -69.654 -69.492 -69.327 -69.162 -68.996 -68.830 -68.664 -68.500 -68.337 -68.176
 -70.939 -70.785 -70.624 -70.457 -70.285 -70.108 -69.928 -69.745 -69.559 -69.371 -69.182 -68.993 -68.804 -68.616 -68.429 -68.245 -68.062
 -71.179 -71.004 -70.820 -70.631 -70.436 -70.237 -70.033 -69.826 -69.617 -69.405 -69.193 -68.981 -68.770 -68.559 -68.350 -68.144 -67.941
 -71.412 -71.215 -71.010 -70.798 -70.580 -70.357 -70.129 -69.899 -69.666 -69.431 -69.196 -68.961 -68.727 -68.494 -68.263 -68.036 -67.812
 -71.639 -71.419 -71.192 -70.956 -70.715 -70.468 -70.217 -69.963 -69.707 -69.449 -69.190 -68.932 -68.675 -68.421 -68.169 -67.920 -67.675
 -71.859 -71.617 -71.366 -71.108 -70.843 -70.572 -70.298 -70.020 -69.740 -69.458 -69.177 -68.896 -68.617 -68.340 -68.066 -67.797 -67.532
 -72.072 -71.807 -71.533 -71.251 -70.962 -70.668 -70.370 -70.068 -69.764 -69.460 -69.155 -68.852 -68.550 -68.252 -67.957 -67.667 -67.383
 -72.249 -71.965 -71.671 -71.368 -71.059 -70.744 -70.424 -70.102 -69.777 -69.452 -69.128 -68.804 -68.483 -68.165 -67.852 -67.544 -67.241
 -72.412 -72.109 -71.796 -71.475 -71.146 -70.811 -70.472 -70.129 -69.785 -69.441 -69.097 -68.754 -68.414 -68.078 -67.746 -67.420 -67.100
 -72.568 -72.248 -71.916 -71.576 -71.228 -70.874 -70.515 -70.154 -69.790 -69.427 -69.064 -68.702 -68.344 -67.989 -67.640 -67.296 -66.959
 -72.718 -72.381 -72.032 -71.673 -71.307 -70.934 -70.557 -70.176 -69.794 -69.411 -69.029 -68.650 -68.273 -67.901 -67.534 -67.172 -66.818
 -72.882 -72.526 -72.157 -71.778 -71.391 -70.997 -70.599 -70.198 -69.796 -69.394 -68.992 -68.594 -68.198 -67.808 -67.422 -67.044 -66.672
 -73.069 -72.687 -72.293 -71.890 -71.479 -71.062 -70.640 -70.217 -69.792 -69.368 -68.945 -68.526 -68.111 -67.701 -67.297 -66.900 -66.512
 -73.245 -72.839 -72.420 -71.992 -71.557 -71.116 -70.672 -70.225 -69.778 -69.332 -68.889 -68.449 -68.014 -67.586 -67.164 -66.750 -66.344
 -73.412 -72.981 -72.538 -72.085 -71.626 -71.161 -70.694 -70.225 -69.756 -69.289 -68.825 -68.365 -67.911 -67.463 -67.023 -66.592 -66.170
 -73.570 -73.114 -72.646 -72.169 -71.685 -71.197 -70.707 -70.215 -69.725 -69.236 -68.752 -68.272 -67.799 -67.333 -66.876 -66.428 -65.989
 -73.719 -73.237 -72.744 -72.243 -71.735 -71.224 -70.711 -70.197 -69.685 -69.176 -68.671 -68.172 -67.680 -67.196 -66.722 -66.257 -65.803
 -73.858 -73.351 -72.833 -72.308 -71.776 -71.242 -70.706 -70.171 -69.637 -69.108 -68.583 -68.065 -67.555 -67.053 -66.561 -66.080 -65.610
 -73.989 -73.456 -72.913 -72.363 -71.808 -71.251 -70.693 -70.136 -69.582 -69.032 -68.488 -67.951 -67.422 -66.903 -66.395 -65.897 -65.412
 -74.109 -73.551 -72.984 -72.410 -71.832 -71.251 -70.671 -70.093 -69.518 -68.948 -68.385 -67.830 -67.283 -66.747 -66.222 -65.709 -65.209
 -74.221 -73.637 -73.045 -72.447 -71.846 -71.243 -70.641 -70.042 -69.447 -68.858 -68.275 -67.702 -67.138 -66.585 -66.044 -65.515 -65.000
 -74.322 -73.714 -73.097 -72.475 -71.851 -71.226 -70.603 -69.983 -69.368 -68.760 -68.159 -67.567 -66.986 -66.417 -65.860 -65.316 -64.787
 -74.415 -73.781 -73.140 -72.495 -71.848 -71.201 -70.557 -69.916 -69.282 -68.654 -68.036 -67.427 -66.829 -66.244 -65.671 -65.113 -64.569
 -74.497 -73.838 -73.173 -72.505 -71.835 -71.167 -70.502 -69.842 -69.188 -68.542 -67.906 -67.280 -66.666 -66.064 -65.477 -64.904 -64.346
 -74.570 -73.886 -73.197 -72.506 -71.815 -71.125 -70.440 -69.760 -69.087 -68.423 -67.769 -67.127 -66.497 -65.880 -65.277 -64.690 -64.119
 -74.633 -73.925 -73.212 -72.498 -71.785 -71.075 -70.370 -69.671 -68.980 -68.298 -67.627 -66.968 -66.322 -65.690 -65.073 -64.472 -63.888
 -74.685 -73.953 -73.218 -72.482 -71.747 -71.017 -70.292 -69.574 -68.865 -68.166 -67.478 -66.804 -66.142 -65.496 -64.864 -64.250 -63.652
 -74.728 -73.972 -73.214 -72.456 -71.701 -70.951 -70.207 -69.471 -68.744 -68.028 -67.324 -66.633 -65.957 -65.296 -64.651 -64.023 -63.413
 -74.761 -73.982 -73.201 -72.422 -71.646 -70.877 -70.114 -69.360 -68.616 -67.883 -67.163 -66.458 -65.767 -65.091 -64.433 -63.792 -63.169
 -74.784 -73.981 -73.179 -72.379 -71.584 -70.795 -70.014 -69.242 -68.481 -67.732 -66.997 -66.277 -65.571 -64.882 -64.210 -63.556 -62.922
 -74.796 -73.971 -73.148 -72.327 -71.513 -70.705 -69.906 -69.118 -68.340 -67.576 -66.826 -66.090 -65.371 -64.668 -63.983 -63.317 -62.670
 -74.799 -73.952 -73.107 -72.267 -71.433 -70.608 -69.792 -68.986 -68.193 -67.413 -66.649 -65.899 -65.166 -64.450 -63.753 -63.074 -62.416
 -74.791 -73.923 -73.058 -72.199 -71.346 -70.503 -69.670 -68.849 -68.040 -67.245 -66.466 -65.703 -64.956 -64.227 -63.518 -62.827 -62.158
 -74.773 -73.884 -73.000 -72.122 -71.252 -70.392 -69.542 -68.705 -67.881 -67.071 -66.278 -65.501 -64.742 -64.001 -63.279 -62.577 -61.896
 -74.746 -73.837 -72.933 -72.037 -71.149 -70.272 -69.407 -68.554 -67.715 -66.893 -66.085 -65.295 -64.523 -63.770 -63.036 -62.323 -61.631
 -74.708 -73.779 -72.857 -71.943 -71.039 -70.146 -69.265 -68.398 -67.545 -66.708 -65.888 -65.085 -64.300 -63.535 -62.790 -62.065 -61.363
 -74.660 -73.713 -72.773 -71.842 -70.922 -70.013 -69.117 -68.235 -67.368 -66.518 -65.685 -64.869 -64.073 -63.296 -62.539 -61.804 -61.091
 -74.603 -73.637 -72.680 -71.733 -70.797 -69.873 -68.963 -68.067 -67.186 -66.323 -65.477 -64.650 -63.841 -63.053 -62.286 -61.540 -60.817
 -74.536 -73.553 -72.579 -71.616 -70.665 -69.727 -68.802 -67.893 -66.999 -66.124 -65.265 -64.426 -63.606 -62.807 -62.028 -61.272 -60.539
 -74.459 -73.460 -72.470 -71.492 -70.526 -69.574 -68.636 -67.713 -66.807 -65.919 -65.049 -64.198 -63.367 -62.556 -61.768 -61.002 -60.259
 -74.373 -73.358 -72.353 -71.360 -70.380 -69.414 -68.463 -67.528 -66.610 -65.709 -64.828 -63.965 -63.124 -62.303 -61.504 -60.728 -59.976
 -74.278 -73.247 -72.228 -71.221 -70.228 -69.249 -68.285 -67.337 -66.407 -65.495 -64.602 -63.729 -62.877 -62.046 -61.237 -60.451 -59.689
 -74.174 -73.128 -72.095 -71.075 -70.069 -69.077 -68.101 -67.141 -66.200 -65.277 -64.373 -63.489 -62.626 -61.785 -60.967 -60.172 -59.401
 -74.060 -73.001 -71.955 -70.922 -69.903 -68.899 -67.911 -66.941 -65.988 -65.054 -64.139 -63.245 -62.372 -61.521 -60.693 -59.889 -59.109
 -73.938 -72.866 -71.807 -70.763 -69.731 -68.716 -67.716 -66.735 -65.771 -64.827 -63.902 -62.998 -62.115 -61.254 -60.417 -59.604 -58.815
 -73.808 -72.724 -71.653 -70.596 -69.553 -68.527 -67.516 -66.524 -65.550 -64.595 -63.660 -62.746 -61.854 -60.984 -60.138 -59.316 -58.518
 -73.669 -72.573 -71.491 -70.423 -69.370 -68.332 -67.311 -66.309 -65.324 -64.360 -63.415 -62.491 -61.590 -60.711 -59.856 -59.025 -58.219
 -73.522 -72.415 -71.322 -70.244 -69.180 -68.132 -67.101 -66.089 -65.095 -64.120 -63.166 -62.233 -61.322 -60.435 -59.571 -58.731 -57.918
 -73.367 -72.250 -71.147 -70.058 -68.984 -67.927 -66.887 -65.864 -64.860 -63.877 -62.913 -61.971 -61.052 -60.155 -59.283 -58.436 -57.614
 -73.204 -72.078 -70.966 -69.867 -68.783 -67.716 -66.667 -65.635 -64.622 -63.629 -62.657 -61.706 -60.778 -59.873 -58.993 -58.137 -57.307
 -73.034 -71.899 -70.778 -69.670 -68.577 -67.501 -66.442 -65.402 -64.380 -63.378 -62.397 -61.438 -60.502 -59.589 -58.700 -57.836 -56.999
 -72.857 -71.713 -70.583 -69.467 -68.366 -67.280 -66.214 -65.164 -64.134 -63.124 -62.134 -61.167 -60.222 -59.301 -58.404 -57.533 -56.688
 -72.672 -71.521 -70.383 -69.258 -68.149 -67.055 -65.980 -64.923 -63.884 -62.866 -61.868 -60.893 -59.940 -59.011 -58.106 -57.227 -56.375
 -72.481 -71.322 -70.177 -69.045 -67.927 -66.827 -65.743 -64.677 -63.631 -62.604 -61.599 -60.615 -59.655 -58.718 -57.806 -56.919 -56.060
 -72.283 -71.117 -69.965 -68.826 -67.701 -66.593 -65.501 -64.428 -63.374 -62.339 -61.326 -60.335 -59.367 -58.422 -57.503 -56.609 -55.742
 -72.078 -70.908 -69.748 -68.602 -67.470 -66.355 -65.256 -64.175 -63.113 -62.071 -61.050 -60.052 -59.076 -58.124 -57.198 -56.297 -55.423
 -71.867 -70.691 -69.525 -68.373 -67.234 -66.112 -65.006 -63.918 -62.849 -61.800 -60.772 -59.766 -58.783 -57.824 -56.890 -55.982 -55.102
 -71.651 -70.469 -69.298 -68.139 -66.994 -65.865 -64.753 -63.658 -62.582 -61.525 -60.490 -59.477 -58.487 -57.521 -56.581 -55.666 -54.778
 -71.428 -70.242 -69.065 -67.900 -66.750 -65.615 -64.495 -63.394 -62.311 -61.248 -60.206 -59.186 -58.189 -57.216 -56.269 -55.347 -54.453
 -71.200 -70.009 -68.827 -67.657 -66.502 -65.360 -64.235 -63.127 -62.037 -60.967 -59.919 -58.892 -57.888 -56.909 -55.954 -55.026 -54.126
 -70.967 -69.771 -68.585 -67.410 -66.249 -65.102 -63.970 -62.856 -61.760 -60.684 -59.629 -58.595 -57.585 -56.599 -55.638 -54.704 -53.796
 -70.728 -69.529 -68.338 -67.159 -65.993 -64.840 -63.702 -62.582 -61.480 -60.398 -59.336 -58.296 -57.280 -56.287 -55.320 -54.379 -53.465
 -70.484 -69.282 -68.087 -66.904 -65.732 -64.574 -63.431 -62.305 -61.197 -60.109 -59.041 -57.995 -56.972 -55.973 -54.999 -54.052 -53.133
 -70.235 -69.030 -67.832 -66.644 -65.468 -64.305 -63.157 -62.025 -60.911 -59.817 -58.743 -57.691 -56.662 -55.657 -54.677 -53.724 -52.798
 -69.981 -68.773 -67.572 -66.381 -65.200 -64.032 -62.879 -61.742 -60.623 -59.523 -58.443 -57.385 -56.349 -55.338 -54.353 -53.393 -52.461
 -69.723 -68.513 -67.308 -66.114 -64.929 -63.757 -62.598 -61.456 -60.331 -59.226 -58.140 -57.076 -56.035 -55.018 -54.026 -53.061 -52.123
 -69.460 -68.248 -67.041 -65.843 -64.654 -63.477 -62.315 -61.167 -60.037 -58.926 -57.835 -56.765 -55.718 -54.696 -53.698 -52.727 -51.783
 -69.193 -67.979 -66.770 -65.569 -64.376 -63.195 -62.028 -60.876 -59.741 -58.624 -57.528 -56.452 -55.400 -54.371 -53.368 -52.391 -51.442
 -68.921 -67.706 -66.495 -65.291 -64.095 -62.910 -61.738 -60.582 -59.442 -58.320 -57.218 -56.137 -55.079 -54.045 -53.036 -52.054 -51.099
 -68.646 -67.430 -66.217 -65.009 -63.810 -62.622 -61.446 -60.285 -59.140 -58.013 -56.906 -55.820 -54.756 -53.717 -52.702 -51.714 -50.754
 -68.367 -67.149 -65.935 -64.725 -63.523 -62.330 -61.151 -59.985 -58.836 -57.704 -56.592 -55.501 -54.432 -53.387 -52.367 -51.373 -50.407
 -68.084 -66.867 -65.650 -64.437 -63.232 -62.036 -60.853 -59.683 -58.529 -57.393 -56.276 -55.179 -54.105 -53.055 -52.029 -51.030 -50.059
