 -68.541 -68.586 -68.635 -68.687 -68.743 -68.802 -68.864 -68.928 -68.994 -69.063 -69.133 -69.205 -69.278 -69.353 -69.429 -69.507 -69.586
 -68.213 -68.276 -68.344 -68.415 -68.490 -68.568 -68.650 -68.734 -68.820 -68.909 -69.000 -69.093 -69.187 -69.283 -69.380 -69.477 -69.575
 -67.892 -67.972 -68.056 -68.145 -68.238 -68.334 -68.435 -68.538 -68.645 -68.754 -68.866 -68.980 -69.095 -69.212 -69.330 -69.449 -69.569
 -67.580 -67.675 -67.775 -67.880 -67.990 -68.105 -68.224 -68.346 -68.473 -68.602 -68.734 -68.869 -69.006 -69.145 -69.284 -69.425 -69.567
 -67.271 -67.379 -67.495 -67.616 -67.743 -67.875 -68.012 -68.153 -68.299 -68.448 -68.601 -68.757 -68.915 -69.075 -69.236 -69.399 -69.563
 -66.961 -67.084 -67.215 -67.351 -67.494 -67.643 -67.798 -67.958 -68.122 -68.291 -68.464 -68.640 -68.819 -69.001 -69.184 -69.369 -69.554
 -66.650 -66.787 -66.932 -67.084 -67.243 -67.408 -67.581 -67.758 -67.942 -68.130 -68.322 -68.519 -68.719 -68.921 -69.126 -69.333 -69.541
 -66.338 -66.488 -66.647 -66.814 -66.989 -67.171 -67.359 -67.555 -67.757 -67.964 -68.176 -68.392 -68.613 -68.836 -69.063 -69.291 -69.521
 -66.024 -66.187 -66.360 -66.541 -66.731 -66.929 -67.135 -67.347 -67.567 -67.792 -68.024 -68.260 -68.501 -68.745 -68.993 -69.243 -69.494
 -65.708 -65.884 -66.070 -66.265 -66.470 -66.684 -66.906 -67.136 -67.372 -67.616 -67.866 -68.122 -68.383 -68.648 -68.916 -69.188 -69.461
 -65.390 -65.578 -65.777 -65.987 -66.206 -66.435 -66.673 -66.919 -67.174 -67.435 -67.704 -67.978 -68.259 -68.544 -68.833 -69.126 -69.421
 -65.150 -65.348 -65.558 -65.780 -66.012 -66.254 -66.506 -66.767 -67.037 -67.314 -67.599 -67.892 -68.190 -68.494 -68.803 -69.115 -69.431
 -64.947 -65.155 -65.375 -65.608 -65.852 -66.106 -66.372 -66.647 -66.932 -67.225 -67.526 -67.836 -68.152 -68.474 -68.802 -69.134 -69.470
 -64.766 -64.983 -65.213 -65.456 -65.711 -65.979 -66.257 -66.546 -66.846 -67.154 -67.471 -67.798 -68.132 -68.472 -68.819 -69.172 -69.529
 -64.604 -64.830 -65.070 -65.323 -65.589 -65.869 -66.160 -66.463 -66.776 -67.100 -67.433 -67.776 -68.128 -68.488 -68.854 -69.227 -69.605
 -64.383 -64.618 -64.867 -65.131 -65.409 -65.701 -66.005 -66.322 -66.650 -66.990 -67.338 -67.698 -68.067 -68.445 -68.830 -69.223 -69.622
 -64.043 -64.289 -64.550 -64.826 -65.117 -65.421 -65.739 -66.070 -66.413 -66.768 -67.133 -67.508 -67.894 -68.289 -68.693 -69.104 -69.521
 -63.704 -63.960 -64.232 -64.520 -64.823 -65.140 -65.471 -65.816 -66.173 -66.543 -66.924 -67.315 -67.718 -68.130 -68.551 -68.980 -69.416
 -63.365 -63.631 -63.914 -64.213 -64.527 -64.857 -65.201 -65.559 -65.931 -66.315 -66.712 -67.120 -67.538 -67.967 -68.405 -68.852 -69.306
 -63.025 -63.301 -63.595 -63.905 -64.231 -64.573 -64.929 -65.301 -65.686 -66.085 -66.497 -66.920 -67.354 -67.799 -68.255 -68.719 -69.192
 -62.685 -62.971 -63.274 -63.595 -63.933 -64.286 -64.655 -65.040 -65.439 -65.852 -66.278 -66.716 -67.167 -67.628 -68.100 -68.582 -69.072
 -62.344 -62.640 -62.953 -63.284 -63.633 -63.998 -64.379 -64.776 -65.189 -65.615 -66.056 -66.509 -66.975 -67.452 -67.940 -68.439 -68.947
 -62.003 -62.307 -62.630 -62.972 -63.331 -63.708 -64.101 -64.510 -64.935 -65.376 -65.830 -66.298 -66.779 -67.273 -67.776 -68.292 -68.817
 -61.661 -61.974 -62.307 -62.658 -63.028 -63.415 -63.820 -64.242 -64.679 -65.133 -65.601 -66.083 -66.579 -67.088 -67.608 -68.140 -68.682
 -61.318 -61.640 -61.981 -62.342 -62.722 -63.121 -63.537 -63.971 -64.421 -64.887 -65.369 -65.865 -66.375 -66.899 -67.434 -67.982 -68.541
 -60.974 -61.304 -61.655 -62.025 -62.415 -62.824 -63.252 -63.697 -64.159 -64.638 -65.133 -65.643 -66.167 -66.706 -67.257 -67.820 -68.395
 -60.629 -60.967 -61.327 -61.707 -62.107 -62.526 -62.964 -63.420 -63.895 -64.386 -64.893 -65.417 -65.955 -66.508 -67.075 -67.653 -68.244
 -60.283 -60.630 -60.998 -61.387 -61.796 -62.226 -62.674 -63.142 -63.627 -64.131 -64.651 -65.187 -65.740 -66.307 -66.888 -67.481 -68.088
 -59.936 -60.291 -60.667 -61.065 -61.484 -61.923 -62.382 -62.860 -63.357 -63.873 -64.405 -64.954 -65.520 -66.101 -66.696 -67.304 -67.927
 -59.588 -59.950 -60.335 -60.742 -61.170 -61.619 -62.088 -62.577 -63.085 -63.611 -64.156 -64.718 -65.296 -65.891 -66.500 -67.124 -67.760
 -59.239 -59.609 -60.002 -60.417 -60.854 -61.312 -61.791 -62.291 -62.810 -63.348 -63.904 -64.478 -65.069 -65.677 -66.300 -66.938 -67.589
 -58.889 -59.266 -59.667 -60.091 -60.536 -61.004 -61.493 -62.002 -62.532 -63.081 -63.649 -64.235 -64.838 -65.459 -66.095 -66.747 -67.412
 -58.538 -58.923 -59.331 -59.763 -60.217 -60.694 -61.192 -61.711 -62.251 -62.811 -63.390 -63.988 -64.604 -65.237 -65.887 -66.552 -67.232
 -58.186 -58.578 -58.994 -59.433 -59.896 -60.382 -60.889 -61.418 -61.968 -62.539 -63.129 -63.738 -64.366 -65.012 -65.674 -66.353 -67.047
 -57.833 -58.232 -58.655 -59.103 -59.574 -60.068 -60.584 -61.123 -61.683 -62.264 -62.865 -63.485 -64.125 -64.782 -65.457 -66.149 -66.856
 -57.479 -57.885 -58.315 -58.770 -59.250 -59.752 -60.278 -60.826 -61.395 -61.986 -62.598 -63.229 -63.880 -64.549 -65.236 -65.941 -66.661
 -57.124 -57.536 -57.974 -58.437 -58.924 -59.435 -59.969 -60.526 -61.105 -61.706 -62.328 -62.970 -63.632 -64.313 -65.012 -65.728 -66.462
 -56.768 -57.187 -57.632 -58.102 -58.597 -59.116 -59.658 -60.224 -60.813 -61.424 -62.056 -62.708 -63.381 -64.073 -64.784 -65.512 -66.258
 -56.411 -56.836 -57.288 -57.765 -58.268 -58.795 -59.346 -59.921 -60.518 -61.139 -61.780 -62.443 -63.127 -63.830 -64.552 -65.292 -66.050
 -56.053 -56.485 -56.943 -57.428 -57.937 -58.472 -59.032 -59.615 -60.222 -60.851 -61.503 -62.175 -62.869 -63.583 -64.316 -65.068 -65.838
 -55.694 -56.132 -56.597 -57.088 -57.606 -58.148 -58.716 -59.307 -59.923 -60.561 -61.222 -61.905 -62.609 -63.333 -64.077 -64.840 -65.621
 -55.335 -55.779 -56.250 -56.748 -57.272 -57.822 -58.398 -58.998 -59.622 -60.269 -60.939 -61.632 -62.345 -63.080 -63.835 -64.608 -65.401
 -54.974 -55.424 -55.901 -56.406 -56.938 -57.495 -58.078 -58.686 -59.319 -59.975 -60.654 -61.356 -62.079 -62.824 -63.589 -64.373 -65.177
 -54.612 -55.068 -55.552 -56.063 -56.602 -57.166 -57.757 -58.373 -59.014 -59.678 -60.366 -61.077 -61.810 -62.565 -63.340 -64.135 -64.949
 -54.250 -54.711 -55.201 -55.719 -56.264 -56.836 -57.434 -58.058 -58.707 -59.380 -60.076 -60.796 -61.538 -62.302 -63.087 -63.892 -64.717
 -53.886 -54.353 -54.849 -55.374 -55.925 -56.504 -57.110 -57.741 -58.398 -59.079 -59.784 -60.513 -61.264 -62.037 -62.832 -63.647 -64.482
 -53.522 -53.995 -54.496 -55.027 -55.585 -56.171 -56.784 -57.422 -58.087 -58.776 -59.490 -60.227 -60.987 -61.769 -62.573 -63.398 -64.243
 -53.156 -53.635 -54.143 -54.679 -55.244 -55.836 -56.456 -57.102 -57.774 -58.471 -59.193 -59.939 -60.708 -61.499 -62.312 -63.146 -64.001
 -52.790 -53.274 -53.787 -54.330 -54.901 -55.500 -56.127 -56.780 -57.460 -58.164 -58.894 -59.648 -60.426 -61.226 -62.048 -62.891 -63.755
 -52.423 -52.912 -53.431 -53.980 -54.557 -55.163 -55.796 -56.456 -57.143 -57.856 -58.593 -59.355 -60.141 -60.950 -61.781 -62.633 -63.506
 -52.055 -52.550 -53.074 -53.628 -54.212 -54.824 -55.464 -56.131 -56.825 -57.545 -58.291 -59.060 -59.854 -60.671 -61.511 -62.372 -63.254
 -51.686 -52.186 -52.716 -53.276 -53.865 -54.484 -55.130 -55.804 -56.506 -57.233 -57.986 -58.763 -59.565 -60.390 -61.238 -62.108 -62.999
 -51.317 -51.821 -52.357 -52.922 -53.518 -54.142 -54.795 -55.476 -56.184 -56.919 -57.679 -58.464 -59.274 -60.107 -60.963 -61.841 -62.740
 -50.946 -51.456 -51.996 -52.568 -53.169 -53.800 -54.459 -55.146 -55.861 -56.603 -57.370 -58.163 -58.980 -59.821 -60.685 -61.571 -62.479
 -50.575 -51.089 -51.635 -52.212 -52.819 -53.456 -54.121 -54.815 -55.537 -56.285 -57.060 -57.860 -58.684 -59.533 -60.405 -61.299 -62.215
 -50.203 -50.722 -51.273 -51.855 -52.468 -53.110 -53.782 -54.482 -55.210 -55.966 -56.747 -57.554 -58.387 -59.243 -60.122 -61.024 -61.948
 -49.830 -50.354 -50.910 -51.497 -52.115 -52.764 -53.442 -54.148 -54.883 -55.645 -56.433 -57.247 -58.087 -58.950 -59.837 -60.747 -61.678
 -49.456 -49.985 -50.546 -51.138 -51.762 -52.416 -53.100 -53.812 -54.553 -55.322 -56.117 -56.938 -57.785 -58.655 -59.550 -60.467 -61.406
 -49.081 -49.615 -50.181 -50.778 -51.407 -52.067 -52.757 -53.475 -54.223 -54.998 -55.799 -56.627 -57.481 -58.359 -59.260 -60.184 -61.131
 -48.706 -49.244 -49.815 -50.417 -51.052 -51.717 -52.412 -53.137 -53.891 -54.672 -55.480 -56.315 -57.175 -58.060 -58.968 -59.900 -60.853
 -48.330 -48.872 -49.448 -50.055 -50.695 -51.366 -52.067 -52.797 -53.557 -54.344 -55.159 -56.000 -56.867 -57.759 -58.674 -59.613 -60.573
 -47.952 -48.499 -49.080 -49.692 -50.337 -51.013 -51.720 -52.456 -53.222 -54.016 -54.837 -55.684 -56.557 -57.456 -58.378 -59.323 -60.291
 -47.575 -48.126 -48.711 -49.329 -49.978 -50.660 -51.372 -52.114 -52.885 -53.685 -54.512 -55.366 -56.246 -57.151 -58.080 -59.032 -60.006
 -47.196 -47.752 -48.341 -48.964 -49.619 -50.305 -51.023 -51.771 -52.548 -53.353 -54.187 -55.047 -55.933 -56.844 -57.779 -58.738 -59.719
 -46.816 -47.376 -47.970 -48.598 -49.258 -49.950 -50.673 -51.426 -52.209 -53.020 -53.859 -54.726 -55.618 -56.535 -57.477 -58.442 -59.429
 -46.436 -47.000 -47.599 -48.231 -48.896 -49.593 -50.321 -51.080 -51.868 -52.685 -53.531 -54.403 -55.301 -56.225 -57.173 -58.144 -59.137
 -46.055 -46.623 -47.226 -47.863 -48.533 -49.235 -49.968 -50.732 -51.526 -52.349 -53.200 -54.079 -54.983 -55.913 -56.867 -57.844 -58.844
 -45.673 -46.246 -46.853 -47.494 -48.169 -48.876 -49.615 -50.384 -51.183 -52.012 -52.869 -53.753 -54.663 -55.599 -56.559 -57.542 -58.548
 -45.290 -45.867 -46.479 -47.125 -47.804 -48.516 -49.260 -50.034 -50.839 -51.673 -52.536 -53.425 -54.341 -55.283 -56.249 -57.238 -58.250
 -44.907 -45.488 -46.103 -46.754 -47.438 -48.155 -48.904 -49.684 -50.494 -51.333 -52.201 -53.096 -54.018 -54.965 -55.937 -56.932 -57.950
 -44.522 -45.107 -45.727 -46.382 -47.071 -47.793 -48.546 -49.332 -50.147 -50.992 -51.865 -52.766 -53.694 -54.646 -55.624 -56.625 -57.648
 -44.137 -44.726 -45.351 -46.010 -46.703 -47.429 -48.188 -48.978 -49.799 -50.649 -51.528 -52.434 -53.367 -54.326 -55.309 -56.315 -57.344
 -43.752 -44.344 -44.973 -45.636 -46.334 -47.065 -47.829 -48.624 -49.450 -50.305 -51.189 -52.101 -53.040 -54.004 -54.992 -56.004 -57.038
 -43.365 -43.962 -44.594 -45.262 -45.964 -46.700 -47.469 -48.269 -49.100 -49.960 -50.850 -51.767 -52.710 -53.680 -54.674 -55.691 -56.730
 -42.977 -43.578 -44.215 -44.887 -45.594 -46.334 -47.107 -47.912 -48.748 -49.614 -50.508 -51.431 -52.380 -53.354 -54.354 -55.376 -56.421
 -42.589 -43.194 -43.834 -44.511 -45.222 -45.967 -46.745 -47.555 -48.395 -49.266 -50.166 -51.093 -52.048 -53.028 -54.032 -55.060 -56.110
