  164.067  163.779  163.539  163.341  163.179  163.052  162.958  162.896  162.863  162.861  162.888  162.945  163.031  163.149  163.299  163.485  163.711
  161.588  161.317  161.086  160.894  160.738  160.618  160.532  160.479  160.459  160.470  160.513  160.586  160.690  160.823  160.986  161.180  161.404
  159.255  158.975  158.738  158.543  158.390  158.276  158.201  158.163  158.162  158.196  158.265  158.367  158.502  158.668  158.865  159.092  159.349
  157.058  156.764  156.519  156.323  156.175  156.071  156.012  155.995  156.019  156.083  156.185  156.323  156.497  156.705  156.946  157.218  157.522
  154.897  154.593  154.346  154.155  154.017  153.930  153.893  153.903  153.959  154.059  154.200  154.381  154.600  154.856  155.146  155.470  155.826
  152.738  152.430  152.188  152.008  151.888  151.826  151.818  151.862  151.956  152.098  152.284  152.513  152.782  153.089  153.433  153.812  154.223
  150.563  150.261  150.031  149.871  149.777  149.746  149.775  149.860  149.998  150.187  150.423  150.704  151.027  151.390  151.791  152.227  152.697
  148.367  148.079  147.871  147.740  147.680  147.688  147.760  147.892  148.080  148.321  148.611  148.948  149.329  149.751  150.210  150.706  151.235
  146.148  145.884  145.708  145.613  145.596  145.650  145.772  145.956  146.200  146.497  146.846  147.242  147.683  148.165  148.686  149.242  149.833
  143.907  143.678  143.542  143.493  143.526  143.633  143.811  144.054  144.357  144.715  145.125  145.584  146.087  146.631  147.214  147.832  148.484
  141.647  141.462  141.376  141.382  141.472  141.640  141.879  142.185  142.551  142.974  143.448  143.971  144.538  145.145  145.791  146.472  147.185
  140.132  139.967  139.910  139.950  140.079  140.290  140.575  140.930  141.347  141.822  142.351  142.928  143.550  144.215  144.918  145.657  146.429
  138.992  138.833  138.792  138.855  139.014  139.260  139.585  139.982  140.444  140.967  141.544  142.173  142.848  143.567  144.326  145.122  145.961
  138.069  137.907  137.874  137.955  138.138  138.415  138.774  139.210  139.715  140.282  140.907  141.585  142.312  143.084  143.899  144.753  145.655
  137.344  137.169  137.136  137.227  137.430  137.731  138.122  138.594  139.138  139.748  140.418  141.144  141.921  142.747  143.617  144.540  145.495
  135.961  135.816  135.820  135.955  136.204  136.556  136.998  137.523  138.120  138.785  139.510  140.291  141.124  142.006  142.933  143.914  144.927
  133.346  133.319  133.434  133.674  134.024  134.471  135.003  135.613  136.291  137.032  137.830  138.680  139.578  140.521  141.515  142.541  143.605
  130.788  130.883  131.113  131.462  131.913  132.456  133.079  133.774  134.534  135.351  136.221  137.140  138.103  139.115  140.159  141.239  142.353
  128.285  128.506  128.855  129.314  129.869  130.509  131.223  132.003  132.844  133.737  134.679  135.665  136.692  137.765  138.865  139.999  141.164
  125.839  126.190  126.658  127.229  127.888  128.625  129.430  130.296  131.216  132.185  133.198  134.251  135.349  136.474  137.630  138.817  140.032
  123.450  123.933  124.523  125.206  125.970  126.803  127.699  128.649  129.648  130.691  131.774  132.900  134.053  135.236  136.448  137.687  138.952
  121.121  121.737  122.449  123.245  124.112  125.042  126.027  127.060  128.137  129.253  130.404  131.595  132.809  134.050  135.316  136.606  137.919
  118.853  119.602  120.437  121.344  122.314  123.338  124.411  125.527  126.680  127.868  129.093  130.340  131.613  132.910  134.229  135.569  136.929
  116.647  117.530  118.485  119.502  120.574  121.692  122.851  124.047  125.275  126.532  127.823  129.132  130.463  131.815  133.186  134.575  135.981
  114.506  115.520  116.594  117.720  118.891  120.100  121.344  122.618  123.919  125.251  126.600  127.969  129.356  130.761  132.182  133.619  135.071
  112.429  113.572  114.763  115.996  117.263  118.562  119.888  121.239  122.611  124.010  125.421  126.848  128.290  129.747  131.217  132.701  134.196
  110.418  111.688  112.993  114.328  115.691  117.076  118.483  119.907  121.355  122.812  124.283  125.767  127.263  128.770  130.288  131.817  133.355
  108.474  109.866  111.281  112.717  114.171  115.641  117.125  118.622  120.136  121.656  123.186  124.725  126.273  127.829  129.393  130.965  132.545
  106.594  108.105  109.628  111.161  112.704  114.255  115.814  117.386  118.960  120.540  122.127  123.719  125.317  126.921  128.530  130.145  131.765
  104.780  106.405  108.031  109.658  111.286  112.916  114.548  116.187  117.824  119.463  121.104  122.748  124.395  126.045  127.698  129.354  131.014
  103.031  104.765  106.490  108.207  109.918  111.624  113.330  115.030  116.727  118.423  120.117  121.811  123.505  125.199  126.894  128.590  130.288
  101.344  103.183  105.003  106.807  108.597  110.375  112.150  113.912  115.667  117.417  119.163  120.905  122.645  124.382  126.118  127.853  129.588
   99.719  101.659  103.569  105.455  107.321  109.175  111.009  112.832  114.643  116.446  118.241  120.030  121.814  123.593  125.368  127.141  128.913
   98.155  100.189  102.186  104.152  106.090  108.011  109.908  111.788  113.654  115.507  117.350  119.184  121.010  122.830  124.644  126.453  128.259
   96.649   98.774  100.853  102.894  104.906  106.887  108.843  110.779  112.697  114.599  116.488  118.365  120.233  122.092  123.943  125.788  127.628
   95.200   97.410   99.568  101.680  103.759  105.801  107.815  109.804  111.772  113.721  115.654  117.574  119.481  121.377  123.265  125.144  127.017
   93.806   96.097   98.328  100.513  102.651  104.752  106.820  108.861  110.877  112.871  114.847  116.807  118.753  120.686  122.608  124.521  126.426
   92.465   94.832   97.133   99.383  101.582  103.739  105.859  107.949  110.011  112.049  114.066  116.065  118.048  120.016  121.973  123.918  125.854
   91.174   93.613   95.981   98.293  100.549  102.759  104.930  107.066  109.173  111.253  113.310  115.346  117.365  119.368  121.357  123.333  125.299
   89.933   92.439   94.874   97.240   99.551  101.812  104.031  106.212  108.362  110.482  112.577  114.650  116.703  118.739  120.760  122.767  124.762
   88.738   91.308   93.802   96.224   98.586  100.896  103.161  105.386  107.576  109.735  111.867  113.975  116.062  118.130  120.181  122.218  124.241
   87.588   90.222   92.769   95.243   97.654  100.011  102.319  104.586  106.815  109.011  111.179  113.321  115.440  117.539  119.620  121.685  123.736
   86.481   89.171   91.771   94.295   96.753   99.154  101.504  103.810  106.077  108.309  110.511  112.686  114.836  116.965  119.075  121.168  123.246
   85.419   88.159   90.808   93.379   95.882   98.325  100.715  103.059  105.362  107.629  109.864  112.070  114.250  116.408  118.546  120.666  122.770
   84.393   87.182   89.878   92.494   95.039   97.522   99.951  102.331  104.669  106.969  109.235  111.472  113.682  115.868  118.033  120.179  122.308
   83.404   86.239   88.980   91.638   94.223   96.745   99.210  101.625  103.996  106.328  108.625  110.891  113.129  115.343  117.534  119.705  121.859
   82.451   85.330   88.112   90.810   93.434   95.992   98.492  100.940  103.343  105.706  108.033  110.327  112.593  114.832  117.049  119.245  121.423
   81.532   84.452   87.273   90.009   92.669   95.262   97.795  100.276  102.710  105.102  107.457  109.779  112.071  114.336  116.578  118.798  120.999
   80.645   83.603   86.462   89.234   91.928   94.554   97.120   99.631  102.095  104.515  106.898  109.246  111.564  113.854  116.120  118.363  120.587
   79.789   82.784   85.678   88.483   91.210   93.868   96.464   99.005  101.497  103.945  106.354  108.728  111.071  113.385  115.674  117.941  120.186
   78.963   81.991   84.918   87.756   90.515   93.203   95.828   98.397  100.916  103.391  105.826  108.224  110.591  112.929  115.241  117.529  119.796
   78.165   81.225   84.183   87.052   89.840   92.557   95.210   97.806  100.352  102.852  105.311  107.734  110.124  112.485  114.818  117.128  119.417
   77.393   80.483   83.471   86.369   89.185   91.929   94.610   97.232   99.803  102.328  104.811  107.257  109.670  112.052  114.408  116.738  119.047
   76.647   79.766   82.781   85.706   88.550   91.320   94.026   96.674   99.269  101.818  104.324  106.793  109.227  111.631  114.007  116.359  118.688
   75.926   79.070   82.113   85.064   87.933   90.729   93.459   96.131   98.750  101.321  103.850  106.340  108.796  111.221  113.617  115.989  118.337
   75.228   78.397   81.464   84.440   87.333   90.153   92.908   95.602   98.244  100.837  103.388  105.899  108.376  110.821  113.237  115.628  117.996
   74.551   77.744   80.835   83.834   86.751   89.594   92.371   95.088   97.751  100.366  102.938  105.470  107.967  110.431  112.867  115.277  117.663
   73.896   77.111   80.224   83.246   86.185   89.050   91.849   94.587   97.272   99.908  102.499  105.051  107.567  110.051  112.506  114.934  117.339
   73.261   76.497   79.631   82.674   85.635   88.521   91.341   94.100   96.805   99.460  102.072  104.643  107.178  109.681  112.154  114.600  117.022
   72.645   75.900   79.055   82.118   85.099   88.006   90.845   93.625   96.349   99.024  101.655  104.245  106.798  109.319  111.810  114.274  116.714
   72.047   75.321   78.495   81.578   84.578   87.504   90.363   93.161   95.905   98.599  101.248  103.856  106.428  108.966  111.475  113.956  116.413
   71.467   74.759   77.950   81.052   84.071   87.015   89.893   92.710   95.472   98.184  100.851  103.477  106.066  108.622  111.147  113.646  116.119
   70.903   74.212   77.421   80.540   83.576   86.539   89.435   92.270   95.049   97.779  100.463  103.106  105.713  108.285  110.828  113.343  115.833
   70.356   73.680   76.905   80.041   83.095   86.075   88.988   91.840   94.637   97.383  100.085  102.745  105.368  107.957  110.516  113.047  115.553
   69.823   73.162   76.403   79.555   82.626   85.622   88.552   91.421   94.234   96.997   99.715  102.392  105.031  107.636  110.211  112.758  115.280
   69.305   72.659   75.915   79.082   82.168   85.181   88.126   91.011   93.841   96.620   99.354  102.047  104.702  107.323  109.913  112.476  115.013
   68.801   72.168   75.438   78.620   81.722   84.750   87.711   90.612   93.457   96.252   99.001  101.709  104.380  107.016  109.622  112.200  114.753
   68.310   71.690   74.974   78.170   81.286   84.329   87.305   90.221   93.081   95.892   98.656  101.380  104.065  106.717  109.338  111.931  114.499
   67.832   71.224   74.521   77.731   80.861   83.918   86.909   89.839   92.715   95.540   98.319  101.057  103.758  106.424  109.060  111.667  114.250
   67.366   70.770   74.079   77.302   80.445   83.517   86.522   89.466   92.356   95.195   97.989  100.742  103.457  106.138  108.788  111.410  114.007
   66.912   70.327   73.648   76.883   80.040   83.124   86.143   89.101   92.005   94.859   97.667  100.433  103.162  105.857  108.522  111.158  113.769
   66.469   69.894   73.227   76.474   79.643   82.741   85.773   88.745   91.662   94.529   97.351  100.132  102.874  105.583  108.261  110.912  113.537
   66.036   69.472   72.816   76.075   79.256   82.366   85.410   88.396   91.326   94.207   97.042   99.836  102.593  105.315  108.007  110.671  113.310
   65.614   69.059   72.414   75.684   78.877   81.999   85.056   88.054   90.997   93.891   96.739   99.547  102.317  105.052  107.758  110.435  113.088
   65.201   68.656   72.020   75.302   78.506   81.640   84.709   87.719   90.675   93.582   96.443   99.263  102.046  104.795  107.514  110.205  112.871
   64.798   68.262   71.636   74.928   78.143   81.288   84.370   87.392   90.360   93.279   96.153   98.986  101.782  104.544  107.275  109.979  112.659
