  43.592  43.671  43.743  43.808  43.868  43.923  43.972  44.016  44.054  44.087  44.115  44.137  44.152  44.162  44.164  44.159  44.145
  43.933  44.021  44.104  44.181  44.254  44.321  44.382  44.438  44.489  44.533  44.572  44.604  44.631  44.650  44.663  44.668  44.666
  44.234  44.337  44.435  44.527  44.614  44.697  44.773  44.842  44.905  44.961  45.011  45.053  45.088  45.116  45.136  45.149  45.153
  44.498  44.618  44.735  44.844  44.947  45.043  45.133  45.216  45.291  45.359  45.419  45.471  45.514  45.550  45.576  45.594  45.603
  44.746  44.885  45.017  45.143  45.262  45.374  45.478  45.575  45.663  45.742  45.813  45.874  45.926  45.969  46.001  46.024  46.036
  44.982  45.139  45.289  45.433  45.568  45.696  45.815  45.925  46.026  46.117  46.198  46.269  46.330  46.379  46.418  46.445  46.460
  45.210  45.386  45.554  45.715  45.868  46.011  46.145  46.270  46.384  46.487  46.579  46.659  46.728  46.784  46.829  46.860  46.879
  45.431  45.627  45.814  45.993  46.162  46.322  46.471  46.610  46.737  46.852  46.955  47.045  47.122  47.186  47.236  47.272  47.294
  45.648  45.863  46.069  46.266  46.452  46.629  46.794  46.947  47.087  47.215  47.329  47.429  47.514  47.585  47.641  47.681  47.706
  45.861  46.095  46.320  46.535  46.740  46.932  47.113  47.281  47.435  47.575  47.700  47.810  47.904  47.982  48.043  48.088  48.116
  46.070  46.324  46.568  46.802  47.024  47.233  47.430  47.612  47.780  47.933  48.069  48.189  48.292  48.377  48.444  48.494  48.524
  46.176  46.450  46.713  46.964  47.203  47.428  47.639  47.835  48.015  48.178  48.324  48.452  48.562  48.652  48.723  48.774  48.805
  46.227  46.521  46.802  47.072  47.327  47.568  47.793  48.002  48.193  48.367  48.522  48.657  48.772  48.866  48.940  48.991  49.021
  46.243  46.557  46.859  47.146  47.418  47.675  47.914  48.136  48.339  48.522  48.685  48.827  48.947  49.045  49.120  49.171  49.198
  46.228  46.564  46.885  47.191  47.481  47.753  48.007  48.241  48.455  48.648  48.819  48.967  49.092  49.192  49.267  49.316  49.339
  46.302  46.658  46.999  47.323  47.629  47.917  48.186  48.434  48.660  48.864  49.044  49.200  49.331  49.435  49.513  49.563  49.585
  46.543  46.918  47.276  47.618  47.941  48.246  48.530  48.793  49.033  49.250  49.442  49.609  49.750  49.863  49.948  50.004  50.031
  46.776  47.169  47.546  47.905  48.246  48.567  48.867  49.145  49.400  49.630  49.834  50.012  50.162  50.284  50.377  50.439  50.470
  47.001  47.413  47.808  48.185  48.544  48.882  49.198  49.492  49.761  50.004  50.221  50.410  50.570  50.701  50.800  50.869  50.905
  47.219  47.650  48.064  48.460  48.836  49.191  49.524  49.833  50.117  50.374  50.603  50.804  50.974  51.113  51.220  51.294  51.334
  47.431  47.881  48.314  48.729  49.123  49.496  49.845  50.170  50.469  50.740  50.982  51.194  51.374  51.521  51.636  51.715  51.760
  47.637  48.107  48.559  48.993  49.406  49.796  50.163  50.504  50.817  51.102  51.357  51.580  51.770  51.927  52.048  52.134  52.183
  47.838  48.328  48.800  49.252  49.684  50.092  50.476  50.833  51.162  51.461  51.729  51.964  52.164  52.330  52.459  52.550  52.603
  48.034  48.544  49.036  49.508  49.958  50.384  50.786  51.159  51.504  51.817  52.098  52.345  52.556  52.730  52.866  52.964  53.021
  48.226  48.756  49.267  49.759  50.228  50.673  51.092  51.482  51.843  52.171  52.465  52.724  52.945  53.129  53.272  53.375  53.437
  48.412  48.963  49.495  50.006  50.495  50.958  51.395  51.803  52.179  52.522  52.829  53.100  53.333  53.525  53.677  53.786  53.851
  48.595  49.166  49.718  50.250  50.758  51.241  51.695  52.120  52.512  52.870  53.192  53.475  53.718  53.920  54.079  54.194  54.264
  48.773  49.365  49.938  50.490  51.018  51.519  51.992  52.435  52.843  53.216  53.552  53.848  54.102  54.314  54.480  54.601  54.676
  48.947  49.561  50.154  50.727  51.274  51.795  52.287  52.747  53.172  53.561  53.910  54.219  54.485  54.706  54.880  55.007  55.086
  49.118  49.752  50.367  50.960  51.528  52.068  52.578  53.056  53.498  53.903  54.267  54.589  54.866  55.096  55.279  55.412  55.495
  49.284  49.940  50.576  51.189  51.778  52.338  52.867  53.363  53.823  54.243  54.622  54.957  55.246  55.486  55.677  55.816  55.903
  49.447  50.124  50.781  51.416  52.025  52.605  53.154  53.668  54.145  54.581  54.975  55.324  55.624  55.875  56.074  56.219  56.311
  49.606  50.305  50.983  51.639  52.269  52.869  53.437  53.970  54.465  54.918  55.327  55.689  56.001  56.262  56.470  56.622  56.718
  49.761  50.482  51.182  51.859  52.510  53.131  53.719  54.270  54.783  55.253  55.677  56.053  56.378  56.649  56.865  57.024  57.124
  49.912  50.655  51.377  52.076  52.748  53.389  53.997  54.568  55.099  55.585  56.025  56.415  56.753  57.035  57.260  57.425  57.530
  50.060  50.825  51.569  52.289  52.982  53.645  54.273  54.863  55.412  55.916  56.372  56.777  57.127  57.420  57.653  57.826  57.935
  50.204  50.991  51.757  52.500  53.214  53.898  54.546  55.156  55.724  56.246  56.718  57.137  57.500  57.804  58.047  58.226  58.340
  50.344  51.153  51.942  52.707  53.443  54.148  54.817  55.447  56.034  56.573  57.062  57.496  57.872  58.188  58.439  58.625  58.744
  50.480  51.312  52.124  52.910  53.669  54.395  55.085  55.735  56.341  56.899  57.404  57.854  58.243  58.570  58.831  59.025  59.148
  50.613  51.468  52.302  53.111  53.891  54.639  55.351  56.021  56.647  57.223  57.745  58.210  58.614  58.952  59.223  59.424  59.552
  50.742  51.620  52.476  53.308  54.111  54.881  55.614  56.305  56.950  57.545  58.085  58.565  58.983  59.334  59.614  59.822  59.955
  50.868  51.768  52.647  53.502  54.327  55.119  55.874  56.586  57.252  57.865  58.423  58.920  59.351  59.714  60.005  60.220  60.359
  50.989  51.912  52.815  53.692  54.540  55.355  56.131  56.865  57.551  58.184  58.759  59.272  59.719  60.094  60.395  60.618  60.762
  51.107  52.053  52.979  53.879  54.750  55.588  56.386  57.141  57.848  58.500  59.094  59.624  60.085  60.474  60.785  61.016  61.165
  51.222  52.191  53.139  54.063  54.957  55.817  56.638  57.415  58.143  58.815  59.428  59.975  60.451  60.852  61.174  61.414  61.568
  51.332  52.324  53.296  54.243  55.160  56.044  56.887  57.686  58.435  59.128  59.759  60.324  60.816  61.231  61.564  61.811  61.970
  51.439  52.454  53.449  54.420  55.360  56.267  57.134  57.955  58.725  59.439  60.090  60.672  61.180  61.608  61.952  62.208  62.373
  51.541  52.580  53.599  54.593  55.557  56.487  57.377  58.221  59.013  59.748  60.418  61.018  61.542  61.985  62.341  62.605  62.776
  51.640  52.702  53.745  54.762  55.751  56.704  57.617  58.484  59.299  60.054  60.745  61.364  61.904  62.361  62.728  63.002  63.178
  51.736  52.821  53.887  54.928  55.940  56.918  57.854  58.745  59.582  60.359  61.070  61.708  62.265  62.737  63.116  63.399  63.581
  51.827  52.936  54.025  55.091  56.127  57.128  58.089  59.002  59.862  60.662  61.393  62.050  62.625  63.111  63.503  63.795  63.984
  51.914  53.046  54.160  55.249  56.310  57.335  58.320  59.257  60.140  60.962  61.715  62.391  62.984  63.486  63.890  64.192  64.386
  51.997  53.153  54.290  55.404  56.489  57.539  58.548  59.509  60.416  61.260  62.034  62.731  63.342  63.859  64.277  64.588  64.789
  52.077  53.256  54.417  55.555  56.664  57.739  58.772  59.758  60.688  61.556  62.352  63.069  63.698  64.232  64.663  64.984  65.192
  52.152  53.355  54.540  55.702  56.836  57.935  58.993  60.003  60.958  61.849  62.668  63.405  64.054  64.604  65.049  65.381  65.594
  52.223  53.450  54.659  55.845  57.004  58.128  59.211  60.246  61.225  62.140  62.981  63.740  64.408  64.975  65.434  65.777  65.997
  52.290  53.541  54.774  55.985  57.168  58.317  59.425  60.485  61.489  62.428  63.293  64.074  64.761  65.346  65.819  66.173  66.400
  52.354  53.627  54.885  56.120  57.328  58.502  59.636  60.722  61.750  62.714  63.602  64.405  65.113  65.716  66.204  66.568  66.803
  52.413  53.710  54.991  56.251  57.484  58.684  59.843  60.954  62.008  62.997  63.909  64.735  65.464  66.085  66.588  66.964  67.207
  52.467  53.788  55.094  56.379  57.637  58.862  60.047  61.183  62.263  63.277  64.214  65.063  65.813  66.453  66.972  67.360  67.610
  52.518  53.863  55.192  56.502  57.785  59.035  60.246  61.409  62.515  63.554  64.516  65.389  66.161  66.820  67.355  67.756  68.013
  52.565  53.933  55.286  56.620  57.929  59.205  60.442  61.631  62.763  63.829  64.816  65.713  66.507  67.186  67.738  68.151  68.417
  52.607  53.999  55.376  56.735  58.069  59.371  60.634  61.849  63.008  64.100  65.113  66.034  66.852  67.551  68.120  68.547  68.821
  52.645  54.060  55.462  56.845  58.204  59.532  60.822  62.064  63.250  64.368  65.407  66.354  67.195  67.915  68.502  68.942  69.225
  52.679  54.117  55.543  56.951  58.335  59.689  61.005  62.275  63.488  64.633  65.699  66.671  67.536  68.278  68.883  69.337  69.629
  52.709  54.170  55.620  57.052  58.462  59.842  61.185  62.481  63.722  64.895  65.987  66.986  67.876  68.640  69.264  69.732  70.033
  52.734  54.219  55.692  57.149  58.585  59.991  61.360  62.684  63.952  65.153  66.273  67.299  68.213  69.001  69.644  70.127  70.438
  52.755  54.263  55.760  57.242  58.702  60.135  61.531  62.882  64.178  65.407  66.556  67.609  68.549  69.360  70.023  70.522  70.843
  52.771  54.302  55.824  57.330  58.816  60.274  61.697  63.076  64.400  65.658  66.835  67.916  68.883  69.718  70.402  70.917  71.248
  52.784  54.337  55.882  57.413  58.924  60.409  61.859  63.266  64.618  65.905  67.111  68.220  69.215  70.074  70.780  71.311  71.653
  52.791  54.368  55.937  57.492  59.028  60.539  62.016  63.451  64.832  66.148  67.383  68.522  69.544  70.429  71.157  71.706  72.058
  52.795  54.394  55.986  57.566  59.127  60.664  62.169  63.631  65.042  66.387  67.652  68.820  69.871  70.783  71.533  72.100  72.464
  52.794  54.416  56.031  57.635  59.222  60.785  62.316  63.807  65.246  66.622  67.917  69.115  70.195  71.134  71.909  72.494  72.869
  52.788  54.433  56.072  57.700  59.311  60.900  62.459  63.978  65.447  66.852  68.178  69.407  70.517  71.484  72.283  72.888  73.275
  52.779  54.445  56.107  57.759  59.396  61.011  62.597  64.144  65.642  67.078  68.435  69.695  70.836  71.832  72.656  73.281  73.681
  52.764  54.453  56.138  57.814  59.476  61.117  62.730  64.305  65.833  67.299  68.688  69.980  71.152  72.178  73.028  73.674  74.088
  52.745  54.457  56.164  57.864  59.550  61.217  62.857  64.461  66.018  67.515  68.936  70.260  71.465  72.521  73.399  74.067  74.495
  52.722  54.455  56.186  57.909  59.620  61.312  62.979  64.612  66.199  67.727  69.180  70.537  71.774  72.862  73.769  74.459  74.901
  52.694  54.449  56.202  57.949  59.684  61.403  63.096  64.757  66.374  67.933  69.418  70.809  72.080  73.201  74.137  74.851  75.309
  52.662  54.438  56.214  57.984  59.744  61.487  63.208  64.897  66.543  68.134  69.652  71.077  72.382  73.537  74.503  75.242  75.716
  52.625  54.423  56.221  58.014  59.798  61.567  63.314  65.031  66.707  68.330  69.881  71.341  72.681  73.870  74.868  75.633  76.123
  52.584  54.403  56.222  58.038  59.846  61.641  63.415  65.160  66.866  68.520  70.105  71.599  72.975  74.199  75.230  76.023  76.531
  52.538  54.378  56.219  58.058  59.890  61.709  63.509  65.283  67.018  68.704  70.323  71.852  73.265  74.526  75.591  76.412  76.939
  52.488  54.349  56.211  58.073  59.928  61.772  63.598  65.400  67.165  68.882  70.535  72.100  73.551  74.849  75.950  76.800  77.347
  52.433  54.314  56.199  58.082  59.961  61.829  63.682  65.510  67.306  69.055  70.741  72.343  73.831  75.168  76.306  77.188  77.755
  52.373  54.275  56.181  58.086  59.988  61.881  63.759  65.615  67.440  69.221  70.941  72.580  74.107  75.483  76.659  77.574  78.164
  52.309  54.232  56.158  58.085  60.010  61.927  63.831  65.714  67.568  69.380  71.135  72.810  74.376  75.794  77.010  77.959  78.572
  52.241  54.183  56.130  58.079  60.026  61.967  63.896  65.806  67.689  69.533  71.322  73.034  74.641  76.100  77.357  78.343  78.981
  52.168  54.130  56.097  58.068  60.037  62.001  63.955  65.892  67.804  69.679  71.502  73.252  74.899  76.401  77.701  78.725  79.390
  52.090  54.072  56.060  58.051  60.042  62.030  64.008  65.972  67.912  69.819  71.676  73.463  75.150  76.696  78.041  79.106  79.798
  52.008  54.009  56.017  58.029  60.042  62.052  64.055  66.045  68.014  69.951  71.842  73.666  75.395  76.986  78.377  79.484  80.207
  51.922  53.942  55.969  58.001  60.036  62.069  64.096  66.112  68.108  70.075  72.000  73.862  75.633  77.269  78.708  79.860  80.616
  51.830  53.869  55.916  57.969  60.024  62.080  64.130  66.171  68.195  70.193  72.151  74.050  75.863  77.546  79.034  80.234  81.024
  51.735  53.792  55.858  57.931  60.007  62.084  64.158  66.224  68.275  70.302  72.294  74.230  76.085  77.815  79.355  80.605  81.432
  51.635  53.711  55.796  57.888  59.985  62.083  64.180  66.270  68.348  70.404  72.428  74.402  76.298  78.076  79.669  80.972  81.840
  51.530  53.624  55.728  57.839  59.956  62.076  64.195  66.309  68.413  70.498  72.554  74.564  76.503  78.329  79.977  81.336  82.248
  51.421  53.533  55.655  57.785  59.922  62.062  64.204  66.342  68.471  70.584  72.672  74.718  76.698  78.574  80.277  81.695  82.655
  51.307  53.437  55.577  57.726  59.882  62.043  64.206  66.367  68.521  70.662  72.781  74.862  76.884  78.808  80.569  82.049  83.061
  51.189  53.336  55.494  57.662  59.837  62.018  64.201  66.385  68.564  70.732  72.881  74.997  77.060  79.033  80.851  82.397  83.466
  51.067  53.231  55.407  57.592  59.786  61.986  64.190  66.396  68.598  70.793  72.971  75.121  77.224  79.246  81.124  82.739  83.869
  50.940  53.121  55.314  57.517  59.729  61.948  64.173  66.399  68.625  70.845  73.052  75.236  77.378  79.448  81.386  83.072  84.271
