  126.314  126.410  126.471  126.503  126.507  126.485  126.439  126.368  126.273  126.154  126.012  125.846  125.655  125.439  125.197  124.925  124.620
  128.333  128.405  128.449  128.465  128.453  128.415  128.351  128.260  128.142  127.998  127.828  127.631  127.407  127.157  126.880  126.576  126.244
  130.196  130.273  130.319  130.336  130.323  130.280  130.207  130.103  129.968  129.802  129.606  129.378  129.119  128.829  128.508  128.156  127.774
  131.912  132.004  132.065  132.092  132.085  132.045  131.969  131.858  131.711  131.528  131.308  131.051  130.757  130.426  130.059  129.655  129.214
  133.550  133.665  133.746  133.789  133.795  133.763  133.691  133.578  133.425  133.229  132.990  132.708  132.382  132.012  131.599  131.142  130.642
  135.136  135.280  135.386  135.451  135.475  135.457  135.394  135.285  135.130  134.926  134.673  134.370  134.017  133.612  133.155  132.647  132.088
  136.683  136.859  136.995  137.087  137.134  137.135  137.086  136.987  136.836  136.630  136.368  136.050  135.673  135.237  134.741  134.184  133.568
  138.196  138.409  138.579  138.702  138.777  138.801  138.773  138.689  138.547  138.345  138.080  137.752  137.357  136.895  136.363  135.762  135.091
  139.678  139.932  140.139  140.298  140.405  140.458  140.455  140.391  140.265  140.072  139.811  139.479  139.072  138.589  138.028  137.387  136.671
  141.132  141.428  141.677  141.875  142.019  142.106  142.132  142.094  141.989  141.813  141.562  141.232  140.820  140.323  139.738  139.067  138.300
  142.558  142.900  143.193  143.433  143.618  143.743  143.804  143.798  143.720  143.566  143.331  143.010  142.600  142.096  141.499  140.795  139.987
  143.460  143.846  144.181  144.461  144.683  144.842  144.933  144.953  144.896  144.758  144.532  144.214  143.798  143.278  142.656  141.914  141.053
  144.088  144.520  144.898  145.217  145.475  145.666  145.786  145.830  145.791  145.665  145.445  145.124  144.696  144.162  143.500  142.709  141.785
  144.552  145.032  145.453  145.812  146.106  146.329  146.477  146.543  146.522  146.406  146.189  145.863  145.419  144.860  144.158  143.311  142.313
  144.871  145.399  145.865  146.265  146.594  146.849  147.023  147.111  147.105  146.998  146.781  146.445  145.982  145.393  144.643  143.733  142.650
  145.594  146.170  146.682  147.126  147.497  147.791  148.002  148.123  148.146  148.062  147.863  147.538  147.089  146.480  145.708  144.761  143.623
  147.079  147.703  148.265  148.760  149.185  149.534  149.800  149.977  150.055  150.027  149.882  149.608  149.205  148.638  147.900  146.978  145.853
  148.511  149.185  149.799  150.349  150.830  151.236  151.561  151.798  151.937  151.969  151.883  151.667  151.320  150.802  150.109  149.222  148.121
  149.896  150.621  151.289  151.894  152.433  152.900  153.287  153.586  153.790  153.888  153.867  153.716  153.432  152.974  152.336  151.496  150.431
  151.237  152.014  152.736  153.399  153.998  154.527  154.978  155.344  155.616  155.784  155.835  155.755  155.541  155.153  154.580  153.799  152.784
  152.536  153.366  154.144  154.865  155.525  156.118  156.635  157.071  157.415  157.657  157.784  157.782  157.646  157.336  156.839  156.129  155.179
  153.788  154.679  155.513  156.294  157.016  157.674  158.260  158.767  159.185  159.505  159.713  159.794  159.744  159.520  159.110  158.485  157.614
  155.010  155.955  156.846  157.686  158.471  159.195  159.851  160.431  160.927  161.328  161.620  161.791  161.832  161.703  161.390  160.862  160.086
  156.196  157.189  158.143  159.043  159.891  160.682  161.409  162.064  162.639  163.123  163.504  163.768  163.907  163.881  163.674  163.256  162.589
  157.349  158.394  159.405  160.366  161.277  162.135  162.933  163.664  164.320  164.890  165.363  165.723  165.965  166.049  165.958  165.660  165.118
  158.468  159.567  160.634  161.654  162.629  163.554  164.424  165.232  165.969  166.627  167.193  167.655  168.004  168.203  168.236  168.070  167.667
  159.555  160.707  161.824  162.909  163.947  164.940  165.882  166.766  167.586  168.333  168.995  169.559  170.020  170.340  170.503  170.478  170.227
  160.612  161.815  162.988  164.132  165.233  166.292  167.306  168.267  169.170  170.006  170.765  171.435  172.009  172.454  172.754  172.879  172.792
  161.639  162.894  164.121  165.318  166.486  167.612  168.697  169.735  170.720  171.646  172.502  173.278  173.969  174.542  174.983  175.265  175.351
  162.637  163.942  165.223  166.478  167.708  168.899  170.054  171.168  172.236  173.251  174.205  175.088  175.888  176.600  177.186  177.630  177.898
  163.607  164.963  166.296  167.607  168.898  170.154  171.378  172.568  173.718  174.821  175.873  176.863  177.782  178.624  179.358  179.967 -179.576
  164.551  165.955  167.341  168.707  170.052  171.377  172.670  173.934  175.164  176.356  177.504  178.601  179.638 -179.388 -178.506 -177.728 -177.079
  165.469  166.920  168.357  169.777  171.180  172.568  173.929  175.266  176.575  177.854  179.098 -179.700 -178.546 -177.440 -176.410 -175.463 -174.619
  166.361  167.859  169.346  170.820  172.279  173.729  175.156  176.564  177.952  179.316 -179.346 -178.040 -176.770 -175.535 -174.357 -173.241 -172.203
  167.229  168.773  170.308  171.834  173.350  174.854  176.351  177.830  179.294 -179.258 -177.829 -176.420 -175.036 -173.673 -172.350 -171.067 -169.836
  168.073  169.662  171.245  172.821  174.392  175.955  177.515  179.062 -179.399 -177.870 -176.350 -174.841 -173.345 -171.864 -170.391 -168.945 -167.524
  168.894  170.527  172.156  173.783  175.406  177.026  178.648 -179.738 -178.127 -176.517 -174.910 -173.304 -171.699 -170.095 -168.484 -166.878 -165.271
  169.694  171.369  173.043  174.718  176.393  178.069  179.746 -178.570 -176.888 -175.201 -173.508 -171.807 -170.097 -168.374 -166.628 -164.867 -163.081
  170.471  172.188  173.907  175.628  177.354  179.084 -179.180 -177.433 -175.682 -173.920 -172.144 -170.352 -168.539 -166.702 -164.826 -162.916 -160.956
  171.228  172.985  174.747  176.515  178.289 -179.929 -178.136 -176.327 -174.510 -172.675 -170.819 -168.938 -167.027 -165.078 -163.078 -161.025 -158.900
  171.965  173.762  175.565  177.377  179.199 -178.967 -177.120 -175.256 -173.369 -171.464 -169.531 -167.565 -165.558 -163.504 -161.389 -159.194 -156.912
  172.682  174.517  176.362  178.217 -179.915 -178.032 -176.131 -174.210 -172.261 -170.287 -168.280 -166.231 -164.134 -161.977 -159.749 -157.424 -154.993
  173.380  175.253  177.137  179.034 -179.053 -177.122 -175.170 -173.193 -171.183 -169.144 -167.065 -164.937 -162.753 -160.499 -158.162 -155.715 -153.144
  174.060  175.969  177.892  179.830 -178.213 -176.236 -174.234 -172.203 -170.139 -168.033 -165.885 -163.682 -161.414 -159.068 -156.628 -154.065 -151.363
  174.723  176.667  178.627 -179.395 -177.396 -175.374 -173.324 -171.241 -169.122 -166.954 -164.740 -162.465 -160.118 -157.684 -155.146 -152.480 -149.650
  175.368  177.347  179.343 -178.641 -176.601 -174.535 -172.438 -170.306 -168.132 -165.907 -163.629 -161.285 -158.862 -156.345 -153.714 -150.946 -148.003
  175.996  178.009 -179.959 -177.906 -175.827 -173.719 -171.577 -169.397 -167.171 -164.893 -162.551 -160.141 -157.646 -155.050 -152.333 -149.469 -146.420
  176.609  178.654 -179.280 -177.190 -175.073 -172.924 -170.739 -168.512 -166.237 -163.905 -161.505 -159.033 -156.469 -153.799 -151.000 -148.047 -144.906
  177.206  179.283 -178.618 -176.493 -174.338 -172.150 -169.923 -167.652 -165.329 -162.946 -160.490 -157.958 -155.330 -152.589 -149.714 -146.677 -143.446
  177.788  179.896 -177.973 -175.814 -173.623 -171.397 -169.130 -166.815 -164.447 -162.015 -159.510 -156.917 -154.227 -151.420 -148.473 -145.359 -142.044
  178.355 -179.507 -177.344 -175.152 -172.927 -170.664 -168.358 -166.002 -163.589 -161.110 -158.555 -155.907 -153.160 -150.291 -147.277 -144.091 -140.699
  178.909 -178.925 -176.731 -174.507 -172.248 -169.950 -167.606 -165.210 -162.755 -160.231 -157.628 -154.929 -152.127 -149.199 -146.122 -142.870 -139.408
  179.448 -178.357 -176.133 -173.878 -171.587 -169.254 -166.874 -164.440 -161.945 -159.378 -156.729 -153.984 -151.127 -148.144 -145.009 -141.694 -138.168
  179.975 -177.803 -175.551 -173.265 -170.942 -168.577 -166.162 -163.691 -161.157 -158.549 -155.856 -153.066 -150.158 -147.124 -143.934 -140.563 -136.977
 -179.512 -177.262 -174.982 -172.668 -170.314 -167.917 -165.468 -162.962 -160.390 -157.743 -155.009 -152.174 -149.221 -146.137 -142.897 -139.473 -135.834
 -179.010 -176.735 -174.428 -172.085 -169.702 -167.273 -164.792 -162.252 -159.645 -156.960 -154.186 -151.310 -148.317 -145.184 -141.896 -138.424 -134.735
 -178.521 -176.220 -173.887 -171.517 -169.105 -166.646 -164.134 -161.562 -158.920 -156.199 -153.388 -150.472 -147.438 -144.262 -140.930 -137.413 -133.680
 -178.044 -175.718 -173.359 -170.962 -168.523 -166.035 -163.493 -160.889 -158.214 -155.459 -152.612 -149.659 -146.586 -143.373 -139.997 -136.439 -132.665
 -177.578 -175.228 -172.844 -170.421 -167.955 -165.439 -162.868 -160.234 -157.528 -154.740 -151.858 -148.870 -145.761 -142.510 -139.096 -135.499 -131.688
 -177.122 -174.749 -172.341 -169.893 -167.401 -164.858 -162.259 -159.596 -156.859 -154.040 -151.126 -148.105 -144.960 -141.675 -138.225 -134.593 -130.749
 -176.678 -174.282 -171.850 -169.378 -166.860 -164.292 -161.666 -158.974 -156.209 -153.359 -150.415 -147.361 -144.185 -140.866 -137.387 -133.719 -129.844
 -176.244 -173.825 -171.370 -168.874 -166.333 -163.739 -161.087 -158.368 -155.575 -152.697 -149.723 -146.640 -143.432 -140.083 -136.573 -132.876 -128.973
 -175.819 -173.379 -170.902 -168.383 -165.817 -163.199 -160.522 -157.778 -154.958 -152.052 -149.050 -145.938 -142.702 -139.324 -135.786 -132.061 -128.133
 -175.405 -172.943 -170.444 -167.903 -165.315 -162.673 -159.971 -157.202 -154.357 -151.425 -148.396 -145.257 -141.994 -138.589 -135.024 -131.278 -127.323
 -174.999 -172.517 -169.997 -167.434 -164.823 -162.159 -159.434 -156.641 -153.771 -150.814 -147.760 -144.595 -141.306 -137.876 -134.286 -130.517 -126.542
 -174.603 -172.101 -169.560 -166.976 -164.344 -161.657 -158.909 -156.093 -153.199 -150.219 -147.140 -143.951 -140.638 -137.184 -133.572 -129.782 -125.792
 -174.216 -171.694 -169.133 -166.528 -163.875 -161.167 -158.397 -155.559 -152.642 -149.639 -146.537 -143.325 -139.989 -136.513 -132.880 -129.070 -125.064
 -173.837 -171.296 -168.715 -166.091 -163.417 -160.688 -157.898 -155.037 -152.099 -149.074 -145.950 -142.716 -139.358 -135.861 -132.209 -128.382 -124.360
 -173.467 -170.906 -168.307 -165.663 -162.970 -160.221 -157.410 -154.529 -151.570 -148.523 -145.378 -142.123 -138.745 -135.229 -131.558 -127.715 -123.680
 -173.105 -170.526 -167.907 -165.245 -162.532 -159.764 -156.933 -154.032 -151.053 -147.986 -144.821 -141.546 -138.149 -134.614 -130.926 -127.069 -123.022
 -172.750 -170.153 -167.517 -164.836 -162.104 -159.317 -156.467 -153.547 -150.548 -147.462 -144.278 -140.984 -137.568 -134.017 -130.313 -126.442 -122.385
 -172.404 -169.789 -167.135 -164.435 -161.686 -158.880 -156.012 -153.073 -150.056 -146.951 -143.748 -140.437 -137.004 -133.436 -129.718 -125.834 -121.768
 -172.064 -169.432 -166.761 -164.044 -161.277 -158.453 -155.567 -152.610 -149.575 -146.452 -143.232 -139.903 -136.454 -132.871 -129.140 -125.245 -121.170
 -171.732 -169.083 -166.395 -163.661 -160.876 -158.035 -155.132 -152.157 -149.105 -145.965 -142.728 -139.383 -135.919 -132.322 -128.578 -124.672 -120.590
 -171.407 -168.742 -166.036 -163.286 -160.485 -157.627 -154.706 -151.715 -148.646 -145.490 -142.237 -138.876 -135.397 -131.787 -128.031 -124.116 -120.027
 -171.089 -168.407 -165.686 -162.919 -160.101 -157.227 -154.290 -151.283 -148.197 -145.025 -141.757 -138.382 -134.889 -131.266 -127.499 -123.576 -119.481
