  51.668  51.786  51.885  51.972  52.050  52.121  52.186  52.244  52.297  52.344  52.386  52.423  52.454  52.479  52.499  52.512  52.519  52.519  52.510  52.493  52.466  52.424  52.361
  52.030  52.135  52.233  52.326  52.412  52.493  52.569  52.640  52.705  52.764  52.818  52.866  52.908  52.944  52.973  52.996  53.013  53.022  53.024  53.018  53.005  52.983  52.951
  52.301  52.418  52.530  52.637  52.738  52.834  52.925  53.010  53.088  53.164  53.230  53.290  53.343  53.389  53.428  53.460  53.484  53.500  53.508  53.508  53.500  53.483  53.457
  52.523  52.657  52.787  52.911  53.029  53.144  53.251  53.351  53.445  53.531  53.611  53.683  53.747  53.803  53.851  53.890  53.921  53.943  53.956  53.960  53.954  53.939  53.913
  52.722  52.875  53.023  53.168  53.304  53.434  53.558  53.674  53.783  53.884  53.977  54.061  54.137  54.203  54.260  54.307  54.344  54.371  54.388  54.395  54.391  54.376  54.350
  52.907  53.080  53.249  53.411  53.566  53.714  53.855  53.987  54.112  54.228  54.334  54.431  54.518  54.594  54.660  54.715  54.758  54.791  54.811  54.820  54.818  54.803  54.776
  53.082  53.277  53.464  53.645  53.819  53.986  54.144  54.294  54.434  54.564  54.685  54.794  54.893  54.979  55.054  55.117  55.167  55.205  55.229  55.241  55.239  55.223  55.195
  53.251  53.465  53.673  53.873  54.067  54.252  54.428  54.594  54.751  54.896  55.031  55.153  55.264  55.361  55.445  55.516  55.572  55.615  55.643  55.657  55.656  55.640  55.609
  53.412  53.646  53.875  54.096  54.308  54.512  54.707  54.890  55.063  55.224  55.373  55.509  55.631  55.739  55.833  55.911  55.975  56.022  56.054  56.070  56.070  56.053  56.020
  53.567  53.823  54.072  54.313  54.546  54.769  54.981  55.183  55.372  55.549  55.713  55.862  55.996  56.115  56.218  56.305  56.375  56.428  56.464  56.481  56.482  56.464  56.429
  53.716  53.994  54.264  54.526  54.778  55.021  55.252  55.472  55.678  55.871  56.049  56.212  56.359  56.489  56.602  56.697  56.774  56.832  56.871  56.891  56.892  56.874  56.836
  53.761  54.061  54.352  54.635  54.907  55.168  55.418  55.654  55.876  56.083  56.275  56.450  56.607  56.747  56.868  56.969  57.050  57.112  57.152  57.171  57.170  57.147  57.103
  53.746  54.069  54.383  54.687  54.979  55.260  55.527  55.780  56.018  56.240  56.444  56.631  56.798  56.946  57.074  57.180  57.265  57.328  57.368  57.385  57.379  57.350  57.296
  53.692  54.040  54.378  54.704  55.018  55.318  55.603  55.873  56.127  56.363  56.580  56.778  56.955  57.111  57.245  57.356  57.444  57.507  57.546  57.559  57.547  57.509  57.444
  53.602  53.978  54.341  54.690  55.025  55.345  55.650  55.937  56.206  56.456  56.687  56.896  57.082  57.246  57.386  57.501  57.590  57.653  57.689  57.697  57.677  57.628  57.550
  53.608  54.008  54.393  54.764  55.120  55.460  55.783  56.087  56.373  56.638  56.882  57.103  57.300  57.473  57.621  57.741  57.834  57.899  57.935  57.942  57.917  57.862  57.774
  53.797  54.214  54.618  55.007  55.381  55.739  56.080  56.402  56.704  56.986  57.245  57.480  57.691  57.876  58.034  58.165  58.266  58.338  58.380  58.390  58.369  58.315  58.229
  53.973  54.409  54.831  55.240  55.633  56.009  56.368  56.708  57.028  57.326  57.600  57.850  58.075  58.272  58.442  58.582  58.692  58.770  58.818  58.832  58.813  58.761  58.675
  54.140  54.594  55.036  55.464  55.876  56.272  56.650  57.008  57.345  57.659  57.950  58.215  58.453  58.663  58.844  58.994  59.112  59.198  59.250  59.268  59.252  59.201  59.114
  54.297  54.771  55.232  55.680  56.112  56.527  56.924  57.301  57.656  57.987  58.294  58.574  58.826  59.049  59.241  59.401  59.528  59.620  59.678  59.700  59.686  59.635  59.547
  54.446  54.940  55.421  55.889  56.341  56.776  57.192  57.588  57.961  58.310  58.633  58.929  59.195  59.431  59.635  59.805  59.940  60.040  60.103  60.128  60.116  60.065  59.976
  54.587  55.101  55.603  56.091  56.563  57.018  57.454  57.869  58.261  58.628  58.968  59.279  59.560  59.809  60.025  60.205  60.349  60.456  60.524  60.553  60.543  60.492  60.402
  54.721  55.256  55.778  56.287  56.780  57.255  57.711  58.145  58.556  58.941  59.298  59.626  59.922  60.184  60.412  60.603  60.755  60.869  60.943  60.975  60.966  60.916  60.823
  54.848  55.404  55.947  56.477  56.991  57.487  57.963  58.417  58.847  59.250  59.625  59.969  60.280  60.556  60.796  60.997  61.159  61.280  61.359  61.395  61.388  61.337  61.242
  54.969  55.546  56.111  56.661  57.196  57.713  58.210  58.684  59.133  59.555  59.948  60.308  60.635  60.925  61.177  61.390  61.561  61.689  61.773  61.813  61.807  61.755  61.658
  55.084  55.682  56.268  56.840  57.397  57.935  58.452  58.947  59.416  59.857  60.267  60.645  60.987  61.292  61.557  61.780  61.961  62.096  62.186  62.229  62.224  62.172  62.072
  55.193  55.812  56.420  57.014  57.592  58.151  58.690  59.205  59.694  60.154  60.583  60.978  61.336  61.656  61.934  62.169  62.359  62.502  62.597  62.643  62.640  62.587  62.485
  55.297  55.937  56.566  57.182  57.782  58.363  58.923  59.459  59.968  60.448  60.895  61.308  61.683  62.017  62.309  62.555  62.755  62.906  63.007  63.056  63.054  63.001  62.895
  55.394  56.057  56.708  57.345  57.967  58.570  59.151  59.708  60.238  60.738  61.205  61.635  62.027  62.377  62.682  62.940  63.150  63.309  63.415  63.468  63.468  63.413  63.304
  55.487  56.171  56.844  57.503  58.147  58.772  59.375  59.954  60.505  61.025  61.511  61.960  62.368  62.734  63.053  63.324  63.543  63.710  63.823  63.879  63.880  63.824  63.711
  55.574  56.279  56.974  57.656  58.322  58.970  59.595  60.195  60.767  61.308  61.814  62.281  62.707  63.089  63.422  63.705  63.936  64.111  64.229  64.289  64.291  64.234  64.118
  55.655  56.383  57.100  57.805  58.493  59.163  59.810  60.433  61.026  61.588  62.114  62.600  63.044  63.442  63.790  64.086  64.327  64.510  64.635  64.699  64.701  64.642  64.523
  55.732  56.481  57.221  57.948  58.659  59.351  60.021  60.666  61.281  61.864  62.410  62.916  63.378  63.793  64.156  64.465  64.717  64.909  65.039  65.107  65.111  65.050  64.927
  55.803  56.574  57.337  58.086  58.820  59.535  60.228  60.895  61.532  62.137  62.704  63.229  63.710  64.141  64.520  64.843  65.106  65.307  65.444  65.515  65.520  65.458  65.330
  55.869  56.663  57.447  58.219  58.976  59.714  60.430  61.120  61.780  62.406  62.994  63.540  64.039  64.488  64.883  65.219  65.494  65.704  65.847  65.922  65.928  65.864  65.732
  55.930  56.746  57.553  58.348  59.128  59.889  60.628  61.340  62.023  62.671  63.281  63.847  64.366  64.833  65.243  65.594  65.880  66.100  66.250  66.329  66.336  66.270  66.133
  55.986  56.824  57.653  58.471  59.274  60.059  60.821  61.557  62.262  62.933  63.564  64.152  64.690  65.175  65.603  65.968  66.266  66.496  66.653  66.736  66.743  66.676  66.533
  56.036  56.897  57.749  58.590  59.416  60.224  61.010  61.769  62.498  63.191  63.845  64.453  65.012  65.516  65.960  66.340  66.651  66.891  67.055  67.142  67.150  67.080  66.933
  56.082  56.965  57.840  58.704  59.553  60.384  61.194  61.977  62.729  63.446  64.122  64.752  65.331  65.854  66.316  66.711  67.036  67.285  67.456  67.547  67.557  67.485  67.332
  56.123  57.028  57.925  58.812  59.685  60.540  61.373  62.180  62.956  63.696  64.395  65.048  65.648  66.191  66.670  67.081  67.419  67.679  67.858  67.953  67.963  67.889  67.730
  56.159  57.086  58.006  58.916  59.812  60.691  61.548  62.379  63.179  63.943  64.665  65.340  65.962  66.525  67.023  67.450  67.801  68.072  68.258  68.358  68.369  68.292  68.127
  56.189  57.138  58.081  59.015  59.934  60.837  61.719  62.574  63.398  64.186  64.932  65.629  66.273  66.856  67.373  67.817  68.182  68.464  68.659  68.763  68.775  68.695  68.524
  56.215  57.186  58.152  59.108  60.052  60.978  61.884  62.764  63.612  64.424  65.194  65.915  66.582  67.186  67.722  68.183  68.563  68.856  69.059  69.168  69.181  69.098  68.920
  56.236  57.229  58.217  59.197  60.164  61.115  62.045  62.949  63.822  64.659  65.453  66.198  66.887  67.513  68.069  68.547  68.942  69.248  69.459  69.573  69.586  69.500  69.315
  56.251  57.267  58.277  59.280  60.271  61.246  62.200  63.129  64.028  64.889  65.708  66.477  67.189  67.837  68.414  68.910  69.321  69.639  69.859  69.977  69.992  69.902  69.710
  56.262  57.299  58.333  59.359  60.373  61.372  62.351  63.305  64.229  65.115  65.959  66.753  67.489  68.159  68.756  69.272  69.699  70.029  70.258  70.382  70.397  70.304  70.104
  56.268  57.327  58.383  59.432  60.470  61.493  62.497  63.476  64.425  65.337  66.206  67.025  67.785  68.479  69.097  69.632  70.075  70.419  70.658  70.786  70.802  70.705  70.498
  56.268  57.349  58.428  59.500  60.562  61.609  62.637  63.642  64.616  65.554  66.449  67.293  68.078  68.795  69.436  69.991  70.451  70.808  71.057  71.190  71.207  71.106  70.890
  56.264  57.367  58.468  59.563  60.648  61.720  62.773  63.802  64.802  65.766  66.687  67.557  68.367  69.109  69.772  70.348  70.825  71.197  71.455  71.595  71.612  71.507  71.282
  56.255  57.379  58.502  59.620  60.729  61.825  62.903  63.958  64.984  65.974  66.921  67.817  68.653  69.420  70.106  70.703  71.199  71.585  71.854  71.999  72.017  71.908  71.673
  56.240  57.386  58.532  59.672  60.805  61.925  63.028  64.108  65.160  66.177  67.151  68.073  68.936  69.727  70.438  71.056  71.571  71.973  72.252  72.403  72.422  72.308  72.064
  56.221  57.389  58.556  59.719  60.875  62.020  63.148  64.253  65.331  66.375  67.375  68.325  69.214  70.032  70.767  71.407  71.942  72.360  72.651  72.808  72.827  72.708  72.454
  56.197  57.386  58.575  59.761  60.940  62.109  63.262  64.393  65.497  66.567  67.595  68.572  69.488  70.333  71.093  71.757  72.312  72.746  73.049  73.212  73.232  73.108  72.843
  56.168  57.378  58.589  59.797  61.000  62.193  63.370  64.527  65.658  66.755  67.810  68.815  69.759  70.630  71.416  72.104  72.680  73.132  73.447  73.617  73.637  73.507  73.230
  56.134  57.364  58.597  59.828  61.054  62.271  63.473  64.656  65.813  66.937  68.020  69.053  70.025  70.924  71.737  72.449  73.047  73.516  73.844  74.021  74.042  73.906  73.617
  56.094  57.346  58.600  59.854  61.103  62.343  63.570  64.779  65.962  67.114  68.225  69.286  70.286  71.214  72.054  72.792  73.413  73.900  74.242  74.426  74.447  74.305  74.003
  56.050  57.323  58.598  59.874  61.146  62.410  63.662  64.896  66.106  67.285  68.424  69.514  70.543  71.500  72.368  73.132  73.777  74.284  74.639  74.831  74.853  74.703  74.388
  56.001  57.294  58.591  59.889  61.184  62.471  63.748  65.007  66.244  67.450  68.617  69.737  70.796  71.781  72.678  73.470  74.139  74.666  75.036  75.236  75.258  75.101  74.772
  55.947  57.261  58.579  59.898  61.215  62.527  63.828  65.113  66.376  67.609  68.805  69.954  71.043  72.058  72.985  73.805  74.499  75.047  75.433  75.641  75.663  75.499  75.155
  55.888  57.222  58.561  59.902  61.242  62.577  63.902  65.212  66.501  67.763  68.987  70.165  71.285  72.331  73.288  74.137  74.857  75.428  75.829  76.046  76.069  75.896  75.536
  55.824  57.178  58.538  59.900  61.262  62.620  63.970  65.305  66.621  67.910  69.163  70.371  71.521  72.599  73.587  74.466  75.213  75.807  76.226  76.451  76.474  76.293  75.915
  55.756  57.129  58.509  59.893  61.277  62.658  64.032  65.392  66.735  68.051  69.333  70.571  71.752  72.861  73.881  74.791  75.567  76.185  76.621  76.857  76.880  76.689  76.293
  55.682  57.075  58.475  59.880  61.287  62.690  64.088  65.473  66.842  68.186  69.497  70.765  71.977  73.119  74.171  75.113  75.918  76.562  77.017  77.263  77.286  77.084  76.670
  55.604  57.016  58.436  59.862  61.290  62.717  64.138  65.548  66.942  68.314  69.654  70.952  72.196  73.371  74.456  75.431  76.267  76.937  77.412  77.668  77.691  77.479  77.044
  55.520  56.952  58.392  59.839  61.288  62.737  64.181  65.616  67.037  68.435  69.804  71.133  72.409  73.617  74.736  75.744  76.613  77.311  77.807  78.074  78.097  77.873  77.416
  55.432  56.883  58.343  59.809  61.280  62.751  64.219  65.678  67.124  68.550  69.947  71.307  72.615  73.856  75.011  76.054  76.956  77.683  78.201  78.481  78.503  78.267  77.786
  55.339  56.808  58.288  59.775  61.266  62.759  64.250  65.733  67.205  68.658  70.084  71.474  72.814  74.090  75.280  76.359  77.295  78.053  78.595  78.887  78.909  78.659  78.154
  55.241  56.729  58.228  59.735  61.247  62.761  64.275  65.782  67.279  68.759  70.213  71.634  73.007  74.317  75.543  76.658  77.631  78.421  78.988  79.294  79.315  79.050  78.518
  55.138  56.645  58.162  59.689  61.222  62.758  64.293  65.824  67.346  68.852  70.335  71.786  73.192  74.536  75.799  76.953  77.962  78.787  79.380  79.700  79.721  79.440  78.880
  55.031  56.556  58.092  59.638  61.191  62.748  64.305  65.860  67.406  68.939  70.450  71.931  73.369  74.749  76.049  77.241  78.290  79.150  79.771  80.107  80.127  79.828  79.238
  54.919  56.461  58.016  59.581  61.154  62.732  64.311  65.889  67.459  69.018  70.557  72.068  73.539  74.953  76.291  77.523  78.612  79.510  80.162  80.515  80.533  80.215  79.592
  54.802  56.362  57.935  59.519  61.111  62.710  64.311  65.911  67.505  69.089  70.656  72.197  73.700  75.150  76.526  77.799  78.930  79.867  80.551  80.922  80.939  80.601  79.941
  54.681  56.258  57.849  59.452  61.063  62.681  64.303  65.926  67.544  69.154  70.748  72.318  73.853  75.339  76.753  78.067  79.241  80.221  80.939  81.329  81.345  80.984  80.286
  54.554  56.149  57.758  59.379  61.009  62.647  64.290  65.934  67.576  69.210  70.831  72.430  73.998  75.518  76.971  78.328  79.547  80.570  81.326  81.737  81.751  81.364  80.626
  54.423  56.035  57.661  59.300  60.949  62.607  64.270  65.936  67.600  69.259  70.906  72.535  74.133  75.689  77.181  78.581  79.845  80.915  81.711  82.145  82.157  81.742  80.960
  54.288  55.917  57.560  59.216  60.884  62.561  64.244  65.931  67.617  69.300  70.973  72.630  74.260  75.850  77.381  78.824  80.137  81.255  82.093  82.553  82.562  82.117  81.286
  54.148  55.793  57.453  59.127  60.813  62.508  64.211  65.918  67.627  69.334  71.032  72.716  74.377  76.002  77.572  79.059  80.420  81.589  82.474  82.961  82.967  82.488  81.606
  54.003  55.665  57.342  59.033  60.736  62.450  64.172  65.899  67.630  69.359  71.082  72.794  74.485  76.143  77.752  79.283  80.694  81.917  82.851  83.370  83.371  82.854  81.916
  53.854  55.532  57.225  58.933  60.654  62.385  64.126  65.874  67.625  69.376  71.124  72.862  74.583  76.275  77.921  79.496  80.958  82.237  83.225  83.778  83.775  83.215  82.217
  53.701  55.394  57.103  58.828  60.566  62.315  64.074  65.841  67.612  69.386  71.157  72.921  74.670  76.395  78.079  79.699  81.212  82.549  83.596  84.186  84.178  83.570  82.507
  53.542  55.251  56.977  58.717  60.472  62.239  64.016  65.801  67.593  69.387  71.182  72.971  74.748  76.504  78.226  79.888  81.454  82.852  83.961  84.594  84.579  83.918  82.785
  53.380  55.104  56.845  58.602  60.373  62.156  63.951  65.755  67.565  69.381  71.197  73.011  74.815  76.602  78.360  80.065  81.683  83.144  84.321  85.002  84.979  84.257  83.049
  53.213  54.952  56.709  58.481  60.268  62.068  63.880  65.701  67.531  69.366  71.204  73.041  74.872  76.689  78.481  80.229  81.898  83.423  84.673  85.410  85.377  84.586  83.297
  53.043  54.796  56.567  58.355  60.157  61.974  63.802  65.641  67.489  69.343  71.202  73.062  74.918  76.763  78.589  80.378  82.098  83.689  85.017  85.817  85.773  84.902  83.528
  52.867  54.635  56.421  58.224  60.042  61.874  63.718  65.574  67.439  69.313  71.191  73.073  74.953  76.826  78.683  80.511  82.282  83.939  85.350  86.223  86.164  85.203  83.740
  52.687  54.469  56.270  58.088  59.920  61.768  63.628  65.500  67.383  69.274  71.172  73.074  74.977  76.876  78.764  80.629  82.448  84.170  85.670  86.628  86.550  85.485  83.930
  52.502  54.299  56.114  57.946  59.794  61.656  63.532  65.420  67.319  69.227  71.143  73.065  74.990  76.913  78.830  80.731  82.595  84.381  85.974  87.031  86.929  85.746  84.096
  52.314  54.125  55.954  57.800  59.662  61.539  63.429  65.332  67.247  69.172  71.106  73.046  74.991  76.938  78.882  80.815  82.723  84.570  86.256  87.430  87.298  85.980  84.236
  52.121  53.946  55.789  57.649  59.525  61.416  63.321  65.239  67.169  69.109  71.060  73.018  74.982  76.950  78.919  80.882  82.829  84.733  86.513  87.825  87.650  86.182  84.349
  51.924  53.762  55.619  57.493  59.382  61.287  63.206  65.138  67.083  69.039  71.005  72.980  74.962  76.950  78.941  80.931  82.913  84.868  86.738  88.210  87.978  86.347  84.431
  51.722  53.575  55.445  57.331  59.234  61.152  63.085  65.031  66.990  68.960  70.941  72.931  74.930  76.936  78.947  80.961  82.973  84.973  86.924  88.578  88.267  86.470  84.483
  51.517  53.383  55.266  57.165  59.081  61.013  62.958  64.918  66.890  68.874  70.869  72.874  74.888  76.910  78.939  80.973  83.010  85.046  87.062  88.912  88.495  86.546  84.502
  51.307  53.186  55.082  56.995  58.923  60.867  62.826  64.798  66.783  68.780  70.788  72.806  74.834  76.870  78.915  80.966  83.023  85.085  87.147  89.168  88.630  86.571  84.488
  51.094  52.987  54.894  56.819  58.760  60.716  62.687  64.671  66.669  68.678  70.698  72.729  74.769  76.818  78.876  80.940  83.012  85.089  87.172  89.259  88.643  86.545  84.441
  50.876  52.782  54.702  56.639  58.592  60.560  62.543  64.539  66.548  68.568  70.600  72.642  74.693  76.754  78.821  80.896  82.976  85.059  87.137  89.131  88.530  86.468  84.363
  50.654  52.573  54.505  56.454  58.419  60.399  62.393  64.400  66.420  68.451  70.494  72.546  74.607  76.676  78.752  80.833  82.916  84.994  87.042  88.854  88.317  86.343  84.254
  50.429  52.359  54.304  56.265  58.241  60.232  62.237  64.255  66.285  68.327  70.379  72.440  74.510  76.587  78.668  80.752  82.832  84.895  86.894  88.509  88.035  86.174  84.116
  50.201  52.142  54.098  56.071  58.058  60.060  62.075  64.104  66.144  68.195  70.256  72.326  74.403  76.485  78.570  80.653  82.725  84.766  86.699  88.133  87.709  85.968  83.950
  49.968  51.920  53.888  55.872  57.870  59.883  61.908  63.947  65.996  68.056  70.125  72.202  74.285  76.371  78.457  80.537  82.597  84.607  86.465  87.742  87.356  85.729  83.759
  49.731  51.695  53.674  55.669  57.678  59.700  61.736  63.784  65.842  67.910  69.987  72.070  74.157  76.246  78.331  80.404  82.448  84.421  86.199  87.340  86.984  85.462  83.545
  49.490  51.465  53.456  55.461  57.481  59.513  61.558  63.615  65.681  67.757  69.840  71.928  74.019  76.109  78.191  80.255  82.278  84.210  85.907  86.933  86.600  85.172  83.310
  49.245  51.231  53.234  55.249  57.279  59.321  61.375  63.440  65.514  67.597  69.686  71.779  73.872  75.961  78.039  80.091  82.091  83.978  85.594  86.522  86.206  84.862  83.056
  48.997  50.994  53.009  55.033  57.072  59.124  61.186  63.259  65.341  67.430  69.524  71.620  73.715  75.802  77.873  79.912  81.885  83.726  85.264  86.109  85.806  84.536  82.784
  48.744  50.752  52.778  54.813  56.861  58.922  60.993  63.073  65.162  67.257  69.355  71.454  73.549  75.633  77.696  79.718  81.664  83.456  84.919  85.692  85.401  84.196  82.497
  48.489  50.507  52.543  54.588  56.646  58.715  60.794  62.882  64.977  67.077  69.179  71.280  73.374  75.454  77.507  79.512  81.428  83.171  84.564  85.274  84.992  83.844  82.196
  48.229  50.260  52.304  54.359  56.426  58.503  60.590  62.685  64.785  66.890  68.995  71.097  73.190  75.264  77.307  79.293  81.177  82.872  84.199  84.855  84.580  83.483  81.883
  47.966  50.007  52.061  54.125  56.201  58.287  60.381  62.482  64.588  66.697  68.805  70.907  72.997  75.066  77.096  79.062  80.914  82.561  83.826  84.434  84.165  83.113  81.558
  47.699  49.751  51.814  53.888  55.972  58.066  60.167  62.274  64.386  66.498  68.608  70.710  72.797  74.858  76.875  78.819  80.639  82.239  83.447  84.012  83.748  82.736  81.224
  47.428  49.491  51.563  53.647  55.739  57.840  59.948  62.062  64.177  66.293  68.404  70.505  72.588  74.641  76.644  78.566  80.353  81.907  83.062  83.589  83.328  82.352  80.880
  47.154  49.227  51.309  53.401  55.502  57.611  59.725  61.843  63.964  66.082  68.194  70.293  72.371  74.415  76.404  78.303  80.057  81.567  82.672  83.165  82.907  81.963  80.528
  46.877  48.959  51.050  53.152  55.261  57.376  59.497  61.620  63.744  65.865  67.977  70.074  72.147  74.181  76.154  78.031  79.752  81.219  82.278  82.739  82.484  81.569  80.169
